training_loss,validation_loss,precision,recall,f1,accuracy
1.3219503313302994,0.6092523336410522,0.8979245754245754,0.8837371887371889,0.8832400589017114,0.8816666666666667
0.5012172895173231,0.3829430341720581,0.9275430673128042,0.9236483886483886,0.9211803345290533,0.9233333333333333
0.312775660927097,0.2841666042804718,0.9385656704406705,0.9325583213083212,0.9323769792529336,0.9316666666666666
0.23252563799420992,0.22363953292369843,0.9505455655455656,0.9490013227513229,0.9480619172920628,0.9483333333333333
0.18248577074458203,0.2275160849094391,0.947738997113997,0.9416714766714765,0.941017712276015,0.9416666666666668
0.15056894533336163,0.18403184413909912,0.9488898370148372,0.9463287638287637,0.9456185704653487,0.945
0.1242142803966999,0.18710505962371826,0.9514581483331485,0.9487109187109187,0.9473091878003328,0.9483333333333333
0.1094672093167901,0.16583335399627686,0.9546706302956302,0.9521236171236173,0.9517313436093398,0.9516666666666665
0.09713850279028217,0.15000782907009125,0.9626359982609981,0.9587776575276575,0.9590225303843063,0.9583333333333334
0.0941625681395332,0.16082966327667236,0.9519930763680763,0.947994227994228,0.9468701891366357,0.9466666666666667
0.07921435901274283,0.1418972760438919,0.9606574444074444,0.9579058441558442,0.9575511777719231,0.9583333333333334
0.07093695597723126,0.12655144929885864,0.9599511137011137,0.9585341510341511,0.9580624815310058,0.9583333333333334
0.06917721987701952,0.15841957926750183,0.953870685414803,0.9454900192400193,0.945968410508062,0.9466666666666667
0.06589294884664317,0.1250356286764145,0.968214701964702,0.9649428811928812,0.9654276811715229,0.965
0.051198696019127965,0.12362691015005112,0.9595917970917971,0.9568458393458393,0.9568160582967086,0.9566666666666664
0.05297627400917312,0.1368972510099411,0.9612041662041663,0.9568446368446368,0.9561099333394573,0.9566666666666667
0.055756581869597234,0.12395215034484863,0.9606469918969919,0.9576064213564214,0.957686733917384,0.9583333333333335
0.04603743739426136,0.14615291357040405,0.9605921393421393,0.955861407111407,0.95556496186618,0.9550000000000001
0.04025056570147475,0.13189534842967987,0.958301097051097,0.9570520683020683,0.9559730056308106,0.9566666666666667
0.04109690012410283,0.12917745113372803,0.9669965682465683,0.9633692233692234,0.9634893518742849,0.9633333333333333
0.043224266497418284,0.13240563869476318,0.9638791763791764,0.9596192233692235,0.9596150448947146,0.96
0.03670218664531907,0.11327671259641647,0.9709990934990934,0.9685882635882636,0.9686599801779279,0.9683333333333333
0.03365916549228132,0.11800911277532578,0.9648289673289674,0.9620135882635882,0.9622600610794625,0.9633333333333334
0.03078089600118498,0.12249165773391724,0.9643302993302992,0.9615175565175563,0.9617070929723374,0.9616666666666666
0.028371805674396455,0.1180914044380188,0.9704068616568616,0.967728475228475,0.9678221734833437,0.9683333333333332
0.028723140014335513,0.13347506523132324,0.9661414511414511,0.9635666185666186,0.9637079769846855,0.9633333333333334
0.029110811844778556,0.1275244951248169,0.9652257002257002,0.9626539201539202,0.9626506970326686,0.9616666666666668
0.026814673483992617,0.11782845109701157,0.96753034003034,0.9652332852332853,0.965309807648301,0.965
0.027345143724232912,0.11773436516523361,0.9660341972841974,0.9631030543530543,0.9635007520572535,0.9633333333333334
0.02681217362017681,0.11866038292646408,0.9665384152884152,0.9626148388648389,0.9628396847811707,0.9633333333333333
0.026288727938663214,0.11228238791227341,0.9735372497872498,0.9713991101491101,0.9716049759000134,0.9716666666666666
0.02089950966183096,0.12935997545719147,0.9651149313649313,0.9598959836459836,0.9601194120601352,0.96
0.025305786402896047,0.12198920547962189,0.9638592888592887,0.9619594757094757,0.9612413723569554,0.9616666666666668
0.021174515481106937,0.12183769047260284,0.9640017390017389,0.9619594757094757,0.9613690466150645,0.9616666666666668
0.025052444194443524,0.12858210504055023,0.9674737762237763,0.9645719095719095,0.9646710482613878,0.965
0.019416518489985417,0.12472815811634064,0.965522903022903,0.9640428090428089,0.9632341259801439,0.9633333333333334
0.01723756225934873,0.11178277432918549,0.970003885003885,0.9679852092352093,0.9684043620638048,0.9683333333333333
0.026408064179122448,0.12744781374931335,0.9663221500721502,0.9655910293410294,0.9644004853785781,0.965
0.017597515407639246,0.12477408349514008,0.9655481555481554,0.9640428090428091,0.9633926507311442,0.9633333333333334
0.017127979391564924,0.1339198797941208,0.9666032116032116,0.9615879028379029,0.9617648298879463,0.9616666666666666
0.01691477505179743,0.13840830326080322,0.9641340141340141,0.9623761423761423,0.9616322953165283,0.9616666666666668
0.018209456272112828,0.11522015184164047,0.9708640896140897,0.9683688071188071,0.968646448762032,0.9683333333333333
0.01829210513581832,0.12176664918661118,0.9712003737003737,0.9686002886002886,0.9689300436214782,0.9683333333333334
0.018276108855692048,0.12237486243247986,0.972807239057239,0.9698238335738337,0.9702576550288512,0.9699999999999999
0.016483795693299424,0.1237034797668457,0.9711427923927926,0.9686333573833573,0.9685896279660806,0.9683333333333334
0.013963515618039915,0.1253073364496231,0.9687654475154476,0.9662133237133236,0.9662304893788719,0.9666666666666665
0.017455170755662646,0.12482774257659912,0.9655981055981057,0.9648496873496873,0.9639802589338192,0.965
0.014716775622218847,0.12246155738830566,0.9664211714211713,0.964651875901876,0.9644862218893829,0.965
0.01329400830824549,0.11904044449329376,0.9701290838790838,0.968296657046657,0.9682898043329237,0.9683333333333334
0.01450774473293374,0.11924681067466736,0.9701290838790838,0.968296657046657,0.9682898043329237,0.9683333333333334
0.0156311153259594,0.12487690150737762,0.9669370444370444,0.9640428090428089,0.9639598038110849,0.9633333333333334
0.014442825088432679,0.12029282748699188,0.9717637455137456,0.9702417027417027,0.9701305463621163,0.9699999999999999
0.010558257073474428,0.1271335333585739,0.9691495078995079,0.9650348725348725,0.9651718620256288,0.9649999999999999
0.011622906740133962,0.11988010257482529,0.9701290838790838,0.968296657046657,0.9682898043329237,0.9683333333333334
0.01344511915037098,0.12795689702033997,0.9690179727679727,0.9660618085618085,0.9662203428197281,0.9666666666666665
0.012744730406363184,0.12324988842010498,0.9711427923927926,0.9686333573833573,0.9685896279660806,0.9683333333333334
0.010181983176153153,0.12316776812076569,0.9716452991452993,0.9695003607503607,0.9699960461682765,0.9699999999999999
0.014110570220509544,0.13058829307556152,0.9701110463610464,0.966550024050024,0.9667861249556812,0.9666666666666667
0.010772541504896557,0.12371364235877991,0.9686486661486661,0.9666432178932179,0.9667893024571469,0.9666666666666667
0.011279652438436946,0.15485899150371552,0.9635776029526029,0.9568193843193843,0.956961882843114,0.9566666666666667
0.013554175170914581,0.1316525638103485,0.9667416842416842,0.9633814333814333,0.9633986765537333,0.9633333333333334
0.010161734118203944,0.13313749432563782,0.9687221574721576,0.9648833573833574,0.9651842942920655,0.965
0.009484695978850747,0.11942192167043686,0.9741604691604692,0.9713522126022126,0.9719897280380073,0.9716666666666667
0.011578811982568974,0.17019933462142944,0.9614671171908015,0.9527715802715803,0.9528468997844644,0.9516666666666665
0.008752961769156778,0.1279294192790985,0.9701110463610464,0.966550024050024,0.9667861249556812,0.9666666666666667
0.00912107121742641,0.12792867422103882,0.9701465663965664,0.9667484367484368,0.9670247556403387,0.9666666666666667
0.010240539811396351,0.1268322765827179,0.9673503348503348,0.9649765512265512,0.9652699485167403,0.965
0.010926407854033945,0.13862618803977966,0.9659714128464129,0.9615179727679727,0.9615678858050196,0.9616666666666666
0.008075504505541176,0.1278305947780609,0.9701465663965664,0.9667484367484368,0.9670247556403387,0.9666666666666667
0.009510763940246155,0.12391506135463715,0.9669819994819995,0.9651280663780665,0.9651184586810401,0.965
0.00848404517940556,0.13569888472557068,0.9688484200984201,0.9647570947570947,0.9650044061659532,0.965
0.005911443760851398,0.13298675417900085,0.9711427923927923,0.9680651755651755,0.9681529679891908,0.9683333333333333
0.008466643145463118,0.13815417885780334,0.9688484200984201,0.9647570947570947,0.9650044061659532,0.965
0.007550619290365527,0.1399858593940735,0.9677858715358716,0.9629515392015392,0.9631125470715768,0.9633333333333333
0.008577497501391917,0.13617193698883057,0.9626433751433751,0.9612981000481001,0.9602518604243487,0.9616666666666668
0.008616131778884059,0.12878596782684326,0.9704357216857217,0.9681703944203944,0.9684097398399683,0.9683333333333334
0.006776604229041065,0.15780332684516907,0.9633248890485732,0.9567741055241056,0.957035162913029,0.9566666666666667
0.006879993112913023,0.13158223032951355,0.9678868816368816,0.9653132515632517,0.9655426687806776,0.965
0.010438222554512322,0.13744354248046875,0.970237308987309,0.9664237614237613,0.9666062368295688,0.9666666666666667
0.00803499152728667,0.13176196813583374,0.967007252007252,0.9651280663780665,0.9651976183526751,0.965
0.0064854597925053286,0.13139960169792175,0.9740468327968328,0.9715373977873978,0.9716806219394275,0.9716666666666667
0.007212065053560461,0.13313230872154236,0.9724054186554186,0.9700222462722463,0.9700889378349556,0.9700000000000001
0.007589520367522103,0.15796861052513123,0.963700485244603,0.9573422873422873,0.9573563575687554,0.9566666666666667
0.010834563387713084,0.13248184323310852,0.9712454674954675,0.9688317700817701,0.9688236974392805,0.9683333333333333
0.006972183793550357,0.13400009274482727,0.9676579439079438,0.9649885762385764,0.9651267134333722,0.965
0.008379128800394634,0.13955986499786377,0.9682568357568359,0.9645719095719096,0.9648096112980015,0.965
0.00849675444381622,0.1323673129081726,0.9724054186554186,0.9700222462722463,0.9700889378349556,0.9700000000000001
0.00952410724615523,0.1371000111103058,0.9675197487697488,0.9653595478595479,0.9654096236850535,0.9649999999999999
0.007197256801494707,0.13496911525726318,0.9659083509083509,0.9634613997113998,0.9637913248411185,0.9633333333333334
0.005529924645088613,0.13659080862998962,0.9713736726236726,0.967938912938913,0.9682854348245562,0.9683333333333333
0.005736684174432109,0.1510154902935028,0.9674342786842787,0.9632419432419432,0.9634128604567603,0.9633333333333334
0.009212441553245299,0.15303146839141846,0.9650812613312613,0.9622124172124172,0.9618633059919414,0.9616666666666666
0.008418449753662571,0.1425810307264328,0.9643551356051355,0.9610666185666186,0.961388129842352,0.9616666666666668
0.004547035476813714,0.13509508967399597,0.9723801661301662,0.9700222462722463,0.9700097781633206,0.9700000000000001
0.005590104963630438,0.1337435096502304,0.9704104691604692,0.9681703944203944,0.9683305801683332,0.9683333333333334
0.005566704547770011,0.1386520117521286,0.9727353664853666,0.9700222462722463,0.9701554725119136,0.9699999999999999
0.005628937671038632,0.1473984718322754,0.9692529461279461,0.9647570947570947,0.9651081525383809,0.965
0.00903173342521768,0.1395559310913086,0.9712454674954675,0.9688317700817701,0.9688236974392805,0.9683333333333333
0.005880028329556808,0.14263929426670074,0.9712920875420875,0.968308682058682,0.9684877039654217,0.9683333333333333
0.004035620023690474,0.14674314856529236,0.9674306711806712,0.9651148388648388,0.96521876227029,0.9649999999999999
0.0043687321012839675,0.13834896683692932,0.9713736726236726,0.967938912938913,0.9682854348245562,0.9683333333333333
0.0051088399583629025,0.17098473012447357,0.960801282051282,0.9538700651200651,0.9541384546396157,0.9533333333333331
0.007319733835174702,0.14325501024723053,0.9713736726236726,0.967938912938913,0.9682854348245562,0.9683333333333333
0.0052984655533994856,0.14820407330989838,0.9665454915454915,0.9652332852332851,0.9645019322479501,0.965
0.005324105863110162,0.14132723212242126,0.9726579439079438,0.9698707311207312,0.970078791275812,0.9699999999999999
0.005165330473876868,0.14097076654434204,0.9727606190106192,0.9700222462722463,0.9702346321835487,0.9699999999999999
0.005190214185859077,0.16359151899814606,0.9645963758463759,0.958289257039257,0.9587848074367962,0.9583333333333334
0.004684067893928538,0.1569114625453949,0.9664891589891589,0.9632299182299183,0.9634760438851052,0.9633333333333334
0.005063473091771205,0.1499296873807907,0.9699847837347838,0.9662722462722463,0.9666836041609406,0.9666666666666667
0.003995332658329668,0.14472836256027222,0.9675628075628074,0.9653132515632517,0.9651958260124119,0.965
0.0043364888745903345,0.14317461848258972,0.9759223184223185,0.9728793891293891,0.9733653696552471,0.9733333333333333
0.00711654811554278,0.14074362814426422,0.9707656695156697,0.9681703944203944,0.9684762745169261,0.9683333333333333
0.004752112693192127,0.1540885865688324,0.9689557433307434,0.9650348725348725,0.9654316506776687,0.965
0.0038122764308354817,0.15116766095161438,0.9687576775076775,0.9650817700817701,0.9654229249767231,0.965
0.0049436405339899165,0.14339043200016022,0.969831326081326,0.9671651034151035,0.9671427071040299,0.9666666666666667
0.003677571701700799,0.14343950152397156,0.9710939523439523,0.9685070947570948,0.9685637884074417,0.9683333333333333
0.004904238856397569,0.1446049064397812,0.9723801661301662,0.9700222462722463,0.9700097781633206,0.9700000000000001
0.005676887361914851,0.14712899923324585,0.9739205701705703,0.9712127224627225,0.9714998725792238,0.9716666666666667
0.0049927093253548565,0.16333559155464172,0.9627403614903615,0.9600943963443965,0.9597424015920001,0.96
0.004571754994685762,0.14671631157398224,0.9739205701705703,0.9712127224627225,0.9714998725792238,0.9716666666666667
0.003941404982469976,0.15847821533679962,0.9717524605024606,0.9676142376142377,0.9680171715738369,0.9683333333333333
0.003509834374805602,0.147820845246315,0.9642294742294742,0.9619462481962482,0.9618541384601982,0.9616666666666668
0.004392323758414325,0.14859440922737122,0.9724054186554186,0.9700222462722463,0.9700889378349556,0.9700000000000001
0.005124916210964632,0.15004640817642212,0.9728072390572392,0.9691293891293892,0.9695735625512804,0.9699999999999999
0.0036079398681370853,0.14613406360149384,0.9728868816368816,0.9703469215969216,0.9704153815437523,0.9699999999999999
0.0032883889725781046,0.14653469622135162,0.9739205701705703,0.9712127224627225,0.9714998725792238,0.9716666666666667
0.003217795985013557,0.14784196019172668,0.9712454674954675,0.9688317700817701,0.9688236974392805,0.9683333333333333
0.00388651093817316,0.1498280018568039,0.9748905723905724,0.9707960557960559,0.9715618666448477,0.9716666666666666
0.0040525259100832045,0.15042030811309814,0.9690468327968328,0.9665037277537278,0.9668079091763527,0.9666666666666667
0.0053335844034639495,0.14890190958976746,0.9660165297665296,0.9634734247234248,0.9634745758430193,0.9633333333333334
0.00391155005733405,0.15015314519405365,0.96758806008806,0.9653132515632517,0.9652749856840471,0.965
0.003666529941256158,0.1631334275007248,0.9657019097460274,0.960337902837903,0.9607598922176348,0.96
0.00393918990206051,0.1548168957233429,0.9699847837347838,0.9662722462722463,0.9666836041609406,0.9666666666666667
0.002768804804266741,0.15100866556167603,0.9653405853405853,0.963612914862915,0.9635267745765682,0.9633333333333334
0.0030987019466313845,0.15131263434886932,0.9712454674954675,0.9688317700817701,0.9688236974392805,0.9683333333333333
0.0031145327569295964,0.15977370738983154,0.9617162467162467,0.9596777296777298,0.9592058973002123,0.96
0.003797825222136453,0.15029136836528778,0.9727606190106192,0.9700222462722463,0.9702346321835487,0.9699999999999999
0.0032253941681119613,0.14966098964214325,0.9662454674954675,0.9639496151996152,0.9638111661109597,0.9633333333333334
0.003602436845540069,0.1533031463623047,0.9695788008288008,0.9673166185666187,0.9671528536631736,0.9666666666666667
0.0036180624301778153,0.14988557994365692,0.9760039035039035,0.9728793891293891,0.9734881766727911,0.9733333333333333
0.0029498062940547243,0.1519184410572052,0.9713736726236726,0.9683555796055797,0.9686780831119414,0.9683333333333333
0.0034976924774431004,0.1515420377254486,0.9707387519887519,0.9685070947570948,0.9684180940588488,0.9683333333333333
0.0036288601016470543,0.1542491763830185,0.9710165297665297,0.9683555796055797,0.9684871071713402,0.9683333333333333
0.003301413409644738,0.15035437047481537,0.9678868816368816,0.9653132515632517,0.9655426687806776,0.965
0.0031328753126823963,0.17023301124572754,0.9627870971620971,0.9572823472823474,0.9572970023981825,0.9566666666666666
0.0041808354678020505,0.14970605075359344,0.9662943075443075,0.9634734247234248,0.9634642238761457,0.9633333333333334
0.0032134386492543854,0.15386472642421722,0.9710165297665297,0.9683555796055797,0.9684871071713402,0.9683333333333333
0.0030527017976661832,0.15465107560157776,0.9639516964516964,0.9619462481962483,0.9619249439129528,0.9616666666666668
0.006326336813799571,0.155255526304245,0.9697322584822584,0.966840428090428,0.9670970554439572,0.9666666666666667
0.0028639691348265237,0.1547432839870453,0.9681646594146595,0.9653132515632517,0.965532316813804,0.965
0.0022923420959462724,0.14985042810440063,0.9690468327968328,0.9665037277537278,0.9668079091763527,0.9666666666666667
0.0025891170710868514,0.15163598954677582,0.9712454674954675,0.9688317700817701,0.9688236974392805,0.9683333333333333
0.0032778473153787977,0.16528820991516113,0.9663722157472158,0.961979316979317,0.9622012723603337,0.9616666666666666
0.003469380938137571,0.15448488295078278,0.9738389850889851,0.9712127224627225,0.9713770655616799,0.9716666666666667
0.0020587766315050735,0.1559981405735016,0.9710165297665297,0.9683555796055797,0.9684871071713402,0.9683333333333333
0.003790552875822565,0.1524071991443634,0.9648565786065785,0.9622829485329486,0.9622093354473442,0.9616666666666668
0.004236534182079292,0.1570134162902832,0.9627083102083102,0.959862914862915,0.9599890590951188,0.9600000000000001
0.003134747651832489,0.16354577243328094,0.9681418350168349,0.9630904280904281,0.9635773647846829,0.9633333333333334
0.001955706325437253,0.15371930599212646,0.9639516964516964,0.9619462481962483,0.9619249439129528,0.9616666666666668
0.0020332922455660687,0.15389084815979004,0.9713736726236726,0.967938912938913,0.9682854348245562,0.9683333333333333
0.0023414141057097972,0.1529984325170517,0.9695535483035483,0.9669799182299182,0.9671341474774194,0.9666666666666667
0.003464206740318332,0.15178632736206055,0.9724054186554186,0.9700222462722463,0.9700889378349556,0.9700000000000001
0.002143325868625349,0.16196037828922272,0.9707680976430977,0.965947570947571,0.966519087282649,0.9666666666666667
0.0027911513582997336,0.15434370934963226,0.9648565786065785,0.9622829485329486,0.9622093354473442,0.9616666666666668
0.004327605570627687,0.15862835943698883,0.970237308987309,0.9664237614237613,0.9666062368295688,0.9666666666666667
0.0019375549721492764,0.15509456396102905,0.96258806008806,0.9604310966810967,0.9602624543557262,0.9600000000000001
0.0026644621563415662,0.15787267684936523,0.9748905723905724,0.9712127224627225,0.9719545149322327,0.9716666666666666
0.00385830635301924,0.183549165725708,0.9648505892255891,0.960060125060125,0.9601806525644413,0.96
0.0019697283545004516,0.15829259157180786,0.9710165297665297,0.9683555796055797,0.9684871071713402,0.9683333333333333
0.002531224895695535,0.15501119196414948,0.9660165297665296,0.9634734247234248,0.9634745758430193,0.9633333333333334
0.001994531642897831,0.16019123792648315,0.9723238335738335,0.9700222462722463,0.9699661308174118,0.9700000000000001
0.0029137178862583824,0.1568356454372406,0.9722539035039035,0.969697570947571,0.9698290288031169,0.9699999999999999
0.002449830443462512,0.161522775888443,0.9710165297665297,0.9683555796055797,0.9684871071713402,0.9683333333333333
0.006053221734570495,0.15941070020198822,0.9710165297665297,0.9683555796055797,0.9684871071713402,0.9683333333333333
0.0034209899070750303,0.1626189947128296,0.9710165297665297,0.9683555796055797,0.9684871071713402,0.9683333333333333
0.0036121505011882014,0.1573449820280075,0.9739205701705703,0.9712127224627225,0.9714998725792238,0.9716666666666667
0.003583573163875068,0.1645846962928772,0.9712920875420875,0.967938912938913,0.9681626278070122,0.9683333333333333
0.0022534712358416678,0.1691807508468628,0.9693402158843335,0.9647570947570948,0.9654650107257551,0.965
0.0029700196791964117,0.1581864356994629,0.9696276408776408,0.966840428090428,0.9667454579424787,0.9666666666666667
0.001993411555304192,0.16280695796012878,0.9660729085729085,0.9634734247234248,0.9633525870949818,0.9633333333333334
0.0045396983696264215,0.16043810546398163,0.9679862267362266,0.9653252765752766,0.9651537738380068,0.965
0.0023486245627282187,0.166032075881958,0.9611627261627261,0.9580110630110631,0.9583058232276724,0.9583333333333334
0.0032363868922402617,0.17248789966106415,0.9713117900617901,0.9674627224627225,0.9679521858393173,0.9683333333333333
0.002400298760524796,0.16001658141613007,0.9657289932289933,0.963056758056758,0.9626920766998167,0.9633333333333334
0.0021922388756744717,0.15766561031341553,0.9660165297665296,0.9634734247234248,0.9634745758430193,0.9633333333333334
0.0019608483780757524,0.15940473973751068,0.9696276408776408,0.966840428090428,0.9667454579424787,0.9666666666666667
0.003109705387032591,0.1625383198261261,0.9679862267362266,0.9653252765752766,0.9651537738380068,0.965
0.0021228280129435007,0.16501402854919434,0.9714999352499354,0.9674627224627225,0.9680945389052087,0.9683333333333333
0.0023694610899838153,0.16789430379867554,0.9699847837347838,0.9662722462722463,0.9666836041609406,0.9666666666666667
0.002445847264122373,0.1706237494945526,0.9589155751655752,0.95626443001443,0.955876798040638,0.9566666666666666
0.002990796211330841,0.16324347257614136,0.9710165297665297,0.9683555796055797,0.9684871071713402,0.9683333333333333
0.002225268285352892,0.16695165634155273,0.9735832685832686,0.9691293891293892,0.9700828429987759,0.9699999999999999
0.0023276201318367384,0.16079992055892944,0.9678094590594589,0.964663900913901,0.9648751586204137,0.965
0.0033126515336334705,0.16474027931690216,0.9710165297665297,0.9683555796055797,0.9684871071713402,0.9683333333333333
0.002568310606875457,0.16009816527366638,0.9746150146150145,0.9712127224627225,0.9718863460091756,0.9716666666666666
0.0030131887203121246,0.16199128329753876,0.9748905723905724,0.9707960557960559,0.9715618666448477,0.9716666666666666
0.00222893902779712,0.16418379545211792,0.9709349446849447,0.9683555796055797,0.9683643001537963,0.9683333333333333
0.0024891567106048265,0.16728049516677856,0.9699847837347838,0.9662722462722463,0.9666836041609406,0.9666666666666667
0.0031012358667794615,0.1679368019104004,0.9699847837347838,0.9662722462722463,0.9666836041609406,0.9666666666666667
0.0019222376601343665,0.1620507538318634,0.9646739371739371,0.9613900913900914,0.961639994184269,0.9616666666666668
0.002066315336075301,0.16389986872673035,0.9710165297665297,0.9683555796055797,0.9684871071713402,0.9683333333333333
0.0016485526139149442,0.1653081774711609,0.9659213934213934,0.9637981000481002,0.9636041419079402,0.9633333333333334
0.002076518035513194,0.16631267964839935,0.9748905723905724,0.9707960557960559,0.9715618666448477,0.9716666666666666
0.0015301192239955224,0.16606208682060242,0.9699847837347838,0.9662722462722463,0.9666836041609406,0.9666666666666667
0.0022867475078480006,0.16319039463996887,0.9710165297665297,0.9683555796055797,0.9684871071713402,0.9683333333333333
0.0017976263455542114,0.1600080132484436,0.9648565786065785,0.9622829485329486,0.9622093354473442,0.9616666666666668
0.001744744030778141,0.15976883471012115,0.9686896899396898,0.9665037277537278,0.9664331029810009,0.9666666666666667
0.0019268789837951772,0.1602376401424408,0.9649768287268287,0.9617147667147669,0.9619359401867368,0.9616666666666668
0.0014684641209896654,0.16493383049964905,0.9710165297665297,0.9683555796055797,0.9684871071713402,0.9683333333333333
0.0014062605259823613,0.16438202559947968,0.9710165297665297,0.9683555796055797,0.9684871071713402,0.9683333333333333
0.002307335931012252,0.1636672466993332,0.9679862267362266,0.9653252765752766,0.9651537738380068,0.965
0.0015285076030219595,0.16221651434898376,0.9707387519887519,0.9685070947570948,0.9684180940588488,0.9683333333333333
0.0025150034210431236,0.17307952046394348,0.962986087986088,0.959862914862915,0.9599787071282452,0.9600000000000001
0.0021964692956923195,0.1623917669057846,0.9710165297665297,0.9683555796055797,0.9684871071713402,0.9683333333333333
0.001802288468752522,0.17192474007606506,0.9699847837347838,0.9662722462722463,0.9666836041609406,0.9666666666666667
0.0018367956035945099,0.16047024726867676,0.9708902671402672,0.9681824194324194,0.9681665392458904,0.9683333333333333
0.001604176416246143,0.1639525592327118,0.9710165297665297,0.9683555796055797,0.9684871071713402,0.9683333333333333
0.0017698591558049277,0.16636812686920166,0.9710165297665297,0.9683555796055797,0.9684871071713402,0.9683333333333333
0.002275078253054138,0.16125839948654175,0.9652546065046065,0.9617147667147669,0.9619255882198631,0.9616666666666668
0.002987254678979904,0.1651020348072052,0.9660165297665296,0.9634734247234248,0.9634745758430193,0.9633333333333334
0.0012666590652467373,0.1721416562795639,0.9719044612794613,0.9674627224627225,0.9681982852776364,0.9683333333333333
0.0016143491502589313,0.162217915058136,0.9715847115847116,0.9681824194324194,0.9685530126758422,0.9683333333333333
0.0018837875201522063,0.16160187125205994,0.9743372368372368,0.9713642376142376,0.9718173328966841,0.9716666666666667
0.0017720142835363124,0.16387775540351868,0.9676579439079438,0.9649885762385764,0.9651267134333722,0.965
0.0017740710463840514,0.16642312705516815,0.9725316812816813,0.9695460557960559,0.9698980419156084,0.9699999999999999
0.0019361463588817667,0.16970717906951904,0.9710165297665297,0.9683555796055797,0.9684871071713402,0.9683333333333333
0.0016674895960022695,0.1778835952281952,0.9676115319865319,0.9632419432419432,0.9635271248703967,0.9633333333333334
0.0032853670102970987,0.1695820540189743,0.9722340622340622,0.9693608706108706,0.9695013535506537,0.9699999999999999
0.0020497365476330742,0.17988666892051697,0.9697190037631215,0.9644324194324195,0.9651967474750358,0.965
0.001181421198756046,0.1674492061138153,0.9710165297665297,0.9683555796055797,0.9684871071713402,0.9683333333333333
0.002314939551676313,0.16488322615623474,0.9686896899396898,0.9665037277537278,0.9664331029810009,0.9666666666666667
0.0026083108750754036,0.16436070203781128,0.9689007289007289,0.9661453823953824,0.9660803009190745,0.9666666666666667
0.0018338906750917279,0.1699673980474472,0.9728888241388242,0.9691293891293892,0.9696963695688243,0.9699999999999999
0.0019007252922165208,0.17803440988063812,0.9699847837347838,0.9662722462722463,0.9666836041609406,0.9666666666666667
0.002879659195362668,0.1720156967639923,0.9699847837347838,0.9662722462722463,0.9666836041609406,0.9666666666666667
0.0021696114878674657,0.16733035445213318,0.9693498630998629,0.9668404280904282,0.9668162633952333,0.9666666666666667
0.001490513011958683,0.16853654384613037,0.9679862267362266,0.9653252765752766,0.9651537738380068,0.965
0.002197465658052048,0.17105726897716522,0.9604848854848854,0.9585792448292448,0.9578671099303308,0.9583333333333334
0.001322044467087835,0.16814416646957397,0.9676579439079438,0.9649885762385764,0.9651267134333722,0.965
0.0016516777116824717,0.1729826033115387,0.9699847837347838,0.9662722462722463,0.9666836041609406,0.9666666666666667
0.0026845331970738093,0.17146843671798706,0.9710165297665297,0.9683555796055797,0.9684871071713402,0.9683333333333333
0.002010293593533182,0.17716917395591736,0.9589903614903615,0.9564959114959115,0.9560177918650683,0.9566666666666667
0.001791072001651628,0.16635464131832123,0.9660165297665296,0.9634734247234248,0.9634745758430193,0.9633333333333334
0.0022657964024498747,0.17158803343772888,0.9710165297665297,0.9683555796055797,0.9684871071713402,0.9683333333333333
0.0014136451815526623,0.1658627837896347,0.9743372368372368,0.9713642376142376,0.9718173328966841,0.9716666666666667
0.0014289283547744465,0.16915079951286316,0.9676579439079438,0.9649885762385764,0.9651267134333722,0.965
0.001410657507221913,0.16756755113601685,0.9693498630998629,0.9668404280904282,0.9668162633952333,0.9666666666666667
0.0010903909909150873,0.1653832197189331,0.9679862267362266,0.9653252765752766,0.9651537738380068,0.965
0.002469907009678233,0.16657426953315735,0.9679862267362266,0.9653252765752766,0.9651537738380068,0.965
0.0013582753866406467,0.1724100410938263,0.9710165297665297,0.9683555796055797,0.9684871071713402,0.9683333333333333
0.0019002939807251096,0.16939608752727509,0.9709349446849447,0.9683555796055797,0.9683643001537963,0.9683333333333333
0.001769625236192951,0.17302553355693817,0.9710165297665297,0.9683555796055797,0.9684871071713402,0.9683333333333333
0.0017771089369489346,0.17474791407585144,0.9679862267362266,0.9653252765752766,0.9651537738380068,0.965
0.0014933602845606704,0.17430078983306885,0.9662943075443075,0.9634734247234248,0.9634642238761457,0.9633333333333334
0.0020021106053415374,0.17175519466400146,0.9695013782513783,0.9665157527657527,0.966564708582275,0.9666666666666667
0.001284183718477531,0.17205266654491425,0.9679862267362266,0.9653252765752766,0.9651537738380068,0.965
0.0011666897638254643,0.17370790243148804,0.9710165297665297,0.9683555796055797,0.9684871071713402,0.9683333333333333
0.0014553481426749688,0.17494504153728485,0.9724054186554186,0.9700222462722463,0.9700889378349556,0.9700000000000001
0.0013731222995071828,0.16961678862571716,0.9679862267362266,0.9653252765752766,0.9651537738380068,0.965
0.0018964029986818787,0.1698535680770874,0.9662943075443075,0.9634734247234248,0.9634642238761457,0.9633333333333334
0.001405563957329529,0.1828647255897522,0.9703893097643097,0.9662722462722463,0.9667873505333683,0.9666666666666667
0.0026029384644061793,0.17589610815048218,0.9693498630998629,0.9668404280904282,0.9668162633952333,0.9666666666666667
0.0013716264196167078,0.1729974001646042,0.9709349446849447,0.9683555796055797,0.9683643001537963,0.9683333333333333
0.0010783398041288212,0.17750105261802673,0.9712920875420875,0.9683555796055797,0.9685552760943974,0.9683333333333333
0.002008346372652644,0.17424023151397705,0.9710165297665297,0.9683555796055797,0.9684871071713402,0.9683333333333333
0.0014089676157406454,0.17209210991859436,0.9725316812816813,0.9695460557960559,0.9698980419156084,0.9699999999999999
0.0031217269740106226,0.17085205018520355,0.9679862267362266,0.9653252765752766,0.9651537738380068,0.965
0.0011388379377118933,0.1726182997226715,0.9660165297665296,0.9634734247234248,0.9634745758430193,0.9633333333333334
0.0024146983026488065,0.1722346395254135,0.9709349446849447,0.9683555796055797,0.9683643001537963,0.9683333333333333
0.0016636971734745505,0.17682409286499023,0.9645577570577569,0.9622829485329486,0.9619416523507137,0.9616666666666668
0.0015719434656299807,0.17546376585960388,0.9693498630998629,0.9668404280904282,0.9668162633952333,0.9666666666666667
0.0009454871530275947,0.17265717685222626,0.9679862267362266,0.9653252765752766,0.9651537738380068,0.965
0.0016093602486459229,0.17566066980361938,0.9728072390572392,0.9695460557960559,0.9699662108386655,0.9699999999999999
0.002489657001812399,0.17214807868003845,0.9657177082177081,0.9634734247234248,0.9632068927463888,0.9633333333333334
0.0013413179258350283,0.17492559552192688,0.9709349446849447,0.9683555796055797,0.9683643001537963,0.9683333333333333
0.001716614812418508,0.17406755685806274,0.9612454674954675,0.9583477633477634,0.9584278726969759,0.9583333333333334
0.0014698578185440663,0.17123529314994812,0.9746150146150145,0.9712127224627225,0.9718863460091756,0.9716666666666666
0.0013837098122166935,0.17801770567893982,0.9699847837347838,0.9662722462722463,0.9666836041609406,0.9666666666666667
0.0008577132017914361,0.17431846261024475,0.9710165297665297,0.9683555796055797,0.9684871071713402,0.9683333333333333
0.0008683239187424382,0.17514055967330933,0.9662943075443075,0.9634734247234248,0.9634642238761457,0.9633333333333334
0.0012032935677173857,0.17200502753257751,0.964025789025789,0.9616215728715729,0.9615173427845277,0.9616666666666668
0.0013461950911732856,0.17562702298164368,0.9693498630998629,0.9668404280904282,0.9668162633952333,0.9666666666666667
0.002191485288979796,0.1804649829864502,0.9677294927294926,0.9647570947570948,0.9649920337033565,0.965
0.001277630980136261,0.1764928549528122,0.9683433695933695,0.9653252765752766,0.965344749778608,0.965
0.0011334889810920383,0.17813152074813843,0.9662943075443075,0.9634734247234248,0.9634642238761457,0.9633333333333334
0.0013418216913123615,0.18009406328201294,0.9687668350168349,0.9647570947570947,0.9648815991484092,0.965
0.0013588559377240017,0.1721639335155487,0.9759223184223185,0.9728793891293891,0.9733653696552471,0.9733333333333333
0.0010659616552099276,0.1759917140007019,0.9693498630998629,0.9668404280904282,0.9668162633952333,0.9666666666666667
0.0013533906458178535,0.17522457242012024,0.9693498630998629,0.9668404280904282,0.9668162633952333,0.9666666666666667
0.002776527665749503,0.1708005666732788,0.9743372368372368,0.9713642376142376,0.9718173328966841,0.9716666666666667
0.0012388618876381468,0.17190508544445038,0.9759223184223185,0.9728793891293891,0.9733653696552471,0.9733333333333333
0.0011437643467312835,0.17380480468273163,0.9693498630998629,0.9668404280904282,0.9668162633952333,0.9666666666666667
0.003092118322456372,0.17093098163604736,0.9660165297665296,0.9634734247234248,0.9634745758430193,0.9633333333333334
0.0011681260803015903,0.16950726509094238,0.967380166130166,0.9649885762385764,0.9651370654002459,0.965
0.001593980130564887,0.17244374752044678,0.9660165297665296,0.9634734247234248,0.9634745758430193,0.9633333333333334
0.005876813069335185,0.17939239740371704,0.9589155751655752,0.95626443001443,0.955876798040638,0.9566666666666666
0.0012896201866775907,0.1742112636566162,0.9662943075443075,0.9634734247234248,0.9634642238761457,0.9633333333333334
0.001282725508644944,0.17404168844223022,0.9710165297665297,0.9683555796055797,0.9684871071713402,0.9683333333333333
0.0014706558019194442,0.16949580609798431,0.9690468327968328,0.966655242905243,0.9667285440969877,0.9666666666666667
0.001614770383942717,0.17593303322792053,0.9697070059570058,0.9668404280904282,0.9670072393358344,0.9666666666666667
0.0012860685371075913,0.17141082882881165,0.9714331964331963,0.9685070947570948,0.9688045674888005,0.9683333333333333
0.001204928950755857,0.17039448022842407,0.9662943075443075,0.9634734247234248,0.9634642238761457,0.9633333333333334
0.0016214778849340898,0.17343878746032715,0.9676579439079438,0.9649885762385764,0.9651267134333722,0.965
0.0007545498247054638,0.17331455647945404,0.9676579439079438,0.9649885762385764,0.9651267134333722,0.965
0.004274175710937318,0.17422044277191162,0.9693246105746106,0.9665037277537278,0.9667975572094791,0.9666666666666667
0.002122808265388206,0.18874584138393402,0.957218475968476,0.9544125781625782,0.9541214121010415,0.9549999999999997
0.0013758049947985758,0.1761242151260376,0.9660165297665296,0.9634734247234248,0.9634745758430193,0.9633333333333334
0.0009481958253066599,0.17322513461112976,0.9708650146150145,0.9680309042809044,0.9682271981395014,0.9683333333333333
0.001342345376542653,0.17379403114318848,0.9653894253894254,0.9631367243867244,0.9631193788558733,0.9633333333333334
0.0017430345093695603,0.17557886242866516,0.9676579439079438,0.9649885762385764,0.9651267134333722,0.965
0.0010540584565508955,0.1873844861984253,0.9674010942760942,0.9632419432419432,0.963363676970376,0.9633333333333334
0.0010312946760677733,0.17652755975723267,0.9693498630998629,0.9668404280904282,0.9668162633952333,0.9666666666666667
0.0007406216306359662,0.17727762460708618,0.9693498630998629,0.9668404280904282,0.9668162633952333,0.9666666666666667
0.0028959042792848777,0.18767061829566956,0.9631622081622081,0.959862914862915,0.9600170450485321,0.9600000000000001
0.0017620077930284121,0.17787161469459534,0.9628658378658378,0.9604310966810967,0.9602521023888526,0.9600000000000001
0.0013804797199554741,0.17773471772670746,0.9738389850889851,0.9712127224627225,0.9713770655616799,0.9716666666666667
0.0012666969135655866,0.1752246618270874,0.9662943075443075,0.9634734247234248,0.9634642238761457,0.9633333333333334
0.002077283913119269,0.1789632886648178,0.9676579439079438,0.9649885762385764,0.9651267134333722,0.965
0.0007121736077048505,0.17791250348091125,0.9693498630998629,0.9668404280904282,0.9668162633952333,0.9666666666666667
0.0011631564745281746,0.17672428488731384,0.9662943075443075,0.9634734247234248,0.9634642238761457,0.9633333333333334
0.0008529911228833953,0.1735547035932541,0.9662943075443075,0.9634734247234248,0.9634642238761457,0.9633333333333334
0.0014059134167230998,0.18035541474819183,0.9710165297665297,0.9683555796055797,0.9684871071713402,0.9683333333333333
0.0027505628240760416,0.17889758944511414,0.9693498630998629,0.9668404280904282,0.9668162633952333,0.9666666666666667
0.001097479307645699,0.17861299216747284,0.9676579439079438,0.9649885762385764,0.9651267134333722,0.965
0.001116275472062019,0.18210023641586304,0.9710165297665297,0.9683555796055797,0.9684871071713402,0.9683333333333333
0.00105056281730261,0.17651909589767456,0.9676579439079438,0.9649885762385764,0.9651267134333722,0.965
0.0012325095691873382,0.18068358302116394,0.9710165297665297,0.9683555796055797,0.9684871071713402,0.9683333333333333
0.0015497769442542146,0.17500083148479462,0.9693498630998629,0.9668404280904282,0.9668162633952333,0.9666666666666667
0.0009620856702288924,0.17566117644309998,0.9679862267362266,0.9653252765752766,0.9651537738380068,0.965
0.000850547824181073,0.1799008697271347,0.9710165297665297,0.9683555796055797,0.9684871071713402,0.9683333333333333
0.000949874126187448,0.17634117603302002,0.9662943075443075,0.9634734247234248,0.9634642238761457,0.9633333333333334
0.0008632996577944141,0.17683681845664978,0.9710165297665297,0.9683555796055797,0.9684871071713402,0.9683333333333333
0.0008372286817272349,0.17939820885658264,0.9710165297665297,0.9683555796055797,0.9684871071713402,0.9683333333333333
0.0015067558560986072,0.17459599673748016,0.9662943075443075,0.9634734247234248,0.9634642238761457,0.9633333333333334
0.0011944474772462854,0.1764346808195114,0.9693498630998629,0.9668404280904282,0.9668162633952333,0.9666666666666667
0.0016381890915605861,0.17228221893310547,0.9693498630998629,0.9668404280904282,0.9668162633952333,0.9666666666666667
0.0012685338770097587,0.17418700456619263,0.9743119843119842,0.9710275372775373,0.9717986267109299,0.9716666666666667
0.0018602664373853865,0.17425936460494995,0.9691730954230953,0.9661790524290526,0.9665376481776402,0.9666666666666667
0.0015377851984036777,0.17264792323112488,0.9691730954230953,0.9661790524290526,0.9665376481776402,0.9666666666666667
0.0014396423636450588,0.17525985836982727,0.9662943075443075,0.9634734247234248,0.9634642238761457,0.9633333333333334
0.001156617873372549,0.17516861855983734,0.9662943075443075,0.9634734247234248,0.9634642238761457,0.9633333333333334
0.001251040705634902,0.17894957959651947,0.9662943075443075,0.9634734247234248,0.9634642238761457,0.9633333333333334
0.0008663170616879748,0.17890922725200653,0.9676579439079438,0.9649885762385764,0.9651267134333722,0.965
0.0006436689976302054,0.1769750416278839,0.9662943075443075,0.9634734247234248,0.9634642238761457,0.9633333333333334
0.000809855473562493,0.174486443400383,0.9662943075443075,0.9634734247234248,0.9634642238761457,0.9633333333333334
0.0007735687874325473,0.17569607496261597,0.9676579439079438,0.9649885762385764,0.9651267134333722,0.965
0.002127487376128556,0.1736312359571457,0.9672328597328597,0.964663900913901,0.9646178274906569,0.965
0.0007739774027868407,0.1729024350643158,0.9678094590594589,0.964663900913901,0.9648751586204137,0.965
0.0007054307122113338,0.1781957447528839,0.9725316812816813,0.9695460557960559,0.9698980419156084,0.9699999999999999
0.0008781463257037103,0.17940931022167206,0.9693246105746106,0.9665037277537278,0.9667975572094791,0.9666666666666667
0.0009535213212075178,0.17437893152236938,0.9708397620897621,0.967694203944204,0.9682084919537471,0.9683333333333333
0.0013816917902052712,0.17997615039348602,0.9693246105746106,0.9665037277537278,0.9667975572094791,0.9666666666666667
0.003082019928115187,0.17682528495788574,0.9679357216857216,0.9649885762385763,0.9650559079806177,0.965
0.0011332637823215919,0.18143638968467712,0.9693246105746106,0.9665037277537278,0.9667975572094791,0.9666666666666667
0.002114266927795446,0.17961351573467255,0.9657177082177081,0.9634734247234248,0.9632068927463888,0.9633333333333334
0.0013760043123814587,0.17641077935695648,0.9679862267362266,0.9653252765752766,0.9651537738380068,0.965
0.001281109637299475,0.17594751715660095,0.962986087986088,0.959862914862915,0.9599787071282452,0.9600000000000001
0.0011679761737468652,0.1810154765844345,0.9693246105746106,0.9665037277537278,0.9667975572094791,0.9666666666666667
0.0009434453149879118,0.17549048364162445,0.9662943075443075,0.9634734247234248,0.9634642238761457,0.9633333333333334
0.0013376278469271103,0.17688946425914764,0.9676579439079438,0.9649885762385764,0.9651267134333722,0.965
0.0007523362097951273,0.17750220000743866,0.9662943075443075,0.9634734247234248,0.9634642238761457,0.9633333333333334
0.0008947226318317311,0.1774747222661972,0.9693498630998629,0.9668404280904282,0.9668162633952333,0.9666666666666667
0.0012141860697738593,0.1728074550628662,0.9679357216857216,0.9649885762385763,0.9650559079806177,0.965
0.002721123119651262,0.17711691558361053,0.9679357216857216,0.9649885762385763,0.9650559079806177,0.965
0.0010544505482054471,0.1752682626247406,0.9708650146150145,0.9680309042809044,0.9682271981395014,0.9683333333333333
0.0012690380426647607,0.17509238421916962,0.9678094590594589,0.964663900913901,0.9648751586204137,0.965
0.001382740377569765,0.18196821212768555,0.9708650146150145,0.9680309042809044,0.9682271981395014,0.9683333333333333
0.000888946187539356,0.1800999939441681,0.964025789025789,0.9616215728715729,0.9615173427845277,0.9616666666666668
0.0012197101568744984,0.17704199254512787,0.9693498630998629,0.9668404280904282,0.9668162633952333,0.9666666666666667
0.0009930702253768686,0.1772402822971344,0.9662943075443075,0.9634734247234248,0.9634642238761457,0.9633333333333334
0.0011489902147635196,0.1785682886838913,0.9683970658970659,0.9661790524290526,0.9661672566190335,0.9666666666666667
0.0010316214660027374,0.1801767200231552,0.9693498630998629,0.9668404280904282,0.9668162633952333,0.9666666666666667
0.0011544395826300995,0.17934630811214447,0.9707834295334296,0.9680309042809044,0.9681043911219575,0.9683333333333333
0.0010683281858897924,0.1808381974697113,0.9708650146150145,0.9680309042809044,0.9682271981395014,0.9683333333333333
0.0007690603173008034,0.18121549487113953,0.9679862267362266,0.9653252765752766,0.9651537738380068,0.965
0.0007551271670915108,0.1779179573059082,0.9695013782513783,0.9665157527657527,0.966564708582275,0.9666666666666667
0.0016418222009330445,0.18123668432235718,0.9693498630998629,0.9668404280904282,0.9668162633952333,0.9666666666666667
0.000900330331811953,0.1780354082584381,0.9693498630998629,0.9668404280904282,0.9668162633952333,0.9666666666666667
0.0010878769780902076,0.17942915856838226,0.9676579439079438,0.9649885762385764,0.9651267134333722,0.965
0.0008623112917121034,0.1833171844482422,0.9676579439079438,0.9649885762385764,0.9651267134333722,0.965
0.0009938265272163942,0.18065646290779114,0.9676579439079438,0.9649885762385764,0.9651267134333722,0.965
0.0006158446534148728,0.18088988959789276,0.9676579439079438,0.9649885762385764,0.9651267134333722,0.965
0.0011737025051843375,0.18437394499778748,0.9693246105746106,0.9665037277537278,0.9667975572094791,0.9666666666666667
0.0012343037233222276,0.17833296954631805,0.9653894253894254,0.9631367243867245,0.9631798323417543,0.9633333333333334
0.0009810157662286656,0.18271605670452118,0.9693498630998629,0.9668404280904282,0.9668162633952333,0.9666666666666667
0.0011816684285198182,0.185356006026268,0.9692430254930255,0.9665037277537278,0.9666747501919352,0.9666666666666667
0.0014524163592189627,0.18043553829193115,0.9693498630998629,0.9668404280904282,0.9668162633952333,0.9666666666666667
0.0007146424856424952,0.17957288026809692,0.9691730954230953,0.9661790524290526,0.9665376481776402,0.9666666666666667
0.0007515379135535719,0.18316787481307983,0.9676579439079438,0.9649885762385764,0.9651267134333722,0.965
0.000863573844981147,0.18055516481399536,0.9662943075443075,0.9634734247234248,0.9634642238761457,0.9633333333333334
0.0007673703748878324,0.18131409585475922,0.9676579439079438,0.9649885762385764,0.9651267134333722,0.965
0.0008071656253984353,0.18211498856544495,0.9676579439079438,0.9649885762385764,0.9651267134333722,0.965
0.0009197352768145114,0.18134966492652893,0.964025789025789,0.9616215728715729,0.9615173427845277,0.9616666666666668
0.0007229759224477069,0.17852799594402313,0.9662943075443075,0.9634734247234248,0.9634642238761457,0.9633333333333334
0.0014738246394093342,0.18335887789726257,0.9662943075443075,0.9634734247234248,0.9634642238761457,0.9633333333333334
0.0012604163372695136,0.17907820641994476,0.9712564287564286,0.9678457190957191,0.9685259522712074,0.9683333333333333
0.0015449690242045715,0.18668685853481293,0.9712920875420875,0.9683555796055797,0.9685552760943974,0.9683333333333333
0.0010760989401508898,0.18264248967170715,0.9709349446849447,0.9683555796055797,0.9683643001537963,0.9683333333333333
0.0007311706328133974,0.18173906207084656,0.9662943075443075,0.9634734247234248,0.9634642238761457,0.9633333333333334
0.0009173360722343205,0.18401257693767548,0.9662943075443075,0.9634734247234248,0.9634642238761457,0.9633333333333334
