training_loss,validation_loss,precision,recall,f1,accuracy
1.4505890657504399,0.678992748260498,0.8975704483425071,0.877679773929774,0.8762307315249066,0.8766666666666666
0.5294794390598933,0.40985172986984253,0.9326197644947646,0.9266396103896105,0.9247856496007824,0.9249999999999999
0.3472183396418889,0.29632624983787537,0.938673719068456,0.9324404761904761,0.9308878001308568,0.9316666666666666
0.23616157844662666,0.24621765315532684,0.9439475829181712,0.9393198005698005,0.9391163196806147,0.9416666666666668
0.1942371999224027,0.19706577062606812,0.947272620167357,0.9457473544973545,0.944651668887995,0.945
0.16131942129383484,0.1768588125705719,0.9559259259259258,0.9530910293410294,0.9533797401549342,0.9533333333333333
0.1351782362908125,0.19227652251720428,0.9466387547637548,0.9422552910052912,0.9408679393704249,0.9416666666666665
0.11732155472661059,0.15356022119522095,0.953327552077552,0.9503300865800867,0.94977692982394,0.9499999999999998
0.0948202161428829,0.1434812992811203,0.9569696969696969,0.9548166185666186,0.9548962535840073,0.9550000000000001
0.10065976219872634,0.16868512332439423,0.9593187599437599,0.9493897306397305,0.9487880616767237,0.9483333333333333
0.0790328811854124,0.13128496706485748,0.9650355662855663,0.9621440596440595,0.9620853256804036,0.9616666666666666
0.07394791301339865,0.1361447274684906,0.9682106782106782,0.962996632996633,0.9623701181618354,0.9633333333333333
0.07326755315686266,0.12323541939258575,0.9607990620490621,0.9598039923039923,0.9589448274905702,0.96
0.061974425334483385,0.12539759278297424,0.9658794446294446,0.9646651034151034,0.9640058525336043,0.965
0.05774610706915458,0.1377650648355484,0.965097818847819,0.95996632996633,0.9590859600541478,0.96
0.06157969574754437,0.13028667867183685,0.9600296694046694,0.9559319384319384,0.9550230324979011,0.955
0.05265464346545438,0.11646696925163269,0.9637336274836273,0.9615175565175565,0.9613169520691507,0.9616666666666668
0.046941764963169895,0.11222437024116516,0.96615934990935,0.96386544011544,0.9639647703135835,0.965
0.053938744124025106,0.11148816347122192,0.9713454600954602,0.9677537277537277,0.9681463177154611,0.9683333333333333
0.03982785219947497,0.11431955546140671,0.9696499796499797,0.9679599567099566,0.9679726953668152,0.9683333333333333
0.041463667837282024,0.11212524771690369,0.9720794020794022,0.9695592833092833,0.9699594281802743,0.9699999999999999
0.03916223793445776,0.11758925020694733,0.9670639083139081,0.9651160413660413,0.964980549468446,0.965
0.03469311298492054,0.11421721428632736,0.9662210012210012,0.9647913660413661,0.9640643291521832,0.965
0.03146893891971558,0.13065484166145325,0.9668228095433977,0.9618408443408444,0.9616375135174634,0.9616666666666666
0.03393265535123646,0.12698759138584137,0.9695701058201059,0.9649627224627224,0.9645360083313551,0.9649999999999999
0.030180875134343903,0.10980655997991562,0.9745088707588708,0.970657768157768,0.9714473377960388,0.9716666666666666
0.031767194236939154,0.12484310567378998,0.9653988603988602,0.9613526288526288,0.9614998751815281,0.9616666666666666
0.029024567804299295,0.11257202923297882,0.9710047822547824,0.968654401154401,0.9690393024571469,0.9699999999999999
0.03087114725106706,0.10914327949285507,0.9742763717763719,0.9710744348244349,0.9715999281593334,0.9716666666666666
0.02464911904341231,0.11161880940198898,0.9725142450142451,0.9697787397787397,0.970070914922196,0.9699999999999999
0.030452597828116268,0.13825078308582306,0.9604534585784585,0.9573887686387687,0.9566185992446771,0.9566666666666667
0.028136449633166194,0.11160117387771606,0.9704590317090318,0.9676022126022126,0.9678629622680192,0.9683333333333333
0.019118176695580285,0.13571125268936157,0.9605923474673475,0.9572035834535835,0.9564251391424138,0.9566666666666667
0.020308659683602553,0.1136559396982193,0.9702369852369852,0.9680321067821067,0.9682912517748857,0.9683333333333333
0.020167005791639287,0.11768972873687744,0.9708640896140897,0.9683688071188071,0.968646448762032,0.9683333333333333
0.02128153193431596,0.11248457431793213,0.9678401690901692,0.9646981721981723,0.9650514625515972,0.965
0.022064062708523124,0.12885290384292603,0.9676456645206645,0.9637301587301588,0.9635708996766968,0.9633333333333334
0.02101033607808252,0.11675447225570679,0.9717069967069967,0.9682166907166908,0.9681250725024001,0.9683333333333333
0.022204064453641575,0.12049444764852524,0.9727159414659415,0.9702206589706589,0.9703353933457133,0.9699999999999999
0.018301674999141444,0.11188714951276779,0.970932030932031,0.9693488455988456,0.9693639997146413,0.9699999999999999
0.017393159369627636,0.11475756019353867,0.9721736134236134,0.9693157768157766,0.9695456609459616,0.9699999999999999
0.015525211347267032,0.11662515997886658,0.9687654475154476,0.9662133237133236,0.9662304893788719,0.9666666666666665
0.016210781371531386,0.11857004463672638,0.9725050875050876,0.9694540644540645,0.9699718781564926,0.9699999999999999
0.017225103336386383,0.1162789985537529,0.9740206552706554,0.9710744348244348,0.9716490676107717,0.9716666666666666
0.017576235443508875,0.1113886833190918,0.9750524013024013,0.9725895863395863,0.9730159106442814,0.9733333333333332
0.015984088716019567,0.1150306761264801,0.9750524013024013,0.9725895863395863,0.9730159106442814,0.9733333333333332
0.015139118942897767,0.12191537022590637,0.9706198893698894,0.9678667628667629,0.9675554419041653,0.9683333333333333
0.010726046515628695,0.1170976310968399,0.9735372497872498,0.9713991101491101,0.9716049759000134,0.9716666666666666
0.013829482952132821,0.1204022765159607,0.9716853979353979,0.9700102212602212,0.9698999460619913,0.9699999999999999
0.014268816807695353,0.11967852711677551,0.9723792411292412,0.9695592833092833,0.9700573835062999,0.9699999999999999
0.012343880254775286,0.11717649549245834,0.9763144263144263,0.9730778018278018,0.9737346321835486,0.9733333333333333
0.012379072839394212,0.14490631222724915,0.9658926721426723,0.9596312483812484,0.9598119770765821,0.96
0.013118177594151348,0.12206973135471344,0.9721483608983608,0.9697324434824434,0.9700031452363979,0.9699999999999999
0.013111577466285477,0.12483982741832733,0.9708109020609021,0.9680651755651755,0.9678971560455385,0.9683333333333333
0.012761206919094548,0.12317981570959091,0.9725763588263588,0.9696723184223184,0.9698337440033001,0.9699999999999999
0.010593077390997982,0.11440384387969971,0.9735372497872498,0.9713991101491101,0.9716049759000134,0.9716666666666666
0.013836021156748757,0.12030552327632904,0.9735372497872498,0.9713991101491101,0.9716049759000134,0.9716666666666666
0.011094527901150286,0.12835906445980072,0.9697539035039036,0.9663985088985089,0.9665511373255752,0.9666666666666667
0.0139067317553175,0.12290757149457932,0.970806092056092,0.9678667628667629,0.9678588728954368,0.9683333333333333
0.012119937338866293,0.11436107009649277,0.9734640822140822,0.9712006974506974,0.9715139613265427,0.9716666666666666
0.010680217227976149,0.11714424937963486,0.9751375013875014,0.9726689514189514,0.9731500083209825,0.9733333333333333
0.009808232862269506,0.11969198286533356,0.9668495393495392,0.9648502886002887,0.9647229308114467,0.965
0.013555435104838883,0.12025933712720871,0.9749523162023163,0.972727873977874,0.9728667156127334,0.9733333333333333
0.00871167323202826,0.11970268189907074,0.9747418784918785,0.9728541366041367,0.9727533698791831,0.9733333333333333
0.00872222573768037,0.12238162755966187,0.9711427923927923,0.9680651755651755,0.9681529679891908,0.9683333333333333
0.008460037730401382,0.122421495616436,0.9715791615791617,0.9696055796055796,0.9695206609870092,0.9699999999999999
0.01090596198143127,0.12556059658527374,0.9724270636770637,0.9699969937469937,0.9699463244404466,0.9699999999999999
0.010247841768432409,0.12627018988132477,0.9694974007474007,0.9670929533429534,0.9668680349810606,0.9666666666666667
0.010562542758028334,0.12352588027715683,0.9711166148666148,0.9682172919672919,0.9686363022028882,0.9683333333333333
0.00951907717778037,0.12019600719213486,0.9718226680726681,0.9696855459355459,0.9699222772220709,0.9699999999999999
0.00954038017274191,0.14499804377555847,0.9657046425796425,0.9603379028379028,0.9602057597989307,0.96
0.009137469654281935,0.1283947229385376,0.970627751877752,0.9662722462722463,0.9669430795471684,0.9666666666666667
0.007481404609279707,0.12500160932540894,0.9711166148666148,0.9682172919672919,0.9686363022028882,0.9683333333333333
0.011521516959570969,0.12780311703681946,0.9682588707588708,0.9663185425685424,0.9664054725766597,0.9666666666666667
0.007637394029491891,0.13178890943527222,0.9700744163244165,0.9663516113516114,0.966364679378629,0.9666666666666667
0.00875285112609466,0.12612882256507874,0.9737923650423651,0.9715373977873978,0.9716014752170583,0.9716666666666666
0.009420441832238188,0.13080888986587524,0.970806092056092,0.9678667628667629,0.9678588728954368,0.9683333333333333
0.006591955752810463,0.12682956457138062,0.9727606190106192,0.9700222462722463,0.9702346321835487,0.9699999999999999
0.005930471379542723,0.1266835629940033,0.9740206552706554,0.9710744348244348,0.9716490676107717,0.9716666666666666
0.00882776893558912,0.13534961640834808,0.9702846921596922,0.9660738335738336,0.9664951427411607,0.9666666666666667
0.009670886414824054,0.13191896677017212,0.9678616291116291,0.9653132515632517,0.9654635091090426,0.965
0.0075698144307049615,0.12922607362270355,0.9690450752950753,0.9683219095719094,0.9672939564050415,0.9683333333333333
0.009643712857117256,0.13113102316856384,0.9694158619158619,0.9663654401154401,0.9667883222101713,0.9666666666666667
0.007527122860968423,0.12582406401634216,0.9717521367521368,0.9692225829725829,0.9697021865191537,0.9699999999999999
0.005726874272416656,0.13766399025917053,0.9683770124211301,0.9623238335738336,0.9632285638968329,0.9633333333333334
0.00728336089135458,0.13963723182678223,0.9687221574721576,0.9648833573833574,0.9651842942920655,0.965
0.006490928373144318,0.13508573174476624,0.9687576775076775,0.9650817700817701,0.9654229249767231,0.965
0.007942882609010363,0.125347301363945,0.9746240333740334,0.9723911736411736,0.9727792017222178,0.9733333333333333
0.0067421370088898884,0.1295509934425354,0.9706571669071669,0.9681451418951418,0.9683478266968372,0.9683333333333332
0.006972688298750048,0.13042381405830383,0.9738574851074852,0.9719203944203945,0.9720538329632756,0.9716666666666666
0.00644490345439408,0.13186049461364746,0.972679033929034,0.9700222462722463,0.9701118251660047,0.9699999999999999
0.006341187283396721,0.12675589323043823,0.9749523162023163,0.972727873977874,0.9728667156127334,0.9733333333333333
0.005510246393290193,0.13856032490730286,0.9697539035039036,0.9669666907166907,0.9669877973024651,0.9666666666666667
0.006585732800886035,0.1292731910943985,0.9715626503126504,0.9694871332371332,0.9695779320596478,0.9700000000000001
0.011368851230751412,0.14240212738513947,0.9609007196507195,0.959399951899952,0.9583416173095022,0.9599999999999999
0.005294569826219231,0.13199913501739502,0.9727606190106192,0.9700222462722463,0.9702346321835487,0.9699999999999999
0.006593638934039821,0.13446664810180664,0.9698565786065786,0.9671651034151035,0.967221866775665,0.9666666666666667
0.005212789682749038,0.1380714476108551,0.9723792411292412,0.9695592833092833,0.9700573835062999,0.9699999999999999
0.004599320547034343,0.13409018516540527,0.9695282957782957,0.9668284030784031,0.9671343528851494,0.9666666666666667
0.006200441993617763,0.12902352213859558,0.9718226680726681,0.9696855459355459,0.9699222772220709,0.9699999999999999
0.006744294534049307,0.12948812544345856,0.9728742553742554,0.9698370610870611,0.9705437382821285,0.9699999999999999
0.00856668896934328,0.13414029777050018,0.9678868816368816,0.9653132515632517,0.9655426687806776,0.965
0.005312146483144413,0.141788050532341,0.9677959077959079,0.9663774651274651,0.9658888140259457,0.9666666666666668
0.005138571194644707,0.1374024748802185,0.9659188034188034,0.9645256132756131,0.9640413446912639,0.965
0.005978051803443425,0.1291423887014389,0.9734640822140822,0.9712006974506974,0.9715139613265427,0.9716666666666666
0.007284546857893777,0.14220210909843445,0.9686760924260924,0.9650817700817701,0.9653001179591792,0.965
0.004577243186455841,0.1356576830148697,0.9727606190106192,0.9700222462722463,0.9702346321835487,0.9699999999999999
0.007033586691250093,0.13723677396774292,0.9673076923076924,0.9661922799422799,0.9656431753548795,0.9666666666666667
0.005926145939156413,0.13510149717330933,0.9734818422318422,0.9710612073112074,0.971142077931574,0.9716666666666666
0.005215475612203591,0.15132354199886322,0.9620182132682134,0.9598629148629149,0.9588629468363954,0.96
0.00435511286923429,0.15029464662075043,0.969108645983646,0.9640626503126505,0.9640721101020828,0.9633333333333333
0.003809457392587016,0.13966326415538788,0.9725316812816813,0.9695460557960559,0.9698980419156084,0.9699999999999999
0.004579588031144037,0.14430846273899078,0.9719044612794613,0.9674627224627225,0.9681982852776364,0.9683333333333333
0.0053650467210294055,0.134500652551651,0.9726537814037814,0.9700222462722463,0.9700326654943696,0.9699999999999999
0.003720977249031421,0.1382453590631485,0.9694020331520332,0.9665037277537278,0.9669536035249457,0.9666666666666667
0.004461293564721321,0.13941088318824768,0.9727606190106192,0.9700222462722463,0.9702346321835487,0.9699999999999999
0.0048987616852779565,0.13910211622714996,0.9710686998186998,0.9681703944203944,0.9685450822216874,0.9683333333333333
0.004187627292897862,0.1382627785205841,0.9738389850889851,0.9712127224627225,0.9713770655616799,0.9716666666666667
0.006101542268879712,0.14197562634944916,0.9698565786065786,0.9671651034151035,0.967221866775665,0.9666666666666667
0.004524887769851678,0.14679527282714844,0.96758806008806,0.9653132515632517,0.9652749856840471,0.965
0.004131535252478595,0.140105202794075,0.9725316812816813,0.9695460557960559,0.9698980419156084,0.9699999999999999
0.0034007203648798168,0.14024949073791504,0.9678868816368816,0.9653132515632517,0.9655426687806776,0.965
0.00431972057413077,0.1451011747121811,0.9712901450401451,0.9683555796055797,0.9685099945023893,0.9683333333333333
0.005672018705809023,0.14240653812885284,0.9698565786065786,0.9671651034151035,0.967221866775665,0.9666666666666667
0.0053343322457900895,0.1367555558681488,0.9693767806267807,0.9665037277537278,0.9668744438533107,0.9666666666666667
0.0033845570045135296,0.14071619510650635,0.9694020331520332,0.9665037277537278,0.9669536035249457,0.9666666666666667
0.0037455965260354183,0.13351836800575256,0.9720566933066933,0.9693608706108706,0.9697016228645879,0.9699999999999999
0.004541580317891203,0.1390496790409088,0.9694020331520332,0.9665037277537278,0.9669536035249457,0.9666666666666667
0.003633724343671929,0.14186397194862366,0.9688953176453176,0.9661790524290526,0.966548000144514,0.9666666666666667
0.003294913525072237,0.14174619317054749,0.9724500962000963,0.9695460557960559,0.9697752348980644,0.9699999999999999
0.0037308018072508276,0.14252009987831116,0.9710165297665297,0.9683555796055797,0.9684871071713402,0.9683333333333333
0.0036580210629229746,0.1424686312675476,0.9713717301217302,0.9683555796055797,0.9686328015199331,0.9683333333333333
0.003970432046723242,0.14377427101135254,0.9710165297665297,0.9683555796055797,0.9684871071713402,0.9683333333333333
0.005422100415065263,0.1555967628955841,0.9635341972841972,0.9603589466089466,0.9604677408859668,0.9616666666666668
0.0034922798367915675,0.13912761211395264,0.9694020331520332,0.9666552429052429,0.9668137849596997,0.9666666666666667
0.002783395531878341,0.14383892714977264,0.9727606190106192,0.9700222462722463,0.9702346321835487,0.9699999999999999
0.003788537952156427,0.15053443610668182,0.9701362988862989,0.9657960557960559,0.9664278722385421,0.9666666666666667
0.0034854293771786615,0.14859157800674438,0.9725316812816813,0.9695460557960559,0.9698980419156084,0.9699999999999999
0.003925222485122504,0.1420648694038391,0.9680131442631442,0.9649885762385763,0.9652119542960843,0.965
0.004479911515469818,0.15105342864990234,0.9728072390572392,0.9695460557960559,0.9699662108386655,0.9699999999999999
0.002914712778874673,0.14635755121707916,0.9691032116032116,0.9665037277537278,0.9666859204283152,0.9666666666666667
0.0023620291807067892,0.1466241180896759,0.9698565786065786,0.9671651034151035,0.967221866775665,0.9666666666666667
0.004269090231294588,0.1471228450536728,0.9717084304584304,0.9688317700817701,0.9690794519149839,0.9683333333333333
0.0032978891055487716,0.14749762415885925,0.9642294742294742,0.9619462481962482,0.9618541384601982,0.9616666666666668
0.002625558612635359,0.14612138271331787,0.9725316812816813,0.9695460557960559,0.9698980419156084,0.9699999999999999
0.00590687055955641,0.1493460237979889,0.9707856495356495,0.9684818422318422,0.9683546403359747,0.9683333333333333
0.0060822935702162795,0.1462833285331726,0.9633889258889258,0.9614363876863877,0.9608798753382143,0.9616666666666666
0.004870971664786339,0.14904044568538666,0.9698565786065786,0.9671651034151035,0.967221866775665,0.9666666666666667
0.0035482113695858666,0.14750996232032776,0.9713717301217302,0.9683555796055797,0.9686328015199331,0.9683333333333333
0.0031839509659524388,0.14115163683891296,0.9677353664853664,0.9649885762385764,0.9652827597488388,0.965
0.003048906883729311,0.14378012716770172,0.9707909220409222,0.9681703944203944,0.9685554341885613,0.9683333333333333
0.003999997129236969,0.14078639447689056,0.9662202149702148,0.9637981000481002,0.9638718250045707,0.9633333333333334
0.003407192646894449,0.1420840471982956,0.9725316812816813,0.9695460557960559,0.9698980419156084,0.9699999999999999
0.0028931419001310132,0.16119082272052765,0.9684524924966103,0.9613768638768639,0.9620993097851227,0.9616666666666668
0.003802673614700325,0.15354320406913757,0.9673860398860398,0.964651875901876,0.9649172107948188,0.965
0.0037543261460086796,0.15311628580093384,0.9715446127946129,0.9681571669071669,0.9684669009697905,0.9683333333333333
0.0034124145604437217,0.14581657946109772,0.9671082621082622,0.964651875901876,0.9649275627616927,0.965
0.00374842143113104,0.14571529626846313,0.9698565786065786,0.9671651034151035,0.967221866775665,0.9666666666666667
0.004196751967053085,0.15418463945388794,0.9714183501683502,0.9674627224627225,0.9679717318876647,0.9683333333333333
0.003751870693425493,0.15096652507781982,0.9728072390572392,0.9695460557960559,0.9699662108386655,0.9699999999999999
0.002500470198962527,0.14621534943580627,0.973223581973582,0.9700222462722463,0.970490386659252,0.9699999999999999
0.0039575980287433294,0.1444987654685974,0.9708650146150145,0.9680309042809044,0.9682271981395014,0.9683333333333333
0.002831667719874531,0.15355940163135529,0.9710165297665297,0.9683555796055797,0.9684871071713402,0.9683333333333333
0.004302177934732754,0.1519019603729248,0.9710165297665297,0.9683555796055797,0.9684871071713402,0.9683333333333333
0.0034360033581227376,0.1507410705089569,0.9724500962000963,0.9695460557960559,0.9697752348980644,0.9699999999999999
0.00443946542024302,0.15015272796154022,0.9694146594146593,0.9669799182299182,0.9670534111517308,0.9666666666666667
0.004223969869296222,0.15014375746250153,0.9713717301217302,0.9683555796055797,0.9686328015199331,0.9683333333333333
0.0018280161384609528,0.15165409445762634,0.9725316812816813,0.9695460557960559,0.9698980419156084,0.9699999999999999
0.0022342576727775545,0.15264064073562622,0.9725316812816813,0.9695460557960559,0.9698980419156084,0.9699999999999999
0.0023398914199788123,0.15350167453289032,0.9725316812816813,0.9695460557960559,0.9698980419156084,0.9699999999999999
0.002447327999107074,0.14957045018672943,0.9725316812816813,0.9695460557960559,0.9698980419156084,0.9699999999999999
0.004385284290037816,0.15320006012916565,0.9646587671587672,0.9634734247234248,0.9626269092640408,0.9633333333333334
0.0034255470066758185,0.15662358701229095,0.9725316812816813,0.9695460557960559,0.9698980419156084,0.9699999999999999
0.0018805433331484285,0.15086930990219116,0.9641032116032116,0.9616215728715729,0.9616733890999943,0.9616666666666668
0.002766181125480216,0.1514561027288437,0.9713717301217302,0.9683555796055797,0.9686328015199331,0.9683333333333333
0.0033142876151638725,0.15840181708335876,0.9689037814037814,0.9665037277537278,0.9665728599994652,0.9666666666666667
0.00270327550242655,0.15378257632255554,0.967436544936545,0.9649885762385764,0.9650150766522083,0.965
0.0025366104406809122,0.1560203731060028,0.9712901450401451,0.9683555796055797,0.9685099945023893,0.9683333333333333
0.0028770484786946326,0.1569170206785202,0.9691032116032116,0.9665037277537278,0.9666859204283152,0.9666666666666667
0.0021597638369712513,0.1530912071466446,0.9657446257446258,0.9631367243867244,0.9632650732044663,0.9633333333333334
0.0029317338133599455,0.15703386068344116,0.9725316812816813,0.9695460557960559,0.9698980419156084,0.9699999999999999
0.0027152155804894087,0.1543560028076172,0.9725316812816813,0.9695460557960559,0.9698980419156084,0.9699999999999999
0.0030984344969814024,0.15180213749408722,0.9743019480519481,0.9712127224627225,0.9716328200373833,0.9716666666666666
0.002094387998416399,0.15309417247772217,0.9724500962000963,0.9695460557960559,0.9697752348980644,0.9699999999999999
0.002187844462847958,0.15544924139976501,0.9725316812816813,0.9695460557960559,0.9698980419156084,0.9699999999999999
0.003122212423477322,0.15097390115261078,0.9657446257446258,0.9631367243867244,0.9632650732044663,0.9633333333333334
0.002016969934629742,0.15077896416187286,0.9707834295334296,0.9680309042809044,0.9681043911219575,0.9683333333333333
0.003895740255150789,0.1634538471698761,0.970641835016835,0.9660738335738336,0.9666989754087614,0.9666666666666667
0.0023224432394878627,0.15178149938583374,0.9662202149702148,0.9637981000481002,0.9638718250045707,0.9633333333333334
0.002031416809283352,0.15591058135032654,0.9674112924112923,0.964651875901876,0.964996370466454,0.965
0.0020163632313294024,0.15368960797786713,0.96258806008806,0.9604310966810967,0.9602624543557262,0.9600000000000001
0.0019632778518522778,0.163001149892807,0.9728072390572392,0.9695460557960559,0.9699662108386655,0.9699999999999999
0.0030539417324083238,0.16965268552303314,0.9698565786065786,0.9671651034151035,0.967221866775665,0.9666666666666667
0.0021604304104888192,0.1583777219057083,0.9620000370000369,0.959769721019721,0.9592780446745987,0.96
0.004572694395998648,0.15482082962989807,0.9724500962000963,0.9695460557960559,0.9697752348980644,0.9699999999999999
0.0025273908007269106,0.154875248670578,0.9694197931697932,0.9665157527657527,0.966441901564731,0.9666666666666667
0.00204436047594451,0.16313019394874573,0.9724500962000963,0.9695460557960559,0.9697752348980644,0.9699999999999999
0.0017487359727965668,0.15700094401836395,0.9712017149517148,0.9685070947570948,0.9686738485345522,0.9683333333333333
0.002240868161607068,0.15208329260349274,0.9691730954230953,0.9661790524290526,0.9665376481776402,0.9666666666666667
0.0024179838316437476,0.15502212941646576,0.9680131442631441,0.9649885762385764,0.9652724077819651,0.965
0.0012931948998205673,0.1582559049129486,0.9724500962000963,0.9695460557960559,0.9697752348980644,0.9699999999999999
0.004296442725414333,0.15171709656715393,0.9713717301217302,0.9683555796055797,0.9686328015199331,0.9683333333333333
0.002168787469903085,0.15682299435138702,0.9713717301217302,0.9683555796055797,0.9686328015199331,0.9683333333333333
0.0019088645312876906,0.15421560406684875,0.9725316812816813,0.9695460557960559,0.9698980419156084,0.9699999999999999
0.0020714452948595863,0.1536111831665039,0.9677143227143228,0.9649885762385763,0.9649442711994537,0.965
0.001993406724068336,0.16585472226142883,0.9702819865319866,0.9657960557960559,0.9663802531909229,0.9666666666666667
0.003013589982098589,0.1546410322189331,0.9725316812816813,0.9695460557960559,0.9698980419156084,0.9699999999999999
0.0022203667879997133,0.15263238549232483,0.9759223184223185,0.9728793891293891,0.9733653696552471,0.9733333333333333
0.002114196033896102,0.1553593873977661,0.9725316812816813,0.9695460557960559,0.9698980419156084,0.9699999999999999
0.0024305948876038506,0.1544652283191681,0.9724500962000963,0.9695460557960559,0.9697752348980644,0.9699999999999999
0.0022562683661817573,0.1554240882396698,0.9705619843119844,0.967694203944204,0.9682188439206209,0.9683333333333333
0.0021906852671236265,0.1591731160879135,0.9713717301217302,0.9683555796055797,0.9686328015199331,0.9683333333333333
0.0017931131393803905,0.15750692784786224,0.9713717301217302,0.9683555796055797,0.9686328015199331,0.9683333333333333
0.001447608795084913,0.15432468056678772,0.969730315980316,0.9669919432419433,0.9669012988502153,0.9666666666666667
0.0028325416133156978,0.15517279505729675,0.9724500962000963,0.9695460557960559,0.9697752348980644,0.9699999999999999
0.002561993067502044,0.15690794587135315,0.9712901450401451,0.9683555796055797,0.9685099945023893,0.9683333333333333
0.0013986798270101037,0.15667782723903656,0.9724500962000963,0.9695460557960559,0.9697752348980644,0.9699999999999999
0.002412317759687236,0.15513771772384644,0.9696234783734784,0.9668404280904282,0.9668391507262823,0.9666666666666667
0.002070832751390602,0.15542300045490265,0.9707834295334296,0.9680309042809044,0.9681043911219575,0.9683333333333333
0.00149598401064092,0.1521281898021698,0.9707834295334296,0.9680309042809044,0.9681043911219575,0.9683333333333333
0.0022262749577445597,0.15612107515335083,0.9724500962000963,0.9695460557960559,0.9697752348980644,0.9699999999999999
0.0013144907740449223,0.15447311103343964,0.9725316812816813,0.9695460557960559,0.9698980419156084,0.9699999999999999
0.002284750183510672,0.17240409553050995,0.9680720396161573,0.9631697931697932,0.9635855013462457,0.9633333333333334
0.00184950477463038,0.15198753774166107,0.9653796666296667,0.9632882395382395,0.9628371083967059,0.9633333333333334
0.001906368731094214,0.15795928239822388,0.9724500962000963,0.9695460557960559,0.9697752348980644,0.9699999999999999
0.0024250967035186477,0.1552075445652008,0.9708650146150145,0.9680309042809044,0.9682271981395014,0.9683333333333333
0.0015668969596542108,0.15304216742515564,0.9675316812816813,0.964663900913901,0.9648855105872874,0.965
0.001576372250080264,0.15880240499973297,0.9657446257446258,0.9631367243867244,0.9632650732044663,0.9633333333333334
0.0015834615430018555,0.16111724078655243,0.9695535483035482,0.9668404280904282,0.9668898076716762,0.9666666666666667
0.0016846690402113988,0.16301406919956207,0.9724500962000963,0.9695460557960559,0.9697752348980644,0.9699999999999999
0.0025323875718944087,0.1575135588645935,0.9642685555185554,0.9616215728715729,0.9612249257662167,0.9616666666666666
0.0012448151865100954,0.15791377425193787,0.9666495078995078,0.9634734247234248,0.9636099182247385,0.9633333333333334
0.002773339964430003,0.16183291375637054,0.9633636733636735,0.9612848725348725,0.9608800807459444,0.9616666666666666
0.0015923322340919792,0.15827083587646484,0.9675316812816813,0.964663900913901,0.9648855105872874,0.965
0.0021351796482728482,0.1692337840795517,0.9714183501683502,0.9674627224627225,0.9679717318876647,0.9683333333333333
0.0017584517275584706,0.15993395447731018,0.9708650146150145,0.9680309042809044,0.9682271981395014,0.9683333333333333
0.0016667690166893105,0.15998798608779907,0.9724500962000963,0.9695460557960559,0.9697752348980644,0.9699999999999999
0.0025187813116644975,0.1617392748594284,0.9724500962000963,0.9695460557960559,0.9697752348980644,0.9699999999999999
0.0025209722225554287,0.1659732609987259,0.9725316812816813,0.9695460557960559,0.9698980419156084,0.9699999999999999
0.0012825154129435152,0.16241684556007385,0.9713717301217302,0.9683555796055797,0.9686328015199331,0.9683333333333333
0.0017499558828906932,0.17108693718910217,0.9633636733636735,0.9612848725348725,0.9608800807459444,0.9616666666666666
0.0019064969080015242,0.1569167524576187,0.9688953176453176,0.9661790524290526,0.966548000144514,0.9666666666666667
0.0014246785697954085,0.15604552626609802,0.9691730954230954,0.9661790524290524,0.9664771946917594,0.9666666666666667
0.002473793058015872,0.16052363812923431,0.9724500962000963,0.9695460557960559,0.9697752348980644,0.9699999999999999
0.0014288216261775233,0.16115637123584747,0.9685964960964961,0.9661790524290526,0.9662803170478834,0.9666666666666667
0.0014777494992207114,0.1627514809370041,0.9693498630998629,0.9668404280904282,0.9668162633952333,0.9666666666666667
0.0018017739930655807,0.16314125061035156,0.9725316812816813,0.9695460557960559,0.9698980419156084,0.9699999999999999
0.0014504816002348282,0.169220969080925,0.9728072390572392,0.9695460557960559,0.9699662108386655,0.9699999999999999
0.0025625920097809285,0.16847941279411316,0.9724500962000963,0.9695460557960559,0.9697752348980644,0.9699999999999999
0.0014268191201457132,0.15910565853118896,0.9678094590594589,0.964663900913901,0.9648751586204137,0.965
0.0021985966377542354,0.16321329772472382,0.9724500962000963,0.9695460557960559,0.9697752348980644,0.9699999999999999
0.0013556322483054828,0.16173155605793,0.9643809893809893,0.9616215728715729,0.9616630371331206,0.9616666666666668
0.0020585517243792615,0.16860535740852356,0.9724500962000963,0.9695460557960559,0.9697752348980644,0.9699999999999999
0.0012894197898276616,0.163726806640625,0.9708397620897621,0.967694203944204,0.9682084919537471,0.9683333333333333
0.000986194211388162,0.16251668334007263,0.9725316812816813,0.9695460557960559,0.9698980419156084,0.9699999999999999
0.002134961025149096,0.16426150500774384,0.9725316812816813,0.9695460557960559,0.9698980419156084,0.9699999999999999
0.003933712737004195,0.15755772590637207,0.9725316812816813,0.9695460557960559,0.9698980419156084,0.9699999999999999
0.001141694456843349,0.15857796370983124,0.9675316812816813,0.964663900913901,0.9648855105872874,0.965
0.002159142071225991,0.16836771368980408,0.9725316812816813,0.9695460557960559,0.9698980419156084,0.9699999999999999
0.00144812852886389,0.15964752435684204,0.9671335146335148,0.964803391053391,0.9648669038680818,0.965
0.0018435637163444578,0.16555920243263245,0.9657446257446257,0.9631367243867245,0.9633255266903471,0.9633333333333334
0.00160418996529188,0.1612476408481598,0.9688953176453176,0.9661790524290526,0.966548000144514,0.9666666666666667
0.0024434694399436316,0.16529762744903564,0.9725316812816813,0.9695460557960559,0.9698980419156084,0.9699999999999999
0.0018535628599541572,0.16554570198059082,0.9660224035224035,0.9631367243867244,0.9632547212375925,0.9633333333333334
0.0014804114944126923,0.1654323935508728,0.9759223184223185,0.9728793891293891,0.9733653696552471,0.9733333333333333
0.0019533032997666546,0.16609974205493927,0.9724500962000963,0.9695460557960559,0.9697752348980644,0.9699999999999999
0.0018341924042033497,0.16062362492084503,0.9666495078995078,0.9634734247234248,0.9636099182247385,0.9633333333333334
0.0013719588799479727,0.16064533591270447,0.9660224035224035,0.9631367243867244,0.9632547212375925,0.9633333333333334
0.0014940885618367854,0.16632112860679626,0.967436544936545,0.9649885762385764,0.9650150766522083,0.965
0.0018244906726370875,0.17035463452339172,0.9724500962000963,0.9695460557960559,0.9697752348980644,0.9699999999999999
0.0016581897410408903,0.16218188405036926,0.9724500962000963,0.9695460557960559,0.9697752348980644,0.9699999999999999
0.0017234725946764229,0.16570614278316498,0.9678094590594589,0.964663900913901,0.9648751586204137,0.965
0.0012567988087539561,0.16826075315475464,0.9724500962000963,0.9695460557960559,0.9697752348980644,0.9699999999999999
0.0013849226343154442,0.16504892706871033,0.9725316812816813,0.9695460557960559,0.9698980419156084,0.9699999999999999
0.0016171457997794885,0.16611209511756897,0.9725316812816813,0.9695460557960559,0.9698980419156084,0.9699999999999999
0.0022960109272389673,0.1683904379606247,0.9666495078995078,0.9634734247234248,0.9636099182247385,0.9633333333333334
0.0013231778393674176,0.1654413491487503,0.9678094590594589,0.964663900913901,0.9648751586204137,0.965
0.0018322359755984508,0.16334937512874603,0.9708650146150145,0.9680309042809044,0.9682271981395014,0.9683333333333333
0.0009635557192571772,0.16413629055023193,0.9713717301217302,0.9683555796055797,0.9686328015199331,0.9683333333333333
0.0018425986697063006,0.16606734693050385,0.9708650146150145,0.9680309042809044,0.9682271981395014,0.9683333333333333
0.0016622684561298229,0.16676345467567444,0.9694197931697932,0.9665157527657527,0.966441901564731,0.9666666666666667
0.004346437908679945,0.1694863885641098,0.9724500962000963,0.9695460557960559,0.9697752348980644,0.9699999999999999
0.0010811566050203207,0.16716325283050537,0.9724500962000963,0.9695460557960559,0.9697752348980644,0.9699999999999999
0.001028004468025756,0.16932068765163422,0.9724500962000963,0.9695460557960559,0.9697752348980644,0.9699999999999999
0.0013142198865049675,0.16759127378463745,0.9666495078995078,0.9634734247234248,0.9636099182247385,0.9633333333333334
0.001396317395119695,0.1654951572418213,0.9678094590594589,0.964663900913901,0.9648751586204137,0.965
0.001903469706424706,0.16647981107234955,0.9707834295334296,0.9680309042809044,0.9681043911219575,0.9683333333333333
0.0013758061419745597,0.17030589282512665,0.9724500962000963,0.9695460557960559,0.9697752348980644,0.9699999999999999
0.0011596445147006307,0.17109110951423645,0.9679862267362266,0.9653252765752766,0.9651537738380068,0.965
0.0015485022116384546,0.1693822592496872,0.9724500962000963,0.9695460557960559,0.9697752348980644,0.9699999999999999
0.0017441993004467804,0.1647336632013321,0.9699828412328412,0.966840428090428,0.9668911522910717,0.9666666666666667
0.0015511638751680341,0.163643941283226,0.9708650146150145,0.9680309042809044,0.9682271981395014,0.9683333333333333
0.0018811788292320368,0.16614624857902527,0.9693498630998629,0.9668404280904282,0.9668162633952333,0.9666666666666667
0.0012693695910760046,0.16526392102241516,0.9695013782513783,0.9665157527657527,0.966564708582275,0.9666666666666667
0.0019974431719068284,0.1710810363292694,0.9707834295334296,0.9680309042809044,0.9681043911219575,0.9683333333333333
0.0020472624310059473,0.16536496579647064,0.9673001998001998,0.964663900913901,0.9646485824827123,0.965
0.0017464051743445452,0.16510537266731262,0.9664180264180263,0.9634734247234248,0.9633729901201634,0.9633333333333334
0.0016728534174035303,0.1617749035358429,0.9708650146150145,0.9680309042809044,0.9682271981395014,0.9683333333333333
0.0013496156486022908,0.16852137446403503,0.9672371147371147,0.9649885762385764,0.9649020162233582,0.965
0.0016441937441413756,0.1658029407262802,0.9678094590594589,0.964663900913901,0.9648751586204137,0.965
0.00191810564865591,0.16327106952667236,0.9695013782513783,0.9665157527657527,0.966564708582275,0.9666666666666667
0.0016181613282242324,0.16701959073543549,0.9695013782513783,0.9665157527657527,0.966564708582275,0.9666666666666667
0.0013690370566716108,0.16903027892112732,0.9708650146150145,0.9680309042809044,0.9682271981395014,0.9683333333333333
0.0019166122595682584,0.16919128596782684,0.9660224035224035,0.9631367243867244,0.9632547212375925,0.9633333333333334
0.0016764761276135687,0.17629942297935486,0.971165824915825,0.9680309042809042,0.9683851831706813,0.9683333333333333
0.0022667069921832685,0.17069314420223236,0.9695013782513783,0.9665157527657527,0.966564708582275,0.9666666666666667
0.001760763752827188,0.17186354100704193,0.9724500962000963,0.9695460557960559,0.9697752348980644,0.9699999999999999
0.0010223822161303058,0.16690628230571747,0.97135323010323,0.9681824194324194,0.9684222937215939,0.9683333333333333
0.0011284020213982633,0.16700711846351624,0.9672328597328597,0.964663900913901,0.9646178274906569,0.965
0.0007403065653003674,0.16512547433376312,0.9678094590594589,0.964663900913901,0.9648751586204137,0.965
0.0007224925041858418,0.1686261147260666,0.9724500962000963,0.9695460557960559,0.9697752348980644,0.9699999999999999
0.0015209639714157674,0.17462503910064697,0.9725316812816813,0.9695460557960559,0.9698980419156084,0.9699999999999999
0.001824912529021579,0.16882692277431488,0.9724500962000963,0.9695460557960559,0.9697752348980644,0.9699999999999999
0.0008214773285241487,0.16742104291915894,0.9707834295334296,0.9680309042809044,0.9681043911219575,0.9683333333333333
0.0013400597975608737,0.16953828930854797,0.9695013782513783,0.9665157527657527,0.966564708582275,0.9666666666666667
0.0014538246990317323,0.17396925389766693,0.9695013782513783,0.9665157527657527,0.966564708582275,0.9666666666666667
0.0012112246210260007,0.1689363718032837,0.9678094590594589,0.964663900913901,0.9648751586204137,0.965
0.0012983899020279448,0.16924577951431274,0.9725316812816813,0.9695460557960559,0.9698980419156084,0.9699999999999999
0.0012459332210710272,0.17095379531383514,0.9708650146150145,0.9680309042809044,0.9682271981395014,0.9683333333333333
0.0016633610406036798,0.1719086766242981,0.9708650146150145,0.9680309042809044,0.9682271981395014,0.9683333333333333
0.0011850643289411285,0.16790315508842468,0.9694197931697932,0.9665157527657527,0.966441901564731,0.9666666666666667
0.0009579482036012147,0.17358246445655823,0.9694197931697932,0.9665157527657527,0.966441901564731,0.9666666666666667
0.0010016521300713066,0.1686144769191742,0.9678094590594589,0.964663900913901,0.9648751586204137,0.965
0.0009768051919915404,0.16681262850761414,0.9724500962000963,0.9695460557960559,0.9697752348980644,0.9699999999999999
0.0011687072122488946,0.16822010278701782,0.9695013782513783,0.9665157527657527,0.966564708582275,0.9666666666666667
0.0010875712808532019,0.17348316311836243,0.9724500962000963,0.9695460557960559,0.9697752348980644,0.9699999999999999
0.0009248733731510583,0.17502842843532562,0.9743019480519481,0.9712127224627225,0.9716328200373833,0.9716666666666666
0.0012828679937229026,0.17788192629814148,0.9745334295334295,0.9712127224627225,0.9717635389916316,0.9716666666666666
0.0008848836387187475,0.16929924488067627,0.9708650146150145,0.9680309042809044,0.9682271981395014,0.9683333333333333
0.0014987963592526892,0.1777500957250595,0.9713717301217302,0.9683555796055797,0.9686328015199331,0.9683333333333333
0.0010733882184770966,0.17595389485359192,0.9708650146150145,0.9680309042809044,0.9682271981395014,0.9683333333333333
0.0010391700052423403,0.17628049850463867,0.9695013782513783,0.9665157527657527,0.966564708582275,0.9666666666666667
0.0009891316822177032,0.1765185445547104,0.9695013782513783,0.9665157527657527,0.966564708582275,0.9666666666666667
0.0013241054790948208,0.17913466691970825,0.9651343563843563,0.9622829485329486,0.9621989834804706,0.9616666666666668
0.0009697955429146532,0.17620491981506348,0.9725316812816813,0.9695460557960559,0.9698980419156084,0.9699999999999999
0.0011627997003718822,0.17051443457603455,0.9695013782513783,0.9665157527657527,0.966564708582275,0.9666666666666667
0.0016868498557111404,0.1760258972644806,0.9724500962000963,0.9695460557960559,0.9697752348980644,0.9699999999999999
0.0008674101906459933,0.1739436388015747,0.9695013782513783,0.9665157527657527,0.966564708582275,0.9666666666666667
0.0012752405473293038,0.18695878982543945,0.9714183501683502,0.9674627224627225,0.9679717318876647,0.9683333333333333
0.0009636612448957749,0.1750873178243637,0.9694197931697932,0.9665157527657527,0.966441901564731,0.9666666666666667
0.0011474147243764794,0.1732373684644699,0.9678094590594589,0.964663900913901,0.9648751586204137,0.965
0.0007553009909315733,0.16887077689170837,0.9696613109113108,0.9663305675805676,0.9667327437597327,0.9666666666666667
0.001253826101674349,0.17534524202346802,0.9708650146150145,0.9680309042809044,0.9682271981395014,0.9683333333333333
0.001187147908543314,0.17629474401474,0.9724500962000963,0.9695460557960559,0.9697752348980644,0.9699999999999999
0.0012236415065369026,0.1768207550048828,0.9708397620897621,0.967694203944204,0.9682084919537471,0.9683333333333333
0.0009817449420855457,0.17290589213371277,0.9678094590594589,0.964663900913901,0.9648751586204137,0.965
0.0011367041273236584,0.17179642617702484,0.9666495078995078,0.9634734247234248,0.9636099182247385,0.9633333333333334
0.0011046290358838935,0.17541873455047607,0.9641815591815591,0.9616215728715729,0.9615499767042707,0.9616666666666668
0.0011756997470608137,0.16757921874523163,0.9666495078995078,0.9634734247234248,0.9636099182247385,0.9633333333333334
0.0012141742117819376,0.17739653587341309,0.9725316812816813,0.9695460557960559,0.9698980419156084,0.9699999999999999
0.0006577673909002139,0.1732603758573532,0.9695013782513783,0.9665157527657527,0.966564708582275,0.9666666666666667
0.0007031140939943725,0.170696422457695,0.9708650146150145,0.9680309042809044,0.9682271981395014,0.9683333333333333
0.0008661094695222952,0.17428016662597656,0.9724500962000963,0.9695460557960559,0.9697752348980644,0.9699999999999999
0.001366818620833025,0.1738605797290802,0.9690915103415102,0.9661790524290526,0.9664148411600962,0.9666666666666667
0.0012899578808476992,0.17490601539611816,0.9678094590594589,0.964663900913901,0.9648751586204137,0.965
0.0008360793502409555,0.1739121973514557,0.9666495078995078,0.9634734247234248,0.9636099182247385,0.9633333333333334
0.0011107901597521657,0.17253568768501282,0.9666495078995078,0.9634734247234248,0.9636099182247385,0.9633333333333334
0.0011584640184689003,0.1745837926864624,0.9707834295334296,0.9680309042809044,0.9681043911219575,0.9683333333333333
0.002152411817708829,0.18137824535369873,0.9683414270914271,0.9653252765752766,0.9652994681865997,0.965
0.000983913218684999,0.17993220686912537,0.9708650146150145,0.9680309042809044,0.9682271981395014,0.9683333333333333
0.002264322578412248,0.1755385398864746,0.9684840622340621,0.9661790524290526,0.9658422056809796,0.9666666666666667
0.0013300591350950224,0.1764632910490036,0.9708650146150145,0.9680309042809044,0.9682271981395014,0.9683333333333333
0.0022801963386882562,0.17989693582057953,0.9678094590594589,0.964663900913901,0.9648751586204137,0.965
0.0010391547378579464,0.1778169572353363,0.9654285066785065,0.9628120490620491,0.9624901661618918,0.9633333333333334
0.0009565794953232398,0.1770208179950714,0.9691730954230953,0.9661790524290526,0.9665376481776402,0.9666666666666667
0.0010348450044451358,0.1765080690383911,0.9707834295334296,0.9680309042809044,0.9681043911219575,0.9683333333333333
0.0015387663740208761,0.17523464560508728,0.9642685555185554,0.9616215728715729,0.9612249257662167,0.9616666666666666
0.0017385842960114435,0.17990528047084808,0.970758177008177,0.967694203944204,0.9680856849362032,0.9683333333333333
0.0019798113523089946,0.1732756793498993,0.9724500962000963,0.9695460557960559,0.9697752348980644,0.9699999999999999
0.0009283825966122095,0.1764312982559204,0.9708650146150145,0.9680309042809044,0.9682271981395014,0.9683333333333333
0.0010084797292317187,0.1751045435667038,0.9678094590594589,0.964663900913901,0.9648751586204137,0.965
0.0008843943469400983,0.17591582238674164,0.9620000370000369,0.959769721019721,0.9592780446745987,0.96
0.0009183735334469626,0.17319846153259277,0.9708650146150145,0.9680309042809044,0.9682271981395014,0.9683333333333333
0.0006166749802408352,0.1723499745130539,0.97135323010323,0.9681824194324194,0.9684222937215939,0.9683333333333333
0.0008503569849078,0.17188672721385956,0.963159988159988,0.9609601972101972,0.9605432850702739,0.9616666666666666
0.0018091611400450347,0.17722105979919434,0.9694197931697932,0.9665157527657527,0.966441901564731,0.9666666666666667
0.0023051500150662227,0.17927448451519012,0.9620000370000369,0.959769721019721,0.9592780446745987,0.96
0.0011961872314714128,0.1743762344121933,0.967727873977874,0.964663900913901,0.9647523516028698,0.965
0.0011600013246303813,0.17354659736156464,0.9694197931697932,0.9665157527657527,0.966441901564731,0.9666666666666667
0.0008552545283843452,0.17281445860862732,0.967727873977874,0.964663900913901,0.9647523516028698,0.965
0.00110501504362522,0.17527805268764496,0.9707834295334296,0.9680309042809044,0.9681043911219575,0.9683333333333333
0.000718709556167596,0.17553596198558807,0.9678094590594589,0.964663900913901,0.9648751586204137,0.965
0.0014116595508918788,0.17250822484493256,0.9695013782513783,0.9665157527657527,0.966564708582275,0.9666666666666667
0.0012917933866750293,0.1737319678068161,0.9678094590594589,0.964663900913901,0.9648751586204137,0.965
0.0015578430284222122,0.18165358901023865,0.9691730954230953,0.9661790524290526,0.9665376481776402,0.9666666666666667
0.0011506384859482448,0.1804937720298767,0.970758177008177,0.967694203944204,0.9680856849362032,0.9683333333333333
0.000852089860321333,0.1731254756450653,0.9678094590594589,0.964663900913901,0.9648751586204137,0.965
0.0007624103891430423,0.17328280210494995,0.9694197931697932,0.9665157527657527,0.966441901564731,0.9666666666666667
0.0007071966447256273,0.1740313023328781,0.9694197931697932,0.9665157527657527,0.966441901564731,0.9666666666666667
0.0007933489747908121,0.17907319962978363,0.9724500962000963,0.9695460557960559,0.9697752348980644,0.9699999999999999
0.0014657595766038867,0.1771712750196457,0.9695013782513783,0.9665157527657527,0.966564708582275,0.9666666666666667
0.0008072535868753524,0.18047776818275452,0.9707834295334296,0.9680309042809044,0.9681043911219575,0.9683333333333333
0.0015431617906263757,0.17556320130825043,0.9691730954230953,0.9661790524290526,0.9665376481776402,0.9666666666666667
0.0006228116283940229,0.1748451590538025,0.9712716450216451,0.9681824194324194,0.96829948670405,0.9683333333333333
0.0011712891209754162,0.17409080266952515,0.9671204258704259,0.964663900913901,0.964179716123753,0.965
0.0010079940657305997,0.1715860366821289,0.9694197931697932,0.9665157527657527,0.966441901564731,0.9666666666666667
0.0018807153780168544,0.19038359820842743,0.9713137325637327,0.9678793891293892,0.9681837562013226,0.9683333333333333
0.0006675692990635677,0.18124167621135712,0.9724500962000963,0.9695460557960559,0.9697752348980644,0.9699999999999999
0.0009800259213079698,0.18081903457641602,0.9690915103415102,0.9661790524290526,0.9664148411600962,0.9666666666666667
0.0009633322382190576,0.1801394522190094,0.9676579439079438,0.9649885762385764,0.9651267134333722,0.965
