training_loss,validation_loss,precision,recall,f1,accuracy
1.6288446883360546,0.9552688598632812,0.8817212356357094,0.8624627224627224,0.8578939871611451,0.8649999999999999
0.7308282926678658,0.5452977418899536,0.9163064944314944,0.9095081770081771,0.9079993933486618,0.91
0.454895555973053,0.40179023146629333,0.9246708969135439,0.9205681818181818,0.919273570798107,0.92
0.3492201914389928,0.33122727274894714,0.9323948967698968,0.9316666666666666,0.9290310284662103,0.93
0.28441822218398255,0.2858741283416748,0.9413186581936582,0.9394444444444444,0.9376727471096115,0.9383333333333334
0.24617367486159006,0.25810831785202026,0.9376162032412032,0.9372685185185184,0.9345212245446416,0.935
0.213851942991217,0.2408680021762848,0.9497151228401228,0.9488299663299663,0.9468920143379984,0.9466666666666667
0.19073340265701214,0.21605698764324188,0.9519457625707625,0.9493590668590669,0.94894744551212,0.9483333333333333
0.1727138152346015,0.20398715138435364,0.9534338578088577,0.9519252044252045,0.9511972179200563,0.9516666666666665
0.1677284107233087,0.2027161568403244,0.9556682206682208,0.9558151108151108,0.9542850273107583,0.955
0.15019028447568417,0.18436399102210999,0.9540251877751876,0.953301467051467,0.9524880075230054,0.9533333333333333
0.13216809059182802,0.18027590215206146,0.9525957144707146,0.9512109187109189,0.9502912670672417,0.9499999999999998
0.12381681520491838,0.1721852868795395,0.954157462907463,0.9527260702260701,0.9518273908031616,0.9516666666666665
0.11651378218084574,0.16697941720485687,0.9491932373182372,0.9486315536315537,0.9469742303601122,0.9466666666666667
0.11087998499472936,0.16063092648983002,0.955189208939209,0.9542412217412218,0.9531942338366712,0.9533333333333331
0.10802159675707419,0.15402546525001526,0.9564712602212603,0.9556301106301106,0.9545855381844973,0.9549999999999997
0.10097195549557607,0.1568981558084488,0.9547682178932178,0.9528775853775854,0.9520952917929586,0.9516666666666665
0.09874727561449011,0.145614355802536,0.9566200697450696,0.9542664742664743,0.9538003216309807,0.9533333333333335
0.09524672944098711,0.14732879400253296,0.9573793798793799,0.9556301106301106,0.9548886782811157,0.9549999999999997
0.08839686556408803,0.14471536874771118,0.9601738770488769,0.9571705146705147,0.9571572556326515,0.9566666666666667
0.08232628041878343,0.14195865392684937,0.9595240407740407,0.9588570226070225,0.958217190603178,0.9583333333333334
0.08026202395558357,0.13987575471401215,0.9598435360935361,0.9590554353054354,0.9583521601340285,0.9583333333333334
0.07587440637871623,0.13832394778728485,0.9638101713101713,0.9630778018278018,0.9625980913669797,0.9633333333333333
0.07475209282711148,0.14106376469135284,0.9601246207496207,0.9568458393458394,0.956956461053744,0.9566666666666666
0.0721039199270308,0.13035692274570465,0.9666196766196767,0.9651160413660413,0.9650144914981255,0.9649999999999999
0.066888057316343,0.13522814214229584,0.9636984080734079,0.9607689995189995,0.960875749825974,0.96
0.06897106611480315,0.13154110312461853,0.9706672031672032,0.9693488455988457,0.9692374928363718,0.9699999999999998
0.06542589740517239,0.1314743459224701,0.9656329318829319,0.9637993025493025,0.9636492704730579,0.9633333333333333
0.06291182478889823,0.12896141409873962,0.9623184223184222,0.9608952621452621,0.9604725071073167,0.96
0.06194490877290567,0.12779837846755981,0.9643703056203056,0.962284151034151,0.9618938278480501,0.9616666666666666
0.05865714241129657,0.12477486580610275,0.9688155363155363,0.9674969937469937,0.967408705637718,0.9683333333333333
0.05640727995584408,0.12277576327323914,0.9677481777481777,0.9663065175565175,0.9662589411298299,0.9666666666666667
0.05521053564734757,0.12401165813207626,0.9661163373663372,0.9634746272246272,0.963740845564633,0.9633333333333334
0.04914014437235892,0.12276830524206161,0.9674006086506086,0.9653144540644539,0.9652271611813834,0.9649999999999999
0.05223257513716817,0.13368874788284302,0.9664856902356901,0.9633934583934582,0.9630795025845682,0.9633333333333334
0.050944961374625564,0.12085272371768951,0.9675246512746513,0.9653595478595478,0.9654317367359163,0.965
0.05045138477968673,0.12201128900051117,0.9715937303437303,0.9700102212602212,0.9699098488528649,0.9700000000000001
0.04884033013756076,0.1248701736330986,0.9634148027898027,0.9611387686387686,0.9609408793224761,0.96
0.0438966864409546,0.11772114038467407,0.9689157601657601,0.9665049302549301,0.9666855793064681,0.9666666666666667
0.04254881711676717,0.11737241595983505,0.966725589225589,0.9651160413660413,0.9649911348620237,0.965
0.04253177841504415,0.11986132711172104,0.9689157601657601,0.9665049302549301,0.9666855793064681,0.9666666666666667
0.04236399048628906,0.11818991601467133,0.9693731268731268,0.9679599567099567,0.9679905866660589,0.9683333333333332
0.04226201632991433,0.12375657260417938,0.9656049737299736,0.9625276575276575,0.9626353237669205,0.9616666666666666
0.042072896768028535,0.11346645653247833,0.9691997354497355,0.9664580327080327,0.9669080547785622,0.9666666666666667
0.03912651321540276,0.11746333539485931,0.9694568857068857,0.967370731120731,0.9676269418654777,0.9683333333333333
0.040011751310278974,0.11826305836439133,0.9670657583157584,0.9646651034151034,0.9648817980074429,0.965
0.039414024989431105,0.11560425162315369,0.9714422151922152,0.9696855459355459,0.9696974232018428,0.9700000000000001
0.03605522405511389,0.11773066222667694,0.9692222592222591,0.9667484367484368,0.966983052703899,0.9666666666666667
0.03497871352980534,0.11529184877872467,0.9703240740740741,0.9683898508898507,0.9683764704777515,0.9683333333333333
0.035070707400639854,0.11718122661113739,0.970989935989936,0.9682635882635883,0.9685609434122244,0.9683333333333333
0.0334759223430107,0.12117253243923187,0.9669883357383356,0.9646771284271285,0.964709813061094,0.9649999999999999
0.036194820422679186,0.11658080667257309,0.9746972009472009,0.9725895863395863,0.9728702162956885,0.9733333333333333
0.03369293144593636,0.11787982285022736,0.9719424556924556,0.9695592833092833,0.9697888821401631,0.9700000000000001
0.031003740344506998,0.121804378926754,0.9737343674843676,0.9706445406445406,0.9707597816110626,0.9716666666666666
0.03235510713420808,0.12057459354400635,0.9697148222148222,0.9667484367484368,0.9671261811803609,0.9666666666666667
0.031845398945733905,0.11253596842288971,0.9733668183668183,0.9707377344877344,0.9711655070615675,0.9716666666666667
0.030884218596232433,0.11932101100683212,0.9706936581936582,0.9677074314574314,0.9682069799235861,0.9683333333333334
0.029445670312270522,0.11666698753833771,0.970989935989936,0.9682635882635883,0.9685609434122244,0.9683333333333333
0.02965874830260873,0.11816223710775375,0.970989935989936,0.9682635882635883,0.9685609434122244,0.9683333333333333
0.029849317700912554,0.11457505822181702,0.9708177008177009,0.9694871332371333,0.9693678506968205,0.9699999999999999
0.028432593525697786,0.11585980653762817,0.972021682021682,0.9697787397787397,0.9699277864457341,0.9699999999999999
0.027811581695762772,0.11513334512710571,0.972021682021682,0.9697787397787397,0.9699277864457341,0.9699999999999999
0.02879383876764526,0.1155778095126152,0.9745120157620158,0.9728210678210677,0.9728977360755303,0.9733333333333333
0.026852295151911676,0.11541417241096497,0.9733335645835646,0.9705062530062528,0.9708109013416367,0.9716666666666666
0.027020326893155772,0.11692144721746445,0.9746972009472009,0.9725895863395863,0.9728702162956885,0.9733333333333333
0.025497016923812527,0.11619983613491058,0.9749076386576386,0.9729262866762866,0.972967476774898,0.9733333333333333
0.02570312151995798,0.11581620573997498,0.9749954212454214,0.9724963924963924,0.9729418277862886,0.9733333333333333
0.02615677984431386,0.12262699007987976,0.964033004033004,0.9623761423761424,0.9618046134636749,0.9616666666666668
0.025719941244460642,0.11292561888694763,0.9748487160987162,0.971696729196729,0.9722218360859047,0.9733333333333332
0.02447346815218528,0.11319246143102646,0.9752039164539165,0.9734824434824434,0.9735932799935806,0.9733333333333333
0.024796189662689965,0.11796331405639648,0.9702625615125616,0.965729316979317,0.9659358107644058,0.9666666666666667
0.02490357212567081,0.11519648134708405,0.9733335645835646,0.9705062530062528,0.9708109013416367,0.9716666666666666
0.021129459142684937,0.11489897221326828,0.9741721704221704,0.9719672919672919,0.9722264369600709,0.9716666666666667
0.02306055692800631,0.1193803995847702,0.9682121582121582,0.9667484367484368,0.9662521411034222,0.9666666666666667
0.02128651171612243,0.11420424282550812,0.9733335645835646,0.9705062530062528,0.9708109013416367,0.9716666666666666
0.02355405071284622,0.11313691735267639,0.9729110704110705,0.9703078403078402,0.9704773571349041,0.9716666666666666
0.021677703674261768,0.11372648924589157,0.9723203185703185,0.97011544011544,0.9702656526463455,0.9699999999999999
0.026350368279963732,0.11873646825551987,0.9709565897065898,0.9680651755651755,0.9678495369979193,0.9683333333333333
0.023024853978616495,0.12334619462490082,0.9679315591815593,0.9629515392015392,0.9630649280239578,0.9633333333333333
0.02158611287207653,0.11825184524059296,0.9714079439079439,0.9695592833092833,0.9695406922209205,0.9699999999999999
0.01958644820842892,0.11514568328857422,0.9738354700854702,0.9713059163059162,0.9716765873906135,0.9716666666666666
0.019811115538080532,0.11343421787023544,0.9703217615717615,0.9686002886002886,0.9682991623465219,0.9683333333333333
0.018722424807492644,0.11844669282436371,0.9706789044289045,0.9686002886002886,0.9686739685418737,0.9683333333333333
0.02047906812125196,0.11564736068248749,0.9733520646020647,0.9716305916305915,0.9716324956798551,0.9716666666666666
0.019927641047009576,0.11954592168331146,0.9755425592925593,0.9734944684944685,0.9735889378349557,0.9733333333333333
0.019889213959686458,0.12131872773170471,0.9711486198986199,0.9678126503126503,0.9677869328224245,0.9683333333333333
0.018703444589239854,0.1167316660284996,0.9746972009472009,0.9725895863395863,0.9728702162956885,0.9733333333333333
0.018265032364676397,0.11738447844982147,0.9718388555888556,0.9697907647907648,0.9699392089375488,0.9700000000000001
0.017776118882466108,0.11599542945623398,0.9735391922891924,0.9707497594997595,0.9713226239019751,0.9716666666666667
0.018474828781715285,0.12249907851219177,0.9699248436748439,0.966550024050024,0.9664826939644097,0.9666666666666667
0.019016117905266583,0.12209418416023254,0.9728094590594591,0.9690031265031265,0.9691502485190734,0.9699999999999999
0.018321041444626946,0.11962961405515671,0.972657943907944,0.9693278018278018,0.9694936997397176,0.9699999999999999
0.015248745776868114,0.117051862180233,0.9746972009472009,0.9725895863395863,0.9728702162956885,0.9733333333333333
0.017226542559607576,0.11939241737127304,0.9723203185703185,0.97011544011544,0.9702656526463455,0.9699999999999999
0.017410974755572777,0.11749717593193054,0.9702369852369852,0.9680321067821067,0.9682912517748857,0.9683333333333333
0.016118059419871617,0.11389794945716858,0.9682384282384282,0.9665169552669552,0.9663247614750622,0.9666666666666667
0.01463099371176213,0.11641325056552887,0.9719424556924556,0.9695592833092833,0.9697888821401631,0.9700000000000001
0.016053767486785848,0.11446436494588852,0.9746972009472009,0.9725895863395863,0.9728702162956885,0.9733333333333333
0.014862884088264158,0.1164795383810997,0.9729010341510342,0.9708760221260221,0.971064710600202,0.9716666666666667
0.018830008668980252,0.11707247793674469,0.9692900155400155,0.967085137085137,0.9669323193130123,0.9666666666666667
0.016626332673088957,0.11844917386770248,0.970989935989936,0.9682635882635883,0.9685609434122244,0.9683333333333333
0.015873093798290938,0.11906739324331284,0.9734371646871646,0.9715373977873978,0.9714557808684653,0.9716666666666667
0.015915707335807383,0.1248868927359581,0.9700100362600362,0.9658555796055796,0.9662261198705043,0.9666666666666667
0.015033299297404787,0.11880743503570557,0.970989935989936,0.9682635882635883,0.9685609434122244,0.9683333333333333
0.013934459576072792,0.11505866050720215,0.9768472730972731,0.9743482443482443,0.974902612100014,0.975
0.014314607678291699,0.12160959839820862,0.9724054186554186,0.9700222462722463,0.9700889378349556,0.9700000000000001
0.01566229104840507,0.12275692075490952,0.9701557239057239,0.9664237614237613,0.9664834298120248,0.9666666666666667
0.013598114407310883,0.1173965185880661,0.9729010341510342,0.9708760221260221,0.971064710600202,0.9716666666666667
0.014166117956240972,0.1180175244808197,0.9692900155400155,0.967085137085137,0.9669323193130123,0.9666666666666667
0.012455834502664706,0.11611923575401306,0.9685703185703186,0.9665169552669552,0.9666204079987789,0.9666666666666667
0.012587717501446605,0.11965122818946838,0.9724054186554186,0.9700222462722463,0.9700889378349556,0.9700000000000001
0.014445592746293793,0.1127922385931015,0.9745456857956859,0.972264911014911,0.9726103072638496,0.9733333333333333
0.014223072910681367,0.12303270399570465,0.9738758926258927,0.9714111351611351,0.9716006337413884,0.9716666666666667
0.011104144078368941,0.11494219303131104,0.9729904354904356,0.9708760221260221,0.9712198635620024,0.9716666666666666
0.012558803641392538,0.11952716112136841,0.9736907074407074,0.9716426166426166,0.9718999932512743,0.9716666666666667
0.013974476625056317,0.11758977174758911,0.9752058589558591,0.9728330928330928,0.9733109279955423,0.9733333333333333
0.012194328844392052,0.12191005796194077,0.9755425592925593,0.9734944684944685,0.9735889378349557,0.9733333333333333
0.013523928918099651,0.11707422137260437,0.9704832204832204,0.967938912938913,0.9681553400317927,0.9683333333333334
0.011532719615691652,0.11839910596609116,0.9720913808413808,0.9696392496392496,0.9699290623784051,0.9699999999999999
0.011963976993380735,0.11535510420799255,0.9731088818588818,0.9712006974506974,0.9713682669779496,0.9716666666666667
0.010573313668525467,0.11802350729703903,0.9706536519036519,0.9686002886002886,0.9685948088702386,0.9683333333333333
0.013968262802033374,0.11982177197933197,0.9692462629962629,0.966377465127465,0.9665682092652301,0.9666666666666667
0.009505890115785101,0.1170363575220108,0.9714674677174676,0.9696855459355459,0.9697765828734779,0.9700000000000001
0.011055855526744077,0.12135730683803558,0.9704357216857217,0.9681703944203944,0.9684097398399683,0.9683333333333334
0.011802910070400685,0.12298261374235153,0.9723238335738335,0.9700222462722463,0.9699661308174118,0.9700000000000001
0.012673493028463175,0.11896845698356628,0.9692900155400155,0.967085137085137,0.9669323193130123,0.9666666666666667
0.014855645208929976,0.11881285160779953,0.9679205516705518,0.9663185425685424,0.9664160579702376,0.9666666666666667
0.010374743083957583,0.11844873428344727,0.9719508732008734,0.9693608706108706,0.9698206745842364,0.9700000000000001
0.01204482966568321,0.11956416070461273,0.9737943075443075,0.9714111351611351,0.9714778267238445,0.9716666666666667
0.0116737947294799,0.11945070326328278,0.9738758926258927,0.9714111351611351,0.9716006337413884,0.9716666666666667
0.010563214503539106,0.11843369901180267,0.9719508732008734,0.9693608706108706,0.9698206745842364,0.9700000000000001
0.01138030223470802,0.11946555972099304,0.9720240407740408,0.9695592833092833,0.9699116891577071,0.9700000000000001
0.009933347115293145,0.12014850974082947,0.9719987882487883,0.9695592833092833,0.969832529486072,0.9700000000000001
0.009908321682208529,0.12287916988134384,0.9738758926258927,0.9714111351611351,0.9716006337413884,0.9716666666666667
0.009941344149410725,0.12640385329723358,0.9699031986531986,0.9662722462722463,0.9665607971433966,0.9666666666666667
0.009704688767669722,0.12390312552452087,0.9724054186554186,0.9700222462722463,0.9700889378349556,0.9700000000000001
0.009575831791153178,0.12085048854351044,0.969800801050801,0.9681703944203944,0.968105739097371,0.9683333333333334
0.010024781532896062,0.12279033660888672,0.9735391922891924,0.9707497594997595,0.9713226239019751,0.9716666666666667
0.008955068207190683,0.12230716645717621,0.9738354700854702,0.9713059163059162,0.9716765873906135,0.9716666666666666
0.010172356172309568,0.11964740604162216,0.9714674677174676,0.9696855459355459,0.9697765828734779,0.9700000000000001
0.009584481459266195,0.12553545832633972,0.9728072390572392,0.9691293891293892,0.9695735625512804,0.9699999999999999
0.009908887286049625,0.12394891679286957,0.9738389850889851,0.9712127224627225,0.9713770655616799,0.9716666666666667
0.010489430220331997,0.12237747013568878,0.9690468327968328,0.9665037277537278,0.9668079091763527,0.9666666666666667
0.009953995274069408,0.12258291244506836,0.9644874107374107,0.9614832852332852,0.961651378543816,0.9616666666666668
0.008815323371284952,0.12429919093847275,0.9724054186554186,0.9700222462722463,0.9700889378349556,0.9700000000000001
0.008539234559672574,0.12829463183879852,0.9709349446849447,0.9683555796055797,0.9683643001537963,0.9683333333333333
0.010985149216139689,0.12436626851558685,0.9690468327968328,0.9665037277537278,0.9668079091763527,0.9666666666666667
0.009109855474283298,0.12193693965673447,0.9704357216857217,0.9681703944203944,0.9684097398399683,0.9683333333333334
0.008394783702290928,0.12561513483524323,0.9724054186554186,0.9700222462722463,0.9700889378349556,0.9700000000000001
0.011231911475382125,0.12455669045448303,0.9738389850889851,0.9712127224627225,0.9713770655616799,0.9716666666666667
0.008759577128027255,0.12597106397151947,0.9710165297665297,0.9683555796055797,0.9684871071713402,0.9683333333333333
0.0082094901202557,0.11951848119497299,0.9748707311207312,0.972727873977874,0.9727439085951896,0.9733333333333333
0.007120552938431501,0.12419337034225464,0.9724054186554186,0.9700222462722463,0.9700889378349556,0.9700000000000001
0.008592680804819489,0.12301576137542725,0.9724054186554186,0.9700222462722463,0.9700889378349556,0.9700000000000001
0.0067339917877689,0.1246131882071495,0.9710165297665297,0.9683555796055797,0.9684871071713402,0.9683333333333333
0.008455098810372874,0.12722501158714294,0.9710165297665297,0.9683555796055797,0.9684871071713402,0.9683333333333333
0.007731353534230341,0.1254851520061493,0.9739205701705703,0.9712127224627225,0.9714998725792238,0.9716666666666667
0.008484240892964104,0.12298232316970825,0.9670482757982758,0.9649885762385764,0.9648414188765292,0.965
0.008295707026263699,0.12416121363639832,0.967380166130166,0.9649885762385764,0.9651370654002459,0.965
0.009471938353575146,0.12953554093837738,0.9704474229474229,0.9683688071188071,0.9683885122540953,0.9683333333333333
0.007474704616470262,0.1223803386092186,0.9702842065342066,0.9678457190957191,0.9681498308081294,0.9683333333333333
0.008302330311077336,0.12445282936096191,0.9724054186554186,0.9700222462722463,0.9700889378349556,0.9700000000000001
0.0072224123335521044,0.12501800060272217,0.9724054186554186,0.9700222462722463,0.9700889378349556,0.9700000000000001
0.009845064749242738,0.13234123587608337,0.9720482757982757,0.9698707311207312,0.9698539502048499,0.9699999999999999
0.008402558354039988,0.1328544020652771,0.9704708948458949,0.9662722462722463,0.9669101575509123,0.9666666666666667
0.006493917996219049,0.12446361780166626,0.9690215802715803,0.9665037277537278,0.9667287495047177,0.9666666666666667
0.008496506236648807,0.128275066614151,0.9724054186554186,0.9700222462722463,0.9700889378349556,0.9700000000000001
0.009759886394022033,0.13284198939800262,0.9699847837347838,0.9662722462722463,0.9666836041609406,0.9666666666666667
0.012569147918839008,0.1337030827999115,0.9714210557960558,0.9677873977873978,0.9681541935668779,0.9683333333333333
0.0065647030908924835,0.12582191824913025,0.9655931105931105,0.9634613997113998,0.9635166280174245,0.9633333333333334
0.00870183285830232,0.1266004592180252,0.9673102823102823,0.9654647667147668,0.9652059725715557,0.965
0.006722031073877588,0.126312717795372,0.9679862267362266,0.9653252765752766,0.9651537738380068,0.965
0.0074300552369095385,0.12612944841384888,0.9707387519887519,0.9685070947570948,0.9684180940588488,0.9683333333333333
0.0067150198835103465,0.12295173853635788,0.9705619843119844,0.967845719095719,0.9680790253553749,0.9683333333333333
0.006795274084045862,0.1265244334936142,0.9693498630998629,0.9668404280904282,0.9668162633952333,0.9666666666666667
0.0062766246604345115,0.12830589711666107,0.9738389850889851,0.9712127224627225,0.9713770655616799,0.9716666666666667
0.007403504569083452,0.12360816448926926,0.9690468327968328,0.9665037277537278,0.9668079091763527,0.9666666666666667
0.007348348658221464,0.1270304024219513,0.9656183631183631,0.9636129148629148,0.9634559691238137,0.9633333333333334
0.005503392642519127,0.13063466548919678,0.9710165297665297,0.9683555796055797,0.9684871071713402,0.9683333333333333
0.006238822417799383,0.12302862852811813,0.9715937303437304,0.9693608706108706,0.9694458683888846,0.9700000000000001
0.007790061664612343,0.13025757670402527,0.9658961408961408,0.9634613997113998,0.963585435722186,0.9633333333333334
0.005868607705148558,0.12863855063915253,0.9693498630998629,0.9668404280904282,0.9668162633952333,0.9666666666666667
0.005452205281471834,0.12933696806430817,0.9722539035039035,0.9695460557960559,0.9698332059125572,0.9699999999999999
0.0076998654306711005,0.1310242861509323,0.9710165297665297,0.9683555796055797,0.9684871071713402,0.9683333333333333
0.006925140536623076,0.13662022352218628,0.9702567340067341,0.9660990860990862,0.9663028188471001,0.9666666666666667
0.008546650128361458,0.12943756580352783,0.9710165297665297,0.9683555796055797,0.9684871071713402,0.9683333333333333
0.006444361812706727,0.12841646373271942,0.9724054186554186,0.9700222462722463,0.9700889378349556,0.9700000000000001
0.006591014001363267,0.13004475831985474,0.9678868816368816,0.9653132515632517,0.9655426687806776,0.965
0.005284239348839037,0.12642118334770203,0.968769055019055,0.966655242905243,0.9667388960638613,0.9666666666666667
0.0058083529099045945,0.12467791140079498,0.9718692881192882,0.9693608706108706,0.9696978675666924,0.9700000000000001
0.00626295823409843,0.12493161857128143,0.9676579439079438,0.9649885762385763,0.9650662599474913,0.965
0.007529309824652349,0.12571436166763306,0.9667783142783143,0.964803391053391,0.9647212095194888,0.965
0.007603387484171738,0.12636445462703705,0.9674054186554186,0.9651400913900914,0.9650764065066348,0.965
0.005930949041309456,0.12840533256530762,0.9676579439079438,0.9649885762385763,0.9650662599474913,0.965
0.005960733207757585,0.13504955172538757,0.9703893097643097,0.9662722462722463,0.9667873505333683,0.9666666666666667
0.0055199027216682834,0.1256828010082245,0.9707387519887519,0.9685070947570948,0.9684180940588488,0.9683333333333333
0.005239183781668544,0.1245773583650589,0.9723801661301662,0.9700222462722463,0.9700097781633206,0.9700000000000001
0.008160423235191653,0.13048270344734192,0.9678676416176417,0.9665500240500241,0.9658231553145292,0.9666666666666667
0.00656990035107204,0.1327039897441864,0.9704921004921006,0.9681703944203944,0.9682877510919307,0.9683333333333333
0.006392706437812497,0.12987813353538513,0.9707387519887519,0.9683555796055797,0.9683740823693441,0.9683333333333333
0.006306021983618848,0.12894316017627716,0.9642294742294742,0.9619462481962482,0.9618541384601982,0.9616666666666668
0.006088382292849322,0.1241135224699974,0.9702842065342066,0.9678457190957191,0.9681498308081294,0.9683333333333333
0.005383571163595964,0.12711437046527863,0.9722539035039035,0.969697570947571,0.9698290288031169,0.9699999999999999
0.004783523268997669,0.13155603408813477,0.9723238335738335,0.9700222462722463,0.9699661308174118,0.9700000000000001
0.005853227902359019,0.13392755389213562,0.9699176286676287,0.966688912938913,0.9669945295734994,0.9666666666666667
0.005444677614529307,0.12805479764938354,0.9738389850889851,0.9712127224627225,0.9713770655616799,0.9716666666666667
0.005332982565353935,0.1285475492477417,0.968769055019055,0.966655242905243,0.9667388960638613,0.9666666666666667
0.005257340191747062,0.1332324892282486,0.9723238335738335,0.9698707311207312,0.969922119127907,0.9699999999999999
0.00558290648041293,0.1302448809146881,0.9738389850889851,0.9712127224627225,0.9713770655616799,0.9716666666666667
0.005624092897051014,0.12473651021718979,0.9686896899396898,0.9665037277537278,0.9664331029810009,0.9666666666666667
0.005791886214865372,0.13136625289916992,0.9724054186554186,0.9700222462722463,0.9700889378349556,0.9700000000000001
0.0047542047589862095,0.12810733914375305,0.9691730954230954,0.9661790524290524,0.9664771946917594,0.9666666666666667
0.004287440863360341,0.13237717747688293,0.9710165297665297,0.9683555796055797,0.9684871071713402,0.9683333333333333
0.004743760815472342,0.13315601646900177,0.9660729085729085,0.9634734247234248,0.9633525870949818,0.9633333333333334
0.007867684529628605,0.13015174865722656,0.9671335146335148,0.964803391053391,0.9648669038680818,0.965
0.005268010766788696,0.13923247158527374,0.9701557239057239,0.9660738335738336,0.9664724220187897,0.9666666666666667
0.004912650644352349,0.13126212358474731,0.9660165297665296,0.9634734247234248,0.9634745758430193,0.9633333333333334
0.004399868324981071,0.13157258927822113,0.966904576904577,0.9643272005772006,0.9645303136001414,0.965
0.0048812842918171855,0.13897943496704102,0.9699847837347838,0.9662722462722463,0.9666836041609406,0.9666666666666667
0.003833783344210436,0.129853293299675,0.9696276408776408,0.966840428090428,0.9667454579424787,0.9666666666666667
0.004387165846613546,0.13118398189544678,0.9708902671402672,0.9681824194324194,0.9681665392458904,0.9683333333333333
0.004412675276398659,0.14039500057697296,0.9717524605024606,0.9676142376142377,0.9680171715738369,0.9683333333333333
0.003897588816471398,0.1326354593038559,0.967380166130166,0.9649885762385764,0.9651370654002459,0.965
0.004206162576641266,0.135640949010849,0.9725316812816813,0.9695460557960559,0.9698980419156084,0.9699999999999999
0.0036800255523606515,0.13578155636787415,0.9710165297665297,0.9683555796055797,0.9684871071713402,0.9683333333333333
0.0036034530324589773,0.13463570177555084,0.9710165297665297,0.9683555796055797,0.9684871071713402,0.9683333333333333
0.005260927112734255,0.13354232907295227,0.9710165297665297,0.9683555796055797,0.9684871071713402,0.9683333333333333
0.004218825696928737,0.13561487197875977,0.9710165297665297,0.9683555796055797,0.9684871071713402,0.9683333333333333
0.004462307202629745,0.12968724966049194,0.9717303992303994,0.9698238335738335,0.9698054281347793,0.9699999999999999
0.004480067579910004,0.13588875532150269,0.9710165297665297,0.9683555796055797,0.9684871071713402,0.9683333333333333
0.003688757108951298,0.12964841723442078,0.9725316812816813,0.9695460557960559,0.9698980419156084,0.9699999999999999
0.00454790257208515,0.134479820728302,0.9713736726236726,0.967938912938913,0.9682854348245562,0.9683333333333333
0.004728146033206333,0.1374141424894333,0.9724500962000963,0.9695460557960559,0.9697752348980644,0.9699999999999999
0.004211266078831007,0.13460789620876312,0.9693498630998629,0.9668404280904282,0.9668162633952333,0.9666666666666667
0.006282923563655156,0.1525595784187317,0.9678388047138046,0.9632419432419432,0.9635166068291882,0.9633333333333334
0.004461498559976462,0.1319114863872528,0.9674500962000963,0.964663900913901,0.9647627035697436,0.965
0.0031178680267961076,0.1360517293214798,0.9738389850889851,0.9712127224627225,0.9713770655616799,0.9716666666666667
0.0037820196739630774,0.13467736542224884,0.9692682780182779,0.9668404280904282,0.9666934563776893,0.9666666666666667
0.0032124782349759093,0.13610631227493286,0.9679862267362266,0.9653252765752766,0.9651537738380068,0.965
0.0036821178655372933,0.13073991239070892,0.9721723184223184,0.969697570947571,0.969706221785573,0.9699999999999999
0.0034477695686897882,0.13264043629169464,0.9708902671402672,0.9681824194324194,0.9681665392458904,0.9683333333333333
0.003008880104365138,0.1368948221206665,0.9739205701705703,0.9712127224627225,0.9714998725792238,0.9716666666666667
0.0032911481927537047,0.13508100807666779,0.9695013782513783,0.9665157527657527,0.966564708582275,0.9666666666666667
0.0031074572956034294,0.13426023721694946,0.9725316812816813,0.9695460557960559,0.9698980419156084,0.9699999999999999
0.0042587018057626365,0.13553071022033691,0.9738389850889851,0.9712127224627225,0.9713770655616799,0.9716666666666667
0.0035945710502952957,0.13686567544937134,0.9709349446849447,0.9683555796055797,0.9683643001537963,0.9683333333333333
0.003638753216364421,0.13257311284542084,0.9695013782513783,0.9665157527657527,0.966564708582275,0.9666666666666667
0.0032629063765246733,0.139680415391922,0.9710165297665297,0.9683555796055797,0.9684871071713402,0.9683333333333333
0.004516795486172971,0.13227759301662445,0.9722539035039035,0.969697570947571,0.9698290288031169,0.9699999999999999
0.005211886809168694,0.14461492002010345,0.9709349446849447,0.9683555796055797,0.9683643001537963,0.9683333333333333
0.005146579353701479,0.14661897718906403,0.9702819865319866,0.965947570947571,0.9662925338926773,0.9666666666666667
0.0034197936668836824,0.13931210339069366,0.9710165297665297,0.9683555796055797,0.9684871071713402,0.9683333333333333
0.004411413557439421,0.13886545598506927,0.9690179727679727,0.9668404280904282,0.9665206168715166,0.9666666666666667
0.004986202029006866,0.1438581943511963,0.9712668350168351,0.9674627224627225,0.9678995818155146,0.9683333333333333
0.0036570089675175645,0.13254626095294952,0.9676579439079438,0.9649885762385763,0.9650662599474913,0.965
0.005151235532442418,0.14004796743392944,0.9710165297665297,0.9683555796055797,0.9684871071713402,0.9683333333333333
0.003490934061119333,0.1372103989124298,0.9738389850889851,0.9712127224627225,0.9713770655616799,0.9716666666666667
0.0029898203235158385,0.13747566938400269,0.9694197931697932,0.9665157527657527,0.966441901564731,0.9666666666666667
0.003962805953051429,0.14099375903606415,0.9724500962000963,0.9695460557960559,0.9697752348980644,0.9699999999999999
0.0037477474494759613,0.14256590604782104,0.9724500962000963,0.9695460557960559,0.9697752348980644,0.9699999999999999
0.0032072516090314216,0.13807319104671478,0.9679862267362266,0.9653252765752766,0.9651537738380068,0.965
0.0032866100251946286,0.13931551575660706,0.9679862267362266,0.9653252765752766,0.9651537738380068,0.965
0.0034783251418654495,0.1479891836643219,0.9710165297665297,0.9683555796055797,0.9684871071713402,0.9683333333333333
0.004438161760238775,0.1401953399181366,0.9728072390572392,0.9691293891293892,0.9695735625512804,0.9699999999999999
0.0027276468123697364,0.13238345086574554,0.9676579439079438,0.9649885762385763,0.9650662599474913,0.965
0.0038123446259608804,0.14022023975849152,0.9693498630998629,0.9668404280904282,0.9668162633952333,0.9666666666666667
0.0036648326786234975,0.13982751965522766,0.9709349446849447,0.9683555796055797,0.9683643001537963,0.9683333333333333
0.0031549124056861424,0.13643428683280945,0.9679862267362266,0.9653252765752766,0.9651537738380068,0.965
0.0033606690000548647,0.1394970715045929,0.9709349446849447,0.9683555796055797,0.9683643001537963,0.9683333333333333
0.0038601120492482246,0.13955417275428772,0.9709349446849447,0.9683555796055797,0.9683643001537963,0.9683333333333333
0.0027643343346426263,0.13971251249313354,0.9679046416546416,0.9653252765752766,0.9650309668204629,0.965
0.0027842172664046907,0.1402299404144287,0.9679862267362266,0.9653252765752766,0.9651537738380068,0.965
0.002943636767061738,0.14149105548858643,0.9709349446849447,0.9683555796055797,0.9683643001537963,0.9683333333333333
0.0031466798245674,0.13296055793762207,0.9740452140452139,0.9720586820586821,0.9718192753836852,0.9716666666666667
0.0037416919512907043,0.13855646550655365,0.9686570374070373,0.9665620490620491,0.966413242605597,0.9666666666666667
0.0036538165586534888,0.14003698527812958,0.9679046416546416,0.9653252765752766,0.9650309668204629,0.965
0.0038585170041187666,0.14324337244033813,0.9693498630998629,0.9668404280904282,0.9668162633952333,0.9666666666666667
0.004380727802830127,0.14949746429920197,0.9682175925925925,0.9627657527657529,0.9633360628767145,0.9633333333333334
0.0032512720402640602,0.13371986150741577,0.9707834295334296,0.9680309042809044,0.9681043911219575,0.9683333333333333
0.0025640784418404414,0.13459020853042603,0.9693498630998629,0.9668404280904282,0.9668162633952333,0.9666666666666667
0.0027400398103054613,0.13851171731948853,0.9710165297665297,0.9683555796055797,0.9684871071713402,0.9683333333333333
0.0028953135042684153,0.13793738186359406,0.9738389850889851,0.9712127224627225,0.9713770655616799,0.9716666666666667
0.001927237790368963,0.14075061678886414,0.9724500962000963,0.9695460557960559,0.9697752348980644,0.9699999999999999
0.0031938203877264946,0.1425156444311142,0.9724500962000963,0.9695460557960559,0.9697752348980644,0.9699999999999999
0.002141203498467803,0.1430954784154892,0.9710165297665297,0.9683555796055797,0.9684871071713402,0.9683333333333333
0.0029443809738343893,0.13822820782661438,0.964025789025789,0.9616215728715729,0.9615173427845277,0.9616666666666668
0.0024464147645630874,0.13761010766029358,0.9679862267362266,0.9653252765752766,0.9651537738380068,0.965
0.002514705634287869,0.150445818901062,0.9699031986531986,0.9662722462722463,0.9665607971433966,0.9666666666666667
0.002761554370711868,0.13770514726638794,0.9694197931697932,0.9665157527657527,0.966441901564731,0.9666666666666667
0.002102483956453701,0.14507803320884705,0.9724500962000963,0.9695460557960559,0.9697752348980644,0.9699999999999999
0.002072634953947272,0.14415061473846436,0.9693498630998629,0.9668404280904282,0.9668162633952333,0.9666666666666667
0.0024808922074347115,0.1461816281080246,0.9710165297665297,0.9683555796055797,0.9684871071713402,0.9683333333333333
0.0023155093149398454,0.14231976866722107,0.9660165297665296,0.9634734247234248,0.9634745758430193,0.9633333333333334
0.0026294505635936125,0.14131583273410797,0.9660165297665296,0.9634734247234248,0.9634745758430193,0.9633333333333334
0.00297169249097351,0.14059703052043915,0.9724500962000963,0.9695460557960559,0.9697752348980644,0.9699999999999999
0.002421473851427436,0.13853676617145538,0.9694197931697932,0.9665157527657527,0.966441901564731,0.9666666666666667
0.002707995838136412,0.14676959812641144,0.9696023883523884,0.9680309042809044,0.967517089534656,0.9683333333333333
0.0025589855746754133,0.14568541944026947,0.9724500962000963,0.9695460557960559,0.9697752348980644,0.9699999999999999
0.002600603499255764,0.1418999880552292,0.9724500962000963,0.9695460557960559,0.9697752348980644,0.9699999999999999
0.0037341891171915145,0.14328955113887787,0.9695460557960557,0.966840428090428,0.9666226509249348,0.9666666666666667
0.0038985328646958806,0.1498657464981079,0.9714183501683502,0.9674627224627225,0.9679717318876647,0.9683333333333333
0.003105191220432365,0.14201879501342773,0.9695013782513783,0.9665157527657527,0.966564708582275,0.9666666666666667
0.0025644464355233745,0.14120012521743774,0.967727873977874,0.964663900913901,0.9647523516028698,0.965
0.0029388606975165508,0.13667753338813782,0.9689205701705702,0.9663305675805676,0.966487341250903,0.9666666666666667
0.0029713434050790966,0.14903676509857178,0.9717550505050504,0.967938912938913,0.9684183822827155,0.9683333333333333
0.003444250154037339,0.15165570378303528,0.9682928645428647,0.9644203944203945,0.9649940541990795,0.965
0.0029186532337917015,0.1399657130241394,0.9668173955673955,0.9644787157287157,0.9640919968255073,0.965
0.0032350586358613023,0.1433418095111847,0.9741708754208754,0.9712127224627225,0.9714741473466021,0.9716666666666667
0.0021583560204211003,0.14126984775066376,0.967727873977874,0.964663900913901,0.9647523516028698,0.965
0.0023639582456477606,0.14815345406532288,0.9710165297665297,0.9683555796055797,0.9684871071713402,0.9683333333333333
0.004372014865415015,0.14448684453964233,0.964349863099863,0.9618067580567581,0.9618079091763527,0.9616666666666668
0.0038037197203569426,0.14209173619747162,0.9675316812816813,0.964663900913901,0.9648855105872874,0.965
0.002708789603881693,0.1429615020751953,0.9725316812816813,0.9695460557960559,0.9698980419156084,0.9699999999999999
0.002758459927766429,0.15077826380729675,0.9662943075443075,0.9634734247234248,0.9634642238761457,0.9633333333333334
0.003418957416821892,0.14002278447151184,0.9737421837421837,0.9717219817219817,0.9718713746506854,0.9716666666666667
0.002040474093519151,0.14755752682685852,0.9676579439079438,0.9649885762385764,0.9651267134333722,0.965
0.002136703476329179,0.14104479551315308,0.9722539035039035,0.969697570947571,0.9698290288031169,0.9699999999999999
0.00229412073288889,0.1458185315132141,0.9710165297665297,0.9683555796055797,0.9684871071713402,0.9683333333333333
0.0019622756638758196,0.14333218336105347,0.9688953176453176,0.9661790524290526,0.966548000144514,0.9666666666666667
0.0028609455415183524,0.1423860341310501,0.9695013782513783,0.9665157527657527,0.966564708582275,0.9666666666666667
0.0018265263837141295,0.14877569675445557,0.9714999352499354,0.9674627224627225,0.9680945389052087,0.9683333333333333
0.0022181176900630817,0.14226923882961273,0.9676579439079438,0.9649885762385763,0.9650662599474913,0.965
0.0023363996539652967,0.15082097053527832,0.9706882469382468,0.967694203944204,0.968136341881597,0.9683333333333333
0.002246830590593163,0.1436697393655777,0.9695013782513783,0.9665157527657527,0.966564708582275,0.9666666666666667
0.0017459747529452823,0.14884918928146362,0.9679862267362266,0.9653252765752766,0.9651537738380068,0.965
0.0017776197504038767,0.14544592797756195,0.9678094590594589,0.964663900913901,0.9648751586204137,0.965
0.0024800595856504515,0.1480453461408615,0.9708902671402672,0.9681824194324194,0.9681665392458904,0.9683333333333333
0.0019281294759518157,0.1513468325138092,0.9662943075443075,0.9634734247234248,0.9634642238761457,0.9633333333333334
0.001586692418641178,0.1432584673166275,0.9721723184223184,0.9702657527657528,0.9699443170236682,0.9699999999999999
0.0020190796810008274,0.14819546043872833,0.9691983479483479,0.9663305675805676,0.9664769892840291,0.9666666666666667
0.002012715757397624,0.14837178587913513,0.9722539035039035,0.969697570947571,0.9698290288031169,0.9699999999999999
0.002440372722048778,0.14975327253341675,0.9725316812816813,0.9695460557960559,0.9698980419156084,0.9699999999999999
0.0029430611472586556,0.1441449224948883,0.9708397620897621,0.967845719095719,0.9680686733885011,0.9683333333333333
0.002181641510105692,0.15095070004463196,0.968238751988752,0.9651737614237614,0.9652854756415352,0.965
0.0023931208318875483,0.14432615041732788,0.9705619843119844,0.967845719095719,0.9680790253553749,0.9683333333333333
0.0020395919442914114,0.14873656630516052,0.9725316812816813,0.9695460557960559,0.9698980419156084,0.9699999999999999
0.0016221131178705643,0.1531713902950287,0.9699031986531986,0.9662722462722463,0.9665607971433966,0.9666666666666667
0.0015490428074069011,0.1444644033908844,0.9678094590594589,0.964663900913901,0.9648751586204137,0.965
0.0019472033188018638,0.14963477849960327,0.970758177008177,0.967694203944204,0.9680856849362032,0.9683333333333333
0.0018085435707083282,0.1536152958869934,0.9680597643097643,0.9644203944203945,0.9647990971093855,0.965
0.0018878949546585015,0.14481079578399658,0.9678094590594589,0.964663900913901,0.9648751586204137,0.965
0.0016377887150156312,0.14391708374023438,0.9704803992303992,0.9678457190957191,0.9680166718237118,0.9683333333333333
0.0025671522210662565,0.14821575582027435,0.9691730954230954,0.9661790524290524,0.9664771946917594,0.9666666666666667
0.002311446028519034,0.14629581570625305,0.9721470658970658,0.9701142376142378,0.9700049759172792,0.9699999999999999
0.00158201949185847,0.15011796355247498,0.9710165297665297,0.9683555796055797,0.9684871071713402,0.9683333333333333
0.0017996238954462267,0.1515931636095047,0.9692682780182779,0.9668404280904282,0.9666934563776893,0.9666666666666667
0.0018736772108240984,0.1528633087873459,0.9709349446849447,0.9683555796055797,0.9683643001537963,0.9683333333333333
0.001718236426919854,0.14758586883544922,0.9678094590594589,0.964663900913901,0.9648751586204137,0.965
0.002042356638412457,0.14408151805400848,0.9715121452621452,0.9693608706108706,0.9693230613713406,0.9700000000000001
0.001555088974176518,0.147806316614151,0.9738389850889851,0.9712127224627225,0.9713770655616799,0.9716666666666667
0.0026921755246197185,0.151691272854805,0.9708397620897621,0.967694203944204,0.9682084919537471,0.9683333333333333
0.0024987230899569113,0.14261925220489502,0.9704803992303992,0.9684139009139009,0.968254767061807,0.9683333333333333
0.001299511851054073,0.1465374380350113,0.9694508732008731,0.9661790524290524,0.9664668427248856,0.9666666666666667
0.0016715020828996785,0.147666335105896,0.9710165297665297,0.9683555796055797,0.9684871071713402,0.9683333333333333
0.0021455903394477596,0.15492838621139526,0.9709349446849447,0.9683555796055797,0.9683643001537963,0.9683333333333333
0.002314198935588744,0.1524377167224884,0.9649235024235024,0.9633682058682059,0.9626475065568484,0.9633333333333333
0.00205478611557434,0.14679411053657532,0.9701827801827801,0.9682287157287157,0.9678580786968524,0.9683333333333333
0.0016393440794975807,0.16514495015144348,0.9717550505050504,0.967938912938913,0.9684183822827155,0.9683333333333333
0.0021939214905917956,0.15236127376556396,0.9693498630998629,0.9668404280904282,0.9668162633952333,0.9666666666666667
0.00229984429582449,0.1609571874141693,0.9699031986531986,0.9662722462722463,0.9665607971433966,0.9666666666666667
0.0014479009514616337,0.16004657745361328,0.9710165297665297,0.9683555796055797,0.9684871071713402,0.9683333333333333
0.001381178854596025,0.15665337443351746,0.9692682780182779,0.9668404280904282,0.9666934563776893,0.9666666666666667
0.002215106275495297,0.16377142071723938,0.9698332685832686,0.9662722462722463,0.9666114540887905,0.9666666666666667
0.002377870747295674,0.15407603979110718,0.9679046416546416,0.9653252765752766,0.9650309668204629,0.965
0.0018097959327860735,0.1527564972639084,0.9642294742294742,0.9619462481962482,0.9618541384601982,0.9616666666666668
0.002663411978574004,0.15689042210578918,0.96618746993747,0.9648490860990862,0.9639774069949733,0.965
0.0017662176154165838,0.15169385075569153,0.9679046416546416,0.9653252765752766,0.9650309668204629,0.965
0.0015425021410919726,0.15075649321079254,0.9721723184223184,0.9699753487253487,0.9699976659757586,0.9699999999999999
0.0014883516838987514,0.15360750257968903,0.9679046416546416,0.9653252765752766,0.9650309668204629,0.965
0.0017016312279641472,0.14961284399032593,0.9690915103415102,0.9667472342472343,0.9666529363981914,0.9666666666666667
0.0016230033264340211,0.15178005397319794,0.9721723184223184,0.9702657527657528,0.9699443170236682,0.9699999999999999
0.0025314703040445843,0.1531192809343338,0.9656672031672032,0.9631367243867244,0.9631090268889997,0.9633333333333334
0.002369291723880451,0.15837669372558594,0.9711153198653197,0.9675553150553151,0.9681754567796048,0.9683333333333333
0.001974135872539288,0.15793293714523315,0.9738389850889851,0.9712127224627225,0.9713770655616799,0.9716666666666667
0.001559446787723573,0.15702562034130096,0.9694197931697932,0.9665157527657527,0.966441901564731,0.9666666666666667
0.0012250002691871487,0.15474122762680054,0.9721723184223184,0.969697570947571,0.969706221785573,0.9699999999999999
0.00165000387399535,0.16583609580993652,0.9693498630998629,0.9668404280904282,0.9668162633952333,0.9666666666666667
0.002413852815758825,0.16940191388130188,0.9728072390572392,0.9695460557960559,0.9699662108386655,0.9699999999999999
0.001777719175152015,0.15645691752433777,0.9679046416546416,0.9653252765752766,0.9650309668204629,0.965
0.0017949732524963717,0.1537153124809265,0.9677531265031266,0.9648490860990862,0.9647752348980644,0.965
0.0018848151060713765,0.16146090626716614,0.9685340122840124,0.965947570947571,0.965643383530515,0.9666666666666667
0.0012389848100913998,0.15220968425273895,0.9742556517556519,0.9713642376142376,0.9716945258791402,0.9716666666666667
0.0014903681512805633,0.15666356682777405,0.9724500962000963,0.9695460557960559,0.9697752348980644,0.9699999999999999
0.0014301527553470805,0.1524248570203781,0.9680994468494468,0.9665620490620491,0.9658697746032852,0.9666666666666667
0.0015736857797795285,0.1621125042438507,0.9697966385466384,0.9662722462722463,0.9665412510950492,0.9666666666666667
0.0011877011444691259,0.1569850742816925,0.9694197931697932,0.9665157527657527,0.966441901564731,0.9666666666666667
0.0020293818476299443,0.1583259105682373,0.9679862267362266,0.9653252765752766,0.9651537738380068,0.965
0.0016988087093826227,0.15287324786186218,0.9730531505531506,0.9717219817219817,0.9711759321540248,0.9716666666666667
0.0014742128369107377,0.15988779067993164,0.9676579439079438,0.9649885762385764,0.9651267134333722,0.965
0.0012649747368413955,0.15397875010967255,0.967727873977874,0.964663900913901,0.9647523516028698,0.965
0.001304433325761541,0.16056889295578003,0.9693246105746106,0.9665037277537278,0.9667975572094791,0.9666666666666667
0.0011051377696276177,0.15477782487869263,0.9724500962000963,0.9695460557960559,0.9697752348980644,0.9699999999999999
0.0024694692522947057,0.15700319409370422,0.9692430254930255,0.9665037277537278,0.9666747501919352,0.9666666666666667
0.0020778802948674033,0.15297165513038635,0.9724500962000963,0.9695460557960559,0.9697752348980644,0.9699999999999999
0.0023188604657965093,0.16273778676986694,0.9699847837347838,0.9662722462722463,0.9666836041609406,0.9666666666666667
0.0013977810655584715,0.15857766568660736,0.9709349446849447,0.9683555796055797,0.9683643001537963,0.9683333333333333
0.0011889664626020628,0.15214507281780243,0.9721723184223184,0.969697570947571,0.969706221785573,0.9699999999999999
0.002663744608677613,0.1575380563735962,0.9709349446849447,0.9683555796055797,0.9683643001537963,0.9683333333333333
0.0019760705617954955,0.15777462720870972,0.964880166130166,0.9634734247234248,0.9627385460452048,0.9633333333333334
0.0017686520362379572,0.16636773943901062,0.9659912772412772,0.9633219095719096,0.9633995932808245,0.9633333333333334
