training_loss,validation_loss,precision,recall,f1,accuracy
1.6001358106732368,0.9288541674613953,0.8796408075355444,0.879241637991638,0.8725952231822567,0.8766666666666668
0.7132669935623804,0.5205813646316528,0.9142756549006549,0.9162403799903799,0.9111589121628946,0.9133333333333334
0.4438792069753011,0.3873911499977112,0.9218231536981537,0.9222588985088985,0.9179967450027595,0.92
0.34344711278875667,0.31642386317253113,0.9363426388426389,0.9356800144300145,0.9334840775179313,0.935
0.28345265922447044,0.27939772605895996,0.9356635725385726,0.935806277056277,0.9328906622673795,0.9349999999999999
0.2366124950349331,0.25003787875175476,0.945416527916528,0.9454443241943243,0.9439207168172707,0.945
0.21051430205504099,0.23079346120357513,0.946301453176453,0.9461640211640212,0.9442017455731796,0.945
0.1849522776901722,0.21730361878871918,0.9524171430421431,0.9502585377585379,0.9496519774743118,0.9500000000000001
0.17222586274147034,0.20146797597408295,0.9480394142894144,0.9484529822029822,0.9463937847236744,0.9483333333333334
0.15562078015257916,0.19650590419769287,0.9496540959040959,0.9490680615680614,0.9471482605959207,0.9483333333333334
0.1432667514309287,0.1816205233335495,0.9541902079402081,0.9523959836459838,0.9523159859213037,0.9533333333333335
0.13456305116415024,0.1812252402305603,0.9548115541865543,0.952771164021164,0.9521005440874153,0.9516666666666665
0.12606237642467022,0.16663867235183716,0.9561967199467202,0.9549555074555075,0.9546079284168866,0.955
0.11394249865164359,0.16269397735595703,0.9538035575535577,0.9518999518999519,0.9517647184429262,0.9516666666666665
0.11049938419212897,0.16109557449817657,0.9565813353313355,0.9552332852332853,0.9548832907357272,0.955
0.1014245484645168,0.1566874384880066,0.9575491637991639,0.9552801827801828,0.955232320241126,0.9549999999999997
0.0949936347703139,0.1554940789937973,0.9575851232101233,0.9558014670514671,0.9554018529150398,0.955
0.091396347930034,0.1507195085287094,0.9595104895104897,0.9585070947570947,0.9580763367964202,0.9583333333333334
0.09040484003101786,0.15001533925533295,0.9564461695711696,0.9539165464165466,0.9538755987101166,0.9533333333333331
0.0858476556216677,0.14537914097309113,0.9583242451992452,0.9555236892736895,0.955658711954192,0.9549999999999997
0.08333691225076716,0.1455983966588974,0.9588936295186296,0.9570640933140934,0.9563834468895333,0.9566666666666666
0.08005946408957243,0.13737745583057404,0.9594799644799646,0.9582635882635883,0.9578668443533386,0.9583333333333335
0.07483565667644143,0.13894686102867126,0.9605712343212344,0.9587055074555075,0.9585053904319957,0.9583333333333335
0.07815802392239372,0.13594408333301544,0.956371498871499,0.9556499518999519,0.9548740647344992,0.9549999999999997
0.06841857405379415,0.13447315990924835,0.9595196470196471,0.9588317700817702,0.9581753735621237,0.9583333333333335
0.0673939916305244,0.13133175671100616,0.9612115662115662,0.9603469215969217,0.9598486186177216,0.9600000000000001
0.06308721331879497,0.13106203079223633,0.9643174880674881,0.9629262866762868,0.9628132847889095,0.9633333333333334
0.06533308917035659,0.1350078284740448,0.9631924556924556,0.962739898989899,0.9620120458298304,0.9633333333333334
0.06002016831189394,0.12921836972236633,0.9634943297443299,0.9617358104858106,0.9616585389499533,0.9616666666666668
0.057717157915855445,0.12866804003715515,0.9559184565434568,0.9541348003848005,0.9537351862483732,0.9533333333333333
0.058271969590956964,0.13116715848445892,0.9636907074407074,0.9627867965367966,0.9623985000894731,0.9633333333333333
0.05678064888343215,0.12733405828475952,0.9590966209716211,0.9569125781625782,0.9567224424350506,0.9566666666666666
0.05009633651934564,0.12713949382305145,0.9653311040811041,0.9644534632034633,0.9640885159964333,0.965
0.0506023937681069,0.12777577340602875,0.9637826987826988,0.9619342231842233,0.9617280801567495,0.9616666666666668
0.048742456206430994,0.1304648369550705,0.9631849400599402,0.9606625781625783,0.9604618570414729,0.96
0.0491076842105637,0.12678489089012146,0.9653311040811041,0.9644534632034633,0.9640885159964333,0.965
0.044160348596051335,0.12491695582866669,0.9599271561771562,0.9582293169793171,0.9581065300331352,0.9583333333333334
0.0467458590089033,0.12059260904788971,0.9622409534909536,0.9614111351611352,0.9611561216046566,0.9616666666666668
0.04708340857177973,0.12391212582588196,0.9617380304880304,0.960981240981241,0.9604399017070867,0.9616666666666668
0.04338783910498023,0.12570887804031372,0.9611499380249381,0.9585792448292448,0.9586030775950974,0.9583333333333331
0.04236817895434797,0.12232004106044769,0.9634943297443299,0.9617358104858106,0.9616585389499533,0.9616666666666668
0.0421452015483131,0.12295185029506683,0.9633701252451252,0.9599681337181337,0.9604051909730623,0.96
0.04266214075808724,0.119754359126091,0.9676314888814889,0.9646651034151034,0.9651517803089011,0.965
0.04037073076081773,0.12102805823087692,0.9628758741258742,0.9612848725348727,0.9611645010476279,0.9616666666666668
0.03747268758403758,0.12187890708446503,0.9615601528101528,0.9600943963443965,0.9598666267322099,0.96
0.0382707129077365,0.11819927394390106,0.9681348281348282,0.9663065175565175,0.9664729096232104,0.9666666666666665
0.03721561178099364,0.1207064613699913,0.9630753043253044,0.9612848725348727,0.9612775614764778,0.9616666666666668
0.036544272055228554,0.1176954060792923,0.969528897028897,0.9676821789321789,0.9679004135682581,0.9683333333333333
0.03640309566011032,0.11796735227108002,0.9645677933177934,0.9630778018278018,0.9631291902934116,0.9633333333333334
0.035944902803748846,0.12241539359092712,0.9638765863765865,0.9615626503126503,0.9618745612222191,0.9616666666666668
0.03363107742431263,0.1187753826379776,0.9697140822140823,0.9679599567099567,0.9680627154582487,0.9683333333333333
0.03359612368512899,0.1176944375038147,0.9690707440707441,0.9662722462722463,0.9667273207815005,0.9666666666666667
0.03258851418892542,0.1185992956161499,0.9691974229474231,0.967012987012987,0.9672054430167232,0.9666666666666667
0.032193499927719436,0.11564554274082184,0.9668505568505569,0.9644666907166908,0.9649391106256431,0.965
0.03156129278553029,0.12040673196315765,0.968398360898361,0.9667694805194805,0.9667648411428306,0.9666666666666667
0.03302960831206292,0.12164376676082611,0.9641398416398416,0.9626539201539202,0.9620151397794644,0.9616666666666668
0.0304042249917984,0.11973291635513306,0.9663562363562365,0.9635666185666185,0.9637862694580962,0.9633333333333334
0.028069334492708247,0.11806666851043701,0.9695729733229735,0.9660870610870611,0.9664485001868903,0.9666666666666667
0.02959742323340227,0.12323746085166931,0.9671936396936398,0.9650348725348725,0.9651246450164206,0.965
0.03185118094552308,0.11792142689228058,0.9708384208384208,0.9677873977873978,0.968305211489826,0.9683333333333333
0.025777258366967242,0.11603374779224396,0.9695541495541496,0.9678336940836941,0.9679753961304529,0.9683333333333333
0.027146330025667947,0.11747105419635773,0.9686292411292413,0.9663185425685424,0.966606137638006,0.9666666666666667
0.027529872216594715,0.11453469097614288,0.9686482498982499,0.9663985088985089,0.9666107670453815,0.9666666666666667
0.02619286657621463,0.1203140839934349,0.9660967735967737,0.9633682058682059,0.9636627713780763,0.9633333333333334
0.024790866184048355,0.11715391278266907,0.9665438727938729,0.9648833573833574,0.96481187445365,0.965
0.023401455565666158,0.11678549647331238,0.9734060846560847,0.9703078403078402,0.970672267720547,0.9716666666666666
0.02670024777762592,0.12499953806400299,0.9632289932289932,0.9601406926406927,0.9603532368675615,0.96
0.024906129382240277,0.11639576405286789,0.9733824971324972,0.9712006974506974,0.9713911543089989,0.9716666666666666
0.024022764215866726,0.11627118289470673,0.9722724035224036,0.9694077681577681,0.9698595939265612,0.9699999999999999
0.02322688962643345,0.11688487976789474,0.9700854700854702,0.9675559163059163,0.9680355198524871,0.9683333333333333
0.024832988041453063,0.11838897317647934,0.9704262866762868,0.9674037999037998,0.9675938050755208,0.9683333333333333
0.02258965210057795,0.11715076863765717,0.9701638176638178,0.9678336940836941,0.968200237201415,0.9683333333333333
0.023277752605887752,0.11990176141262054,0.9707374107374108,0.967938912938913,0.9683939874481671,0.9683333333333333
0.024713129154406488,0.11496002972126007,0.9683177008177007,0.9658633958633959,0.9658219626099444,0.9666666666666667
0.02079231330814461,0.12512913346290588,0.9652257002257002,0.9626539201539202,0.9626506970326686,0.9616666666666668
0.020486318971961737,0.11547379195690155,0.9711172161172161,0.9690710678210678,0.9694023628859968,0.9699999999999999
0.022801141953095794,0.11621814966201782,0.9689066026566026,0.9661802549302548,0.9665865425407647,0.9666666666666667
0.02267324284184724,0.11664333194494247,0.965310152810153,0.9628000240500242,0.9632586505628301,0.9633333333333334
0.02154920370473216,0.11986007541418076,0.9682131294631294,0.9645719095719095,0.9649795500337296,0.965
0.019610596898322303,0.11460724472999573,0.9701638176638178,0.9678336940836941,0.968200237201415,0.9683333333333333
0.02060085003419469,0.11465933173894882,0.9714535002035003,0.9688858826358825,0.9693643203185426,0.9699999999999999
0.024687507868899655,0.12312891334295273,0.9659246309246309,0.9634613997113997,0.9637064326589724,0.9633333333333334
0.01977172839300086,0.11635591834783554,0.970709336959337,0.9684481721981723,0.968724071361203,0.9683333333333333
0.021407730877399445,0.12484782934188843,0.967780044030044,0.9624753487253487,0.9628091961015594,0.9633333333333334
0.019870195693025988,0.11633236706256866,0.9682446257446258,0.9660407647907648,0.9663307753191653,0.9666666666666667
0.01956496979497994,0.12012677639722824,0.9701107226107227,0.9677074314574314,0.968110502414682,0.9683333333333333
0.01717684631391118,0.11904634535312653,0.9686292411292413,0.9663185425685424,0.966606137638006,0.9666666666666667
0.01763999085718145,0.11479595303535461,0.9711172161172161,0.9690710678210678,0.9694023628859968,0.9699999999999999
0.01743620273191482,0.11633764952421188,0.9700854700854702,0.9675559163059163,0.9680355198524871,0.9683333333333333
0.01929556419296811,0.11565010249614716,0.968444055944056,0.9660407647907648,0.9664438357480153,0.9666666666666667
0.018063441636816908,0.11865555495023727,0.9697011784511785,0.965194203944204,0.965910237572166,0.9666666666666667
0.015589111562197408,0.11618497967720032,0.9702369852369852,0.9680321067821067,0.9682912517748857,0.9683333333333333
0.01646382693434134,0.12070801109075546,0.9718692881192882,0.9693608706108706,0.9696978675666924,0.9700000000000001
0.01462161426510041,0.11702121794223785,0.9700854700854702,0.9675559163059163,0.9680355198524871,0.9683333333333333
0.01793980101744334,0.12190747261047363,0.9673135198135198,0.9651280663780663,0.9653082633225879,0.965
0.016421067567231756,0.11829280108213425,0.9702369852369852,0.9680321067821067,0.9682912517748857,0.9683333333333333
0.014923202203741917,0.12030687183141708,0.9706309893809895,0.9678926166426166,0.9682679098220893,0.9683333333333333
0.016685091075487435,0.11717846244573593,0.9718692881192882,0.9693608706108706,0.9696978675666924,0.9700000000000001
0.01478229156540086,0.11529086530208588,0.9715626503126504,0.9694871332371332,0.9695779320596478,0.9700000000000001
0.0157906087115407,0.11506672948598862,0.9700854700854702,0.9675559163059163,0.9680355198524871,0.9683333333333333
0.015119126318798711,0.12025120109319687,0.9708375420875422,0.9672775372775373,0.967894364556293,0.9683333333333333
0.015117158259575566,0.11953452229499817,0.9728072390572392,0.9691293891293892,0.9695735625512804,0.9699999999999999
0.015792412295316655,0.1195024698972702,0.9708640896140897,0.9683688071188071,0.968646448762032,0.9683333333333333
0.01626977336127311,0.11881764978170395,0.9700854700854702,0.9675559163059163,0.9680355198524871,0.9683333333333333
0.015287960801894466,0.12151049077510834,0.9699112924112926,0.9677074314574314,0.9679974419858319,0.9683333333333333
0.012183546069233367,0.11994152516126633,0.9701107226107227,0.9677074314574314,0.968110502414682,0.9683333333333333
0.014171664467236647,0.11694340407848358,0.9717521367521368,0.9692225829725829,0.9697021865191537,0.9699999999999999
0.013652104690360526,0.11747966706752777,0.968444055944056,0.9660407647907648,0.9664438357480153,0.9666666666666667
0.012093134961711863,0.11759525537490845,0.972783882783883,0.9707377344877344,0.9710690295526635,0.9716666666666666
0.011784809059463441,0.11866694688796997,0.9734576072076072,0.9707497594997595,0.9711998168844311,0.9716666666666667
0.013201783799255887,0.12435275316238403,0.9724258611758613,0.9690830928330928,0.9697889621614167,0.9699999999999999
0.012727564064941058,0.11906500160694122,0.9702369852369852,0.9680321067821067,0.9682912517748857,0.9683333333333333
0.011092190417305877,0.12019066512584686,0.9705309042809044,0.9679719817219817,0.9682110890261382,0.9683333333333334
0.01401419947311903,0.12165504693984985,0.9702026214526215,0.967694203944204,0.9680312009000258,0.9683333333333333
0.01281003124313429,0.12563273310661316,0.9683961408961409,0.9665169552669552,0.9665865072415639,0.9666666666666667
0.011386755659865836,0.11881834268569946,0.9700854700854702,0.9675559163059163,0.9680355198524871,0.9683333333333333
0.014136714356330534,0.11986663192510605,0.9700854700854702,0.9675559163059163,0.9680355198524871,0.9683333333333333
0.012198665392740319,0.1194000393152237,0.9717521367521368,0.9692225829725829,0.9697021865191537,0.9699999999999999
0.012430541954624156,0.12276320904493332,0.9688480963480962,0.9663654401154401,0.9666894211112703,0.9666666666666667
0.011370582350840172,0.11969052255153656,0.9702369852369852,0.9680321067821067,0.9682912517748857,0.9683333333333333
0.010403968180374553,0.11906822770833969,0.9702842065342066,0.967694203944204,0.9681540079175698,0.9683333333333333
0.01384929676229755,0.12486058473587036,0.9699112924112926,0.9677074314574314,0.9679974419858319,0.9683333333333333
0.012666966281055162,0.12250471115112305,0.9686965811965812,0.9658892496392496,0.9664336891888716,0.9666666666666667
0.01265750095869104,0.12101873010396957,0.9689458226958227,0.966305315055315,0.9666672293770154,0.9666666666666667
0.009363400109577924,0.1259554922580719,0.9690468327968328,0.9665037277537278,0.9668079091763527,0.9666666666666667
0.009712830593343824,0.12135502696037292,0.9702026214526215,0.967694203944204,0.9680312009000258,0.9683333333333333
0.010529886523727328,0.12472619116306305,0.9707909220409222,0.9681703944203944,0.9685554341885613,0.9683333333333333
0.010447744289801145,0.12131677567958832,0.9726317663817664,0.9694077681577681,0.9700472369471562,0.9699999999999999
0.011586785626908144,0.12364672869443893,0.9702842065342066,0.967694203944204,0.9681540079175698,0.9683333333333333
0.01007201473112218,0.1245887503027916,0.9721723184223184,0.9695460557960559,0.9697103988950132,0.9699999999999999
0.010846943187061697,0.12384216487407684,0.967808534058534,0.9650354737854738,0.9653779514317499,0.965
0.008423627936281264,0.12323089689016342,0.9738389850889851,0.9712127224627225,0.9713770655616799,0.9716666666666667
0.011034373087265218,0.12734834849834442,0.9722539035039035,0.9695460557960559,0.9698332059125572,0.9699999999999999
0.010097166794973115,0.12038081884384155,0.9718692881192882,0.9693608706108706,0.9696978675666924,0.9700000000000001
0.011390722900008162,0.1269373744726181,0.9672066822066822,0.9648502886002887,0.9650977370067985,0.965
0.012468054182439422,0.12274583429098129,0.9685809098309099,0.9658555796055796,0.966292732751711,0.9666666666666667
0.009485093634187555,0.12044958770275116,0.9735922873422874,0.9708760221260221,0.9714123586887081,0.9716666666666667
0.011957261905384561,0.12452243268489838,0.9685224035224036,0.9663185425685427,0.9666085530969433,0.9666666666666667
0.008595179194041217,0.12360365688800812,0.9709096921596921,0.9681571669071669,0.9682110890261382,0.9683333333333333
0.009655908797867596,0.12356740236282349,0.9683229733229735,0.9663185425685427,0.9664954926680932,0.9666666666666667
0.010420753931005796,0.12166877090930939,0.9685224035224036,0.9663185425685427,0.9666085530969433,0.9666666666666667
0.008874108927557245,0.12393413484096527,0.9683229733229735,0.9663185425685427,0.9664954926680932,0.9666666666666667
0.009299764797712365,0.1269560158252716,0.9705619843119844,0.967694203944204,0.9682188439206209,0.9683333333333333
0.010253854115338376,0.11998726427555084,0.9694829244829246,0.9675090187590188,0.9677607330637685,0.9683333333333333
0.008602663700003177,0.12302505224943161,0.9701638176638178,0.9678336940836941,0.968200237201415,0.9683333333333333
0.00824007896396021,0.12648968398571014,0.9680156880156882,0.9658423520923521,0.9662071268259518,0.9666666666666667
0.010015626573779931,0.12574754655361176,0.9696823546823548,0.9675090187590188,0.9678737934926184,0.9683333333333333
0.008368725820522135,0.12639068067073822,0.9704357216857217,0.9681703944203944,0.9684097398399683,0.9683333333333334
0.006943966145627201,0.1259227842092514,0.9718692881192882,0.9693608706108706,0.9696978675666924,0.9700000000000001
0.00793522348976694,0.12680593132972717,0.9718692881192882,0.9693608706108706,0.9696978675666924,0.9700000000000001
0.008327044090644145,0.1295585334300995,0.9738389850889851,0.9712127224627225,0.9713770655616799,0.9716666666666667
0.00807019266843175,0.1271965503692627,0.9707909220409222,0.9681703944203944,0.9685554341885613,0.9683333333333333
0.007900997676188126,0.12546871602535248,0.9702026214526215,0.967694203944204,0.9680312009000258,0.9683333333333333
0.006955172032273064,0.12460457533597946,0.9685224035224036,0.9663185425685427,0.9666085530969433,0.9666666666666667
0.009091231079461673,0.12955975532531738,0.9738389850889851,0.9712127224627225,0.9713770655616799,0.9716666666666667
0.010367852771499505,0.1353861391544342,0.9696802965552966,0.9645586820586821,0.965084712478709,0.965
0.007530046607522915,0.12856322526931763,0.9738389850889851,0.9712127224627225,0.9713770655616799,0.9716666666666667
0.007696637747964512,0.1269712746143341,0.9724500962000963,0.9695460557960559,0.9697752348980644,0.9699999999999999
0.007962442488254359,0.12324212491512299,0.9718692881192882,0.9693608706108706,0.9696978675666924,0.9700000000000001
0.007081684612785466,0.12675905227661133,0.9690468327968328,0.9665037277537278,0.9668079091763527,0.9666666666666667
0.0074370330742870765,0.12646004557609558,0.9728072390572392,0.9691293891293892,0.9695735625512804,0.9699999999999999
0.008263406712406626,0.12360367178916931,0.9671082621082622,0.964651875901876,0.9649275627616927,0.965
0.007494324527215213,0.12624748051166534,0.9721723184223184,0.9695460557960559,0.9697103988950132,0.9699999999999999
0.007412156546100353,0.12872645258903503,0.9683229733229735,0.9663185425685427,0.9664954926680932,0.9666666666666667
0.007425519676568608,0.12966087460517883,0.9711405723905724,0.9674627224627225,0.9679068958846138,0.9683333333333333
0.007111715589417145,0.12690910696983337,0.9718692881192882,0.9693608706108706,0.9696978675666924,0.9700000000000001
0.007727613837535803,0.12467491626739502,0.9718692881192882,0.9693608706108706,0.9696978675666924,0.9700000000000001
0.00719158038070115,0.12658070027828217,0.9718692881192882,0.9693608706108706,0.9696978675666924,0.9700000000000001
0.00673743611938941,0.12928380072116852,0.9702842065342066,0.967694203944204,0.9681540079175698,0.9683333333333333
0.0065248988491172595,0.13134872913360596,0.9721723184223184,0.9695460557960559,0.9697103988950132,0.9699999999999999
0.0074698489042930305,0.13130556046962738,0.9653405853405853,0.9634613997113998,0.9635309516860086,0.9633333333333334
0.00780335296682703,0.13127177953720093,0.9738389850889851,0.9712127224627225,0.9713770655616799,0.9716666666666667
0.008884583939410126,0.13015231490135193,0.9694991582491584,0.9658886483886483,0.9664075860157387,0.9666666666666667
0.006341071556865548,0.12828762829303741,0.9678162578162578,0.9658423520923521,0.9660940663971019,0.9666666666666667
0.006203024327987805,0.13268761336803436,0.9723238335738335,0.9700222462722463,0.9699661308174118,0.9700000000000001
0.00649642753705848,0.12726598978042603,0.9671335146335148,0.964803391053391,0.9648669038680818,0.965
0.006019424957533677,0.13598918914794922,0.9696254208754208,0.966688912938913,0.9668886094277308,0.9666666666666667
0.0063627466345982,0.1270952820777893,0.9702026214526215,0.9678457190957191,0.9680270237905856,0.9683333333333333
0.007216295877393956,0.1301824301481247,0.9685224035224036,0.9663185425685427,0.9666085530969433,0.9666666666666667
0.00648590976682802,0.13473090529441833,0.9701557239057239,0.9664237614237613,0.9664834298120248,0.9666666666666667
0.006491184700280428,0.13030290603637695,0.9718692881192882,0.9693608706108706,0.9696978675666924,0.9700000000000001
0.006632695284982522,0.13067980110645294,0.9697607022607023,0.9675090187590188,0.9677503810968947,0.9683333333333333
0.006473062375638013,0.134653240442276,0.9700637325637326,0.967694203944204,0.9678381003951403,0.9683333333333333
0.006677360584338506,0.1308041512966156,0.9738389850889851,0.9712127224627225,0.9713770655616799,0.9716666666666667
0.005302971112541854,0.13178826868534088,0.9704803992303993,0.967694203944204,0.968096036903077,0.9683333333333333
0.007606648820607613,0.1317925900220871,0.9658229733229734,0.9648033910533912,0.9641763383924173,0.965
0.005242766686327134,0.12764737010002136,0.9718692881192882,0.9693608706108706,0.9696978675666924,0.9700000000000001
0.004832667754574989,0.13241808116436005,0.9728072390572392,0.9691293891293892,0.9695735625512804,0.9699999999999999
0.005332538052850093,0.1333087980747223,0.9689652477152477,0.9665037277537278,0.9666851021588089,0.9666666666666667
0.00549057507305406,0.12830400466918945,0.9702842065342066,0.967694203944204,0.9681540079175698,0.9683333333333333
0.0052158298349240795,0.12839719653129578,0.9688137325637327,0.9661790524290524,0.9662895516711644,0.9666666666666667
0.005888004612643272,0.13625311851501465,0.9696723184223185,0.9669666907166907,0.9668649902849212,0.9666666666666667
0.005431493618137513,0.13173873722553253,0.9686007511007512,0.9663185425685427,0.9664851407012195,0.9666666666666667
0.005230224041345839,0.13288456201553345,0.9724500962000963,0.9695460557960559,0.9697752348980644,0.9699999999999999
0.004821502186435585,0.13620039820671082,0.9724500962000963,0.9695460557960559,0.9697752348980644,0.9699999999999999
0.007382055237637057,0.1386699080467224,0.964555167055167,0.9630104617604617,0.9624393086199184,0.9633333333333334
0.005783911299658939,0.1336832046508789,0.9651453176453176,0.9629383116883118,0.9630967542762199,0.9633333333333334
0.007624375827920933,0.1477281004190445,0.9658375420875421,0.9611333573833574,0.961410693623728,0.9616666666666668
0.006228265522319513,0.1316823959350586,0.9738389850889851,0.9712127224627225,0.9713770655616799,0.9716666666666667
0.0051808502127338825,0.13376042246818542,0.9718692881192882,0.9693608706108706,0.9696978675666924,0.9700000000000001
0.005310278570201869,0.13734471797943115,0.9688001813001813,0.9663185425685427,0.9665982011300694,0.9666666666666667
0.004852346358044694,0.13852429389953613,0.9709349446849447,0.9683555796055797,0.9683643001537963,0.9683333333333333
0.0041080800438066944,0.13639888167381287,0.9711405723905724,0.9678793891293892,0.9682995441719989,0.9683333333333333
0.004310673102736473,0.13417616486549377,0.9721723184223184,0.9695460557960559,0.9697103988950132,0.9699999999999999
0.006081528398984422,0.13507132232189178,0.9687775187775188,0.9667815055315055,0.9667952910771596,0.9666666666666667
0.0048053884141457575,0.1340894252061844,0.9704803992303993,0.967694203944204,0.968096036903077,0.9683333333333333
0.0053122378885746,0.13207511603832245,0.9706319143819143,0.9679719817219817,0.9683081160138974,0.9683333333333333
0.005205878061436427,0.13530310988426208,0.9692682780182779,0.966688912938913,0.9666976334871297,0.9666666666666667
0.004374972287526664,0.1362161934375763,0.9707834295334296,0.9678793891293892,0.9681085682313978,0.9683333333333333
0.004336092199082486,0.13411083817481995,0.9689399951899952,0.9665037277537278,0.9666059424871737,0.9666666666666667
0.004701203530809532,0.13794124126434326,0.9738389850889851,0.9712127224627225,0.9713770655616799,0.9716666666666667
0.004085286893920663,0.13630597293376923,0.9653894253894254,0.9631367243867244,0.9631193788558733,0.9633333333333334
0.004347793466877192,0.1367088258266449,0.9678162578162578,0.9658423520923521,0.9660940663971019,0.9666666666666667
0.0037405005180820203,0.13641312718391418,0.9702026214526215,0.967694203944204,0.9680312009000258,0.9683333333333333
0.004337745107477531,0.13513560593128204,0.9689652477152477,0.9665037277537278,0.9666851021588089,0.9666666666666667
0.004348183792899363,0.14016754925251007,0.9700294612794614,0.966550024050024,0.9666633179381372,0.9666666666666667
0.005192841597211857,0.14191661775112152,0.9683627946127946,0.9653000240500241,0.9653892995588557,0.965
0.003586493548937142,0.13954371213912964,0.9721470658970658,0.9693608706108706,0.9696875155998187,0.9700000000000001
0.006106499650438006,0.1369943618774414,0.9689652477152477,0.9665037277537278,0.9666851021588089,0.9666666666666667
0.003939583771474038,0.13795499503612518,0.9690468327968328,0.9665037277537278,0.9668079091763527,0.9666666666666667
0.0045169003181702765,0.13498526811599731,0.9665536315536315,0.964651875901876,0.9646688079842497,0.965
0.004047847309266217,0.13537631928920746,0.9718692881192882,0.9693608706108706,0.9696978675666924,0.9700000000000001
0.003670633494039066,0.14083105325698853,0.9699031986531986,0.9662722462722463,0.9665607971433966,0.9666666666666667
0.004841919566388242,0.13235284388065338,0.9702026214526215,0.967694203944204,0.9680312009000258,0.9683333333333333
0.004885092266097975,0.1410384476184845,0.9719044612794613,0.9674627224627225,0.9681982852776364,0.9683333333333333
0.0040505283638291685,0.1436980962753296,0.9724500962000963,0.9695460557960559,0.9697752348980644,0.9699999999999999
0.0032461193428995707,0.14358164370059967,0.9721723184223184,0.9695460557960559,0.9697103988950132,0.9699999999999999
0.0044746469987633946,0.13692566752433777,0.967332944832945,0.9645256132756131,0.964767022522205,0.965
0.004005539536592551,0.14047661423683167,0.9693498630998629,0.966688912938913,0.9668204405046735,0.9666666666666667
0.003270975372288376,0.138993039727211,0.9709349446849447,0.9683555796055797,0.9683643001537963,0.9683333333333333
0.004862204417198275,0.14340825378894806,0.9721723184223184,0.9695460557960559,0.9697103988950132,0.9699999999999999
0.004834961628754779,0.1452646255493164,0.9700294612794614,0.9669666907166907,0.9670559662255224,0.9666666666666667
0.005878655492172887,0.13904011249542236,0.9689399951899952,0.9665037277537278,0.9666059424871737,0.9666666666666667
0.003478489520299869,0.13757848739624023,0.9690915103415104,0.9661790524290524,0.9663543876742154,0.9666666666666667
0.00516560210477716,0.1429896354675293,0.9696723184223185,0.9669666907166907,0.9668649902849212,0.9666666666666667
0.004044509119315383,0.14297199249267578,0.9712920875420875,0.9683555796055797,0.9685552760943974,0.9683333333333333
0.004918806385830976,0.1399027705192566,0.9639516964516964,0.9619462481962482,0.9617893024571469,0.9616666666666668
0.0032556333511214084,0.14323745667934418,0.9709349446849447,0.9683555796055797,0.9683643001537963,0.9683333333333333
0.004936041426844895,0.14556483924388885,0.970758177008177,0.967694203944204,0.9680856849362032,0.9683333333333333
0.00384142532129772,0.14496608078479767,0.9705309042809044,0.9679719817219817,0.9682110890261382,0.9683333333333334
0.003941527577505137,0.14097043871879578,0.9718692881192882,0.9693608706108706,0.9696978675666924,0.9700000000000001
0.004217629408231005,0.1444244384765625,0.9712920875420875,0.9683555796055797,0.9685552760943974,0.9683333333333333
0.004165685798701209,0.1426720917224884,0.9705619843119844,0.967694203944204,0.9682188439206209,0.9683333333333333
0.004744131178692139,0.1496683806180954,0.9658708883708883,0.9648033910533912,0.9642172487491171,0.965
0.003465014192139885,0.14025446772575378,0.9685359547859549,0.9661790524290524,0.9663603571239189,0.9666666666666667
0.003995648012884582,0.14426741003990173,0.9738389850889851,0.9712127224627225,0.9713770655616799,0.9716666666666667
0.0036276995621543997,0.13993726670742035,0.970258954008954,0.967694203944204,0.9680748482459346,0.9683333333333333
0.0037635516976782433,0.1457294225692749,0.9689652477152477,0.9665037277537278,0.9666851021588089,0.9666666666666667
0.002752858975630564,0.14315259456634521,0.9728072390572392,0.9695460557960559,0.9699662108386655,0.9699999999999999
0.003130126181834688,0.14579014480113983,0.9724500962000963,0.9695460557960559,0.9697752348980644,0.9699999999999999
0.0031460611062357202,0.1442275494337082,0.9642294742294742,0.9619462481962482,0.9618541384601982,0.9616666666666668
0.0031130551021002852,0.14571133255958557,0.9728072390572392,0.9695460557960559,0.9699662108386655,0.9699999999999999
0.0028615211291859546,0.14655017852783203,0.9709349446849447,0.9683555796055797,0.9683643001537963,0.9683333333333333
0.003610804951070653,0.14415255188941956,0.9672985810485809,0.9649885762385764,0.9650142583827019,0.965
0.0055583686286505936,0.14691993594169617,0.9709349446849447,0.9683555796055797,0.9683643001537963,0.9683333333333333
0.0034335570574815697,0.14169485867023468,0.9688953176453176,0.9661790524290526,0.966548000144514,0.9666666666666667
0.0031322435146042458,0.14663107693195343,0.9738389850889851,0.9712127224627225,0.9713770655616799,0.9716666666666667
0.0027981420110639497,0.14661774039268494,0.970758177008177,0.967694203944204,0.9680856849362032,0.9683333333333333
0.00287616591231199,0.14709347486495972,0.9709349446849447,0.9683555796055797,0.9683643001537963,0.9683333333333333
0.0030103298874261477,0.1420978605747223,0.9718692881192882,0.9693608706108706,0.9696978675666924,0.9700000000000001
0.0031355423998320475,0.15221959352493286,0.9628153328153327,0.9619462481962482,0.961128460629257,0.9616666666666668
0.0027362684631953016,0.15059930086135864,0.9703893097643097,0.9662722462722463,0.9667873505333683,0.9666666666666667
0.002179701298397655,0.14602699875831604,0.9692682780182779,0.966688912938913,0.9666976334871297,0.9666666666666667
0.004844288307746562,0.1540970504283905,0.9712920875420875,0.9683555796055797,0.9685552760943974,0.9683333333333333
0.0040664054443671676,0.1621825098991394,0.9671486846486846,0.9648370610870612,0.9649043144051109,0.965
0.008127688124659471,0.16437575221061707,0.9667950336700337,0.9610654160654163,0.9616575625234259,0.9616666666666666
0.004080343499178222,0.1485757827758789,0.9672985810485809,0.9648370610870612,0.9650184354921422,0.965
0.0026989885591319762,0.14498114585876465,0.9703541366041365,0.9681703944203944,0.9682869328224243,0.9683333333333334
0.0028710495632064217,0.14499427378177643,0.9718692881192882,0.9693608706108706,0.9696978675666924,0.9700000000000001
0.0022191595586870485,0.15086689591407776,0.9712920875420875,0.9683555796055797,0.9685552760943974,0.9683333333333333
0.0029055895405084207,0.14382819831371307,0.9685359547859549,0.9661790524290524,0.9663603571239189,0.9666666666666667
0.002791867699367382,0.15382619202136993,0.9728072390572392,0.9691293891293892,0.9695735625512804,0.9699999999999999
0.0030381610534580736,0.14631491899490356,0.9738389850889851,0.9712127224627225,0.9713770655616799,0.9716666666666667
0.0038612809245629856,0.15052366256713867,0.962947422947423,0.9605573593073594,0.960523287598253,0.9600000000000001
0.0035950364156936607,0.14685127139091492,0.9659096921596921,0.9633219095719096,0.9632767862632806,0.9633333333333334
0.002305835036774321,0.14762496948242188,0.9721723184223184,0.9695460557960559,0.9697103988950132,0.9699999999999999
0.003904600877528234,0.14464817941188812,0.9728072390572392,0.9695460557960559,0.9699662108386655,0.9699999999999999
0.0033049601091382406,0.14829310774803162,0.963548581048581,0.9616215728715729,0.9614146343225515,0.9616666666666668
0.0025061831232354357,0.1468719094991684,0.9738389850889851,0.9712127224627225,0.9713770655616799,0.9716666666666667
0.0022030775508028455,0.14540064334869385,0.9659349446849447,0.9634734247234248,0.9633517688254755,0.9633333333333334
0.0038711143376228088,0.1483774334192276,0.9728072390572392,0.9695460557960559,0.9699662108386655,0.9699999999999999
0.003573304284752036,0.15233612060546875,0.967056092056092,0.964651875901876,0.9648506761178611,0.965
0.003819759367615916,0.15485021471977234,0.9695307239057239,0.9644071669071669,0.9651681876550634,0.965
0.0036656052179750986,0.15265128016471863,0.9733964646464647,0.969407166907167,0.9699318378217242,0.9699999999999999
0.0030436876622843556,0.146284818649292,0.9675968013468013,0.9647901635401636,0.9649007872626751,0.965
0.002284510987616765,0.1489543616771698,0.9656183631183631,0.963612914862915,0.9635164226096946,0.9633333333333334
0.0027297287015244365,0.14630337059497833,0.968444980944981,0.9663185425685427,0.9664525067814767,0.9666666666666667
0.0030889059186544423,0.14519938826560974,0.9672539035039036,0.964663900913901,0.9648206745842364,0.965
0.0029969052993692458,0.15266865491867065,0.9642458467458468,0.9624753487253487,0.9621409386244492,0.9633333333333333
0.003562352945057986,0.14749616384506226,0.966696127946128,0.9629972342472343,0.9634228917566467,0.9633333333333334
0.002410609175664528,0.14351646602153778,0.9673238335738336,0.9649416786916788,0.964985134647438,0.965
0.0020742096045675376,0.14616158604621887,0.9688137325637326,0.9661790524290524,0.9663500051570452,0.9666666666666667
0.0023142248707396598,0.14669348299503326,0.9660165297665296,0.9634734247234248,0.9634745758430193,0.9633333333333334
0.001956193935863363,0.15073220431804657,0.9711153198653198,0.967694203944204,0.9682766608768043,0.9683333333333333
0.0031352384564039917,0.15079692006111145,0.9662943075443075,0.9634734247234248,0.9634642238761457,0.9633333333333334
0.002357277273404179,0.15765656530857086,0.9690220658970659,0.9640957190957192,0.9650184354921421,0.965
0.002215478141200341,0.14949652552604675,0.9678094590594589,0.964663900913901,0.9648751586204137,0.965
0.0018960800249866832,0.1527579128742218,0.9655409405409404,0.9628120490620491,0.9629282775287957,0.9633333333333334
0.0018728800350800157,0.15035459399223328,0.9680850168350168,0.964663900913901,0.9649433275434709,0.965
0.0023539278117823415,0.15251833200454712,0.9692430254930255,0.9665037277537278,0.9666747501919352,0.9666666666666667
0.0033522575176903047,0.1493048369884491,0.9694486531986531,0.9661790524290526,0.9666058171006974,0.9666666666666667
0.002655167193249023,0.1482606828212738,0.9669298294298293,0.9644787157287157,0.9645301081924114,0.965
0.003042589007236529,0.15356570482254028,0.9715251877751879,0.9681571669071669,0.9685749064908394,0.9683333333333333
0.0018530522332487938,0.14895744621753693,0.9690915103415104,0.9666083453583454,0.966770848933152,0.9666666666666667
0.004096940979555559,0.16552221775054932,0.962051097051097,0.959862914862915,0.9593790865158368,0.9600000000000001
0.002696271939688207,0.14744427800178528,0.9697607022607023,0.9675090187590188,0.9677503810968947,0.9683333333333333
0.0021794444667951516,0.14739537239074707,0.9692424242424242,0.9663305675805676,0.966553328141727,0.9666666666666667
0.005646240013447823,0.1486073136329651,0.9651116476116476,0.9631367243867245,0.9631901843086279,0.9633333333333334
0.002468484153117364,0.14407268166542053,0.9705619843119843,0.9678457190957191,0.9681394788412557,0.9683333333333333
0.0032727723507074793,0.1519906222820282,0.9711153198653198,0.967694203944204,0.9682766608768043,0.9683333333333333
0.002478816354899512,0.14445386826992035,0.9711405723905724,0.968308682058682,0.9685868112527443,0.9683333333333333
0.002268817806907464,0.15857814252376556,0.9691730954230954,0.9665037277537278,0.966725407137329,0.9666666666666667
0.0023336853773798794,0.15179038047790527,0.9676579439079438,0.9649885762385764,0.9651267134333722,0.965
0.0024593601095451354,0.15456712245941162,0.9710165297665297,0.9683555796055797,0.9684871071713402,0.9683333333333333
0.00211926401486077,0.14662599563598633,0.9708397620897621,0.967694203944204,0.9682084919537471,0.9683333333333333
0.00338651309236108,0.15867829322814941,0.9649551374551374,0.9627200577200578,0.9623918519237202,0.9633333333333334
0.002232387511564108,0.1528497189283371,0.9725316812816813,0.9695460557960559,0.9698980419156084,0.9699999999999999
0.0021067571215098724,0.15378274023532867,0.9692430254930255,0.9665037277537278,0.9666747501919352,0.9666666666666667
0.0022746072875937293,0.15150907635688782,0.9589192289192289,0.9581030543530544,0.9568857001769911,0.9583333333333334
0.003053942427262276,0.1470201462507248,0.9695797258297257,0.9663305675805676,0.9666099367421888,0.9666666666666667
0.0020296552732664472,0.14974430203437805,0.9743019480519481,0.9712127224627225,0.9716328200373833,0.9716666666666666
0.0024644372776189507,0.1557430624961853,0.9728415103415102,0.9693608706108706,0.9700739890297704,0.9699999999999999
0.0021391702684923075,0.1557537466287613,0.9641267991267991,0.9628120490620491,0.9622025996978548,0.9633333333333334
0.0014972451511615266,0.1544763296842575,0.9676579439079438,0.9649885762385764,0.9651267134333722,0.965
0.0016315050306729972,0.1541019231081009,0.9676579439079438,0.9649885762385764,0.9651267134333722,0.965
0.001771667411958333,0.16344968974590302,0.9693246105746106,0.9665037277537278,0.9667975572094791,0.9666666666666667
0.0019833551608220055,0.1529252827167511,0.9745334295334295,0.9712127224627225,0.9717635389916316,0.9716666666666666
0.002829775413071426,0.15740281343460083,0.9683718133718133,0.9658423520923521,0.9661485504332791,0.9666666666666667
0.0022907323679343485,0.15111681818962097,0.970758177008177,0.967694203944204,0.9680856849362032,0.9683333333333333
0.0017659517361607868,0.15367460250854492,0.9691730954230953,0.9660275372775374,0.9665418252870804,0.9666666666666667
0.001959107985991674,0.15095198154449463,0.9724500962000963,0.9695460557960559,0.9697752348980644,0.9699999999999999
0.002010799039756724,0.15923695266246796,0.9655940355940356,0.9643272005772007,0.9638397481244768,0.965
0.001733843385106108,0.1569129228591919,0.9662943075443075,0.9634734247234248,0.9634642238761457,0.9633333333333334
0.0020011859063136703,0.1507568210363388,0.9742051467051466,0.971444203944204,0.9719745738250921,0.9716666666666667
0.0017260703765108094,0.15431258082389832,0.9724500962000963,0.9695460557960559,0.9697752348980644,0.9699999999999999
0.00208071625578062,0.1478448063135147,0.9690915103415102,0.9667472342472343,0.9666529363981914,0.9666666666666667
0.0019581484084483236,0.15249672532081604,0.9667051467051465,0.9643272005772007,0.9644777066571723,0.965
0.0012349387106951326,0.15043239295482635,0.9710612073112074,0.9680309042809042,0.968033585669203,0.9683333333333333
0.002184859935368877,0.15495708584785461,0.9655409405409404,0.9628120490620491,0.9629282775287957,0.9633333333333334
0.0016047520330175757,0.15499916672706604,0.9662127224627225,0.9634734247234248,0.9633414168586018,0.9633333333333334
0.0015563175717640358,0.1527482122182846,0.9685149110149109,0.9667472342472343,0.9663956052684348,0.9666666666666667
0.0023390670624697427,0.15904226899147034,0.964025789025789,0.9616215728715729,0.9615173427845277,0.9616666666666668
0.002375439364792934,0.1591971516609192,0.9709349446849447,0.9683555796055797,0.9683643001537963,0.9683333333333333
0.002032023984308277,0.16415482759475708,0.96500703000703,0.9623238335738336,0.9622348834497125,0.9633333333333334
0.0022815403281128965,0.1550089418888092,0.9688137325637326,0.9661790524290526,0.9664251931269701,0.9666666666666667
0.002111088268672271,0.15915440022945404,0.9683718133718133,0.9658423520923521,0.9661485504332791,0.9666666666666667
0.0014403319837583695,0.157028466463089,0.9721470658970658,0.9699627224627226,0.9700091530267194,0.9699999999999999
0.0017556514200502231,0.15766863524913788,0.9687480112480111,0.9665037277537278,0.9665402260797222,0.9666666666666667
0.0015462946090944267,0.15582089126110077,0.9724500962000963,0.9695460557960559,0.9697752348980644,0.9699999999999999
0.0015209238311702695,0.16088494658470154,0.9679862267362266,0.9653252765752766,0.9651537738380068,0.965
0.0016383401525672525,0.15296611189842224,0.967193362193362,0.9644787157287157,0.9646728022392647,0.965
0.001630539752416856,0.15774288773536682,0.9709349446849447,0.9683555796055797,0.9683643001537963,0.9683333333333333
0.00495960491631801,0.15812808275222778,0.9732702020202021,0.9691293891293892,0.9698293170269836,0.9699999999999999
0.0014871301367141616,0.15467806160449982,0.9672412772412772,0.9648033910533912,0.9649769639951922,0.965
0.0029101303431768124,0.16758215427398682,0.970641835016835,0.9660738335738336,0.9666989754087614,0.9666666666666667
0.002407123987116696,0.1556718796491623,0.9653415103415103,0.9628120490620491,0.9628152170999459,0.9633333333333334
0.0021838600065772575,0.17127911746501923,0.9679862267362266,0.965577801827802,0.965305288989522,0.965
0.0014129491901258007,0.15595480799674988,0.9759223184223185,0.9728793891293891,0.9733653696552471,0.9733333333333333
0.001417670264345361,0.15442787110805511,0.9653894253894254,0.9631367243867244,0.9631193788558733,0.9633333333333334
0.0016102422814583406,0.16231898963451385,0.9709349446849447,0.9683555796055797,0.9683643001537963,0.9683333333333333
0.001470596092985943,0.15506112575531006,0.965189995189995,0.9631367243867244,0.9630063184270233,0.9633333333333334
0.0012541586547740735,0.16224884986877441,0.9690915103415102,0.966305315055315,0.9664838542725875,0.9666666666666667
0.0017494384719611844,0.16222795844078064,0.9709349446849447,0.9683555796055797,0.9683643001537963,0.9683333333333333
0.0023365381954742284,0.15832772850990295,0.9649458874458875,0.9633549783549783,0.9627408577211715,0.9633333333333333
0.0016511505006443865,0.16067716479301453,0.9698238335738335,0.966688912938913,0.9668335124000983,0.9666666666666667
0.0013966694544554532,0.16016876697540283,0.9651116476116476,0.9631367243867245,0.9631901843086279,0.9633333333333334
0.0017135749221779406,0.15617483854293823,0.9650637325637326,0.9628120490620491,0.9628255690668196,0.9633333333333334
0.0025311876597697847,0.15591707825660706,0.9672985810485809,0.9649885762385764,0.9650142583827019,0.965
0.0013113746875508998,0.15411600470542908,0.9669155844155845,0.9644787157287157,0.9646831542061385,0.965
0.001205792867646475,0.15955084562301636,0.9709349446849447,0.9683555796055797,0.9683643001537963,0.9683333333333333
0.0015189970035862643,0.1630600392818451,0.9714183501683502,0.9674627224627225,0.9679717318876647,0.9683333333333333
0.0018408149947693648,0.15884678065776825,0.9660165297665296,0.9634734247234248,0.9634745758430193,0.9633333333333334
0.0015046842575732928,0.15902754664421082,0.9692682780182779,0.9668404280904282,0.9666934563776893,0.9666666666666667
0.0011401952433516271,0.15972274541854858,0.9724500962000963,0.9695460557960559,0.9697752348980644,0.9699999999999999
0.003214174515354292,0.16262976825237274,0.9728072390572392,0.9695460557960559,0.9699662108386655,0.9699999999999999
0.0020780897599858386,0.15992897748947144,0.9670813445813445,0.9649885762385764,0.9648693823036153,0.965
0.0015126040452742018,0.16345511376857758,0.9709349446849447,0.9683555796055797,0.9683643001537963,0.9683333333333333
0.0012593443486063431,0.15586312115192413,0.9683970658970659,0.9661790524290526,0.9661672566190335,0.9666666666666667
0.0015951638148787122,0.17261038720607758,0.9698779461279461,0.9656108706108707,0.9661945519774925,0.9666666666666667
0.0019390515517443419,0.16361719369888306,0.9679862267362266,0.9653252765752766,0.9651537738380068,0.965
0.0008625571111527582,0.15787208080291748,0.9694197931697932,0.9665157527657527,0.966441901564731,0.9666666666666667
0.0023292296718864236,0.15888246893882751,0.9720208032708033,0.9693608706108706,0.9697573913762163,0.9699999999999999
0.0012699927853342767,0.16196057200431824,0.9685964960964961,0.9661790524290526,0.9662803170478834,0.9666666666666667
0.0010187589238436583,0.1583935171365738,0.9688137325637326,0.9661790524290526,0.9664251931269701,0.9666666666666667
0.0012098523548047524,0.16176274418830872,0.9655998630998629,0.9632882395382395,0.9633852798907204,0.9633333333333334
0.0013507231318120223,0.15980249643325806,0.9756908369408369,0.9728793891293891,0.9732346507009987,0.9733333333333333
0.004130767186628266,0.1715240478515625,0.9704420810670812,0.9649416786916788,0.9654711188962097,0.965
0.0018109080168263365,0.15581217408180237,0.9628569578569578,0.9608086820586821,0.9604786544749527,0.9616666666666666
0.0014996076952229487,0.1643074005842209,0.9709349446849447,0.9683555796055797,0.9683643001537963,0.9683333333333333
0.0011648403912355814,0.1549178808927536,0.972807239057239,0.9698238335738337,0.9702576550288512,0.9699999999999999
0.0032679559335520025,0.16418834030628204,0.9618485218485219,0.9600943963443963,0.9594691460016763,0.96
0.0030612525151809677,0.16575877368450165,0.9692682780182779,0.9668404280904282,0.9666934563776893,0.9666666666666667
0.001555326189797294,0.16696421802043915,0.9728072390572392,0.9691293891293892,0.9695735625512804,0.9699999999999999
0.0013304518197401194,0.16014863550662994,0.9662943075443075,0.9634734247234248,0.9634642238761457,0.9633333333333334
0.0012184610592764027,0.1574072390794754,0.9721470658970658,0.9693608706108706,0.9696875155998187,0.9700000000000001
0.001320471049742385,0.1672370731830597,0.9697516835016834,0.9662722462722463,0.9664886470712465,0.9666666666666667
0.002071420894935727,0.16189008951187134,0.9738389850889851,0.9712127224627225,0.9713770655616799,0.9716666666666667
0.0012890178331872448,0.16235683858394623,0.9679862267362266,0.9653252765752766,0.9651537738380068,0.965
0.0014316164227542079,0.16184177994728088,0.9707834295334296,0.9680309042809044,0.9681043911219575,0.9683333333333333
0.001170364985834264,0.15735454857349396,0.9708086820586822,0.9681824194324194,0.9680437322283466,0.9683333333333333
