training_loss,validation_loss,precision,recall,f1,accuracy
0.7643819066385428,0.8070256114006042,0.8539716460296957,0.7791044930015518,0.7603517864300616,0.7733333333333333
0.11960160080343485,0.3271344304084778,0.9370519191707274,0.9123006949477537,0.9148600524946574,0.9116666666666667
0.055326308123767376,0.130416139960289,0.9571180525127891,0.9553413253413253,0.9509469436052855,0.9550000000000001
0.08452368539292365,0.6042506098747253,0.8857575732175275,0.840292254042254,0.8307470865843235,0.8416666666666668
0.12156475203422208,0.1781826913356781,0.943958078958079,0.9395090258325554,0.9358289842103277,0.9366666666666666
0.09140514227328822,0.15089018642902374,0.9638213638213639,0.9620439609410196,0.9593199076917652,0.9583333333333334
0.008227271537180059,0.0759105309844017,0.9775268712768712,0.9747749472749473,0.9744397688754264,0.975
0.022346946626688197,0.08753074705600739,0.9697675472675473,0.96751184001184,0.9671797115587216,0.9666666666666667
0.0011307516700374738,0.07485435903072357,0.9795097957597957,0.9789532227032227,0.9787142600531572,0.9783333333333334
0.01575556270108791,0.08851219713687897,0.9764416139416139,0.9753547378547379,0.9753284394353275,0.975
0.0009987614509251823,0.07845546305179596,0.9797160247160247,0.9787217412217414,0.9785397844773827,0.9783333333333334
0.00038275330856170814,0.07438288629055023,0.981489528989529,0.9801106301106302,0.980139199682061,0.98
0.00035035729479204747,0.07822733372449875,0.9780956543456544,0.9772065897065897,0.976888290546477,0.9766666666666667
0.0002335029832162642,0.07906854152679443,0.9785838698338698,0.9776695526695526,0.9773349634948324,0.9766666666666666
0.00012154241509657974,0.07767518609762192,0.9765342065342065,0.9760491822991822,0.9755067183974732,0.975
0.00018978337296478762,0.0785580426454544,0.9785055222555222,0.9772065897065897,0.9769735943857852,0.9766666666666666
0.0001250269022724145,0.07840157300233841,0.9784019221519222,0.9767436267436268,0.9768463802150928,0.9766666666666666
0.00015105386531407325,0.07393612712621689,0.9764289876789878,0.9753547378547379,0.9751339045815647,0.975
9.355723940037326e-05,0.07286235690116882,0.9799727587227588,0.9790584415584416,0.9787238523837213,0.9783333333333332
9.921153362787057e-05,0.07397634536027908,0.9781209068709069,0.9772065897065897,0.9767630680699958,0.9766666666666666
0.00014252344787261487,0.07656912505626678,0.9797875735375735,0.9785954785954786,0.9783648987336114,0.9783333333333332
0.0001267671592207383,0.06870144605636597,0.9844971694971695,0.9839195526695527,0.9836014971175042,0.9833333333333334
0.00021618863350643855,0.05409375950694084,0.9838947163947164,0.9850785788285789,0.9840336170711727,0.9833333333333334
0.00043529223163811065,0.07792630791664124,0.9811334036334037,0.9802368927368929,0.9800808625233403,0.9799999999999999
0.00012893199982499937,0.07109083235263824,0.9832403707403707,0.9829936267436268,0.9825236602619382,0.9816666666666668
7.412254853988998e-05,0.06859506666660309,0.9812490287490286,0.9817115754615755,0.980854715821064,0.9799999999999999
7.613043055698654e-05,0.07087968289852142,0.9833860583860584,0.9828673641173641,0.9823276630224625,0.9816666666666666
5.9825579266240915e-05,0.07194757461547852,0.9828557553557554,0.9829936267436268,0.9823131339461487,0.9816666666666668
7.843375271932018e-05,0.07186871021986008,0.984522422022422,0.9843825156325156,0.9839149646097641,0.9833333333333334
6.8497259879526e-05,0.07095860689878464,0.9828557553557554,0.9829936267436268,0.9823131339461487,0.9816666666666668
8.99330773715216e-05,0.07044710963964462,0.984522422022422,0.9843825156325156,0.9839149646097641,0.9833333333333334
0.0019769910527050647,0.08440622687339783,0.9800537425537424,0.9798597236097236,0.9788774706396189,0.9783333333333334
0.0001975358522940951,0.07252832502126694,0.9802447552447552,0.9798597236097236,0.9792376632792233,0.9783333333333332
0.0005646022188254088,0.09994222968816757,0.978089873089873,0.9780078717578718,0.977352745315089,0.9766666666666666
9.467264067097858e-05,0.087143674492836,0.9799417249417249,0.9798597236097236,0.9793135296288145,0.9783333333333332
0.00010731101095492097,0.0862995982170105,0.9826320901320901,0.982763764013764,0.9820651483804331,0.9816666666666666
0.00011282503855151542,0.08717652410268784,0.9823685573685573,0.9823008010508011,0.9817288624040542,0.9816666666666668
6.13609949292974e-05,0.08173778653144836,0.9812237762237762,0.9812486124986125,0.9808273829962483,0.98
5.6076248862761226e-05,0.08360499143600464,0.9826320901320901,0.982763764013764,0.982187697400041,0.9816666666666666
4.6600699192822503e-05,0.08240765333175659,0.9812237762237762,0.9812486124986125,0.9808273829962483,0.98
5.0390363109424165e-05,0.0822591781616211,0.9812237762237762,0.9812486124986125,0.9808273829962483,0.98
0.00019112189454517647,0.08044889569282532,0.9839889277389277,0.9838159525659527,0.9833803563349598,0.9833333333333334
5.796054995244049e-05,0.08029516041278839,0.9826000388500389,0.9819641007141008,0.9815527774773298,0.9816666666666668
5.098899225686182e-05,0.07588595151901245,0.9812237762237762,0.9812486124986125,0.9808273829962483,0.98
4.7134956200049295e-05,0.0790984258055687,0.9839889277389277,0.9838159525659527,0.9833803563349598,0.9833333333333334
5.541841195129867e-05,0.07663172483444214,0.9812237762237762,0.9812486124986125,0.9808273829962483,0.98
4.413048422217495e-05,0.0803234875202179,0.9807802382802383,0.9809119121619121,0.9802269130863155,0.98
3.946642092008309e-05,0.07866738736629486,0.9812237762237762,0.9812486124986125,0.9808273829962483,0.98
5.076666684544762e-05,0.07617568969726562,0.9812237762237762,0.9812486124986125,0.9808273829962483,0.98
9.035011318777227e-05,0.07260608673095703,0.9807802382802383,0.9809119121619121,0.9802269130863155,0.98
2.868334451022747e-05,0.07377337664365768,0.9811185573685574,0.9810381747881749,0.9804871026693952,0.98
2.5870800053932424e-05,0.0736730545759201,0.9807802382802383,0.9809119121619121,0.9802269130863155,0.98
7.391731029808095e-05,0.0758015513420105,0.9812237762237762,0.9812486124986125,0.9808273829962483,0.98
4.641234897917457e-05,0.0761876031756401,0.9812237762237762,0.9812486124986125,0.9808273829962483,0.98
1.8305182521771712e-05,0.07624128460884094,0.9812237762237762,0.9812486124986125,0.9808273829962483,0.98
5.606730780982616e-05,0.0772157609462738,0.9799417249417249,0.9798597236097236,0.9794360786484222,0.9783333333333332
8.188327183233923e-05,0.07647839188575745,0.978552836052836,0.9780078717578718,0.9776084997907922,0.9766666666666666
3.711521649544617e-05,0.07579275220632553,0.9826320901320901,0.982763764013764,0.982187697400041,0.9816666666666666
2.9354493165101303e-05,0.07632699608802795,0.9826320901320901,0.982763764013764,0.982187697400041,0.9816666666666666
3.6579171402687884e-05,0.07452650368213654,0.9826320901320901,0.982763764013764,0.982187697400041,0.9816666666666666
2.17034417839083e-05,0.07437506318092346,0.9812237762237762,0.9812486124986125,0.9808273829962483,0.98
1.9025008043627167e-05,0.0737498328089714,0.9812237762237762,0.9812486124986125,0.9808273829962483,0.98
2.2804737123275725e-05,0.0744548961520195,0.9798348873348873,0.9793967606467606,0.9789998041386183,0.9783333333333332
2.182980349137627e-05,0.07569082826375961,0.9826320901320901,0.982763764013764,0.982187697400041,0.9816666666666666
2.3928483263565187e-05,0.07635556161403656,0.9813500388500388,0.9813748751248751,0.9807963930522149,0.98
3.925502309698459e-05,0.07462376356124878,0.9826320901320901,0.982763764013764,0.982187697400041,0.9816666666666666
1.6864140775396663e-05,0.07256390154361725,0.9812237762237762,0.9812486124986125,0.9808273829962483,0.98
1.654505733010107e-05,0.07570601254701614,0.9812237762237762,0.9812486124986125,0.9808273829962483,0.98
1.8943548222220368e-05,0.0756932944059372,0.9812237762237762,0.9812486124986125,0.9808273829962483,0.98
3.402908624631588e-05,0.07320420444011688,0.9798348873348873,0.9793967606467606,0.9789998041386183,0.9783333333333332
2.1389722680472307e-05,0.07306598126888275,0.9812237762237762,0.9812486124986125,0.9808273829962483,0.98
2.749641779094721e-05,0.07575094699859619,0.9812237762237762,0.9812486124986125,0.9808273829962483,0.98
1.9977887253238198e-05,0.07522791624069214,0.9798348873348873,0.9793967606467606,0.9789998041386183,0.9783333333333332
1.794636229609144e-05,0.07510824501514435,0.9798348873348873,0.9793967606467606,0.9789998041386183,0.9783333333333332
2.602001001150711e-05,0.07511959969997406,0.978552836052836,0.9780078717578718,0.9776084997907922,0.9766666666666666
3.0376712099193053e-05,0.07565522938966751,0.9812432012432012,0.9809119121619121,0.980360118542411,0.98
2.806047597421942e-05,0.07354970276355743,0.9798348873348873,0.9793967606467606,0.9789998041386183,0.9783333333333332
1.226683462126251e-05,0.07630184292793274,0.9798348873348873,0.9793967606467606,0.9789998041386183,0.9783333333333332
9.397069665813737e-06,0.07355774194002151,0.9798348873348873,0.9793967606467606,0.9789998041386183,0.9783333333333332
1.4726321002929884e-05,0.07496500760316849,0.9798348873348873,0.9793967606467606,0.9789998041386183,0.9783333333333332
1.8716851883482377e-05,0.0765889510512352,0.9798348873348873,0.9793967606467606,0.9789998041386183,0.9783333333333332
2.3361444419833788e-05,0.07503371685743332,0.978552836052836,0.9780078717578718,0.9776084997907922,0.9766666666666666
1.6314586124129466e-05,0.0744374617934227,0.9798348873348873,0.9793967606467606,0.9789998041386183,0.9783333333333332
1.5104413004488984e-05,0.07457979768514633,0.9798348873348873,0.9793967606467606,0.9789998041386183,0.9783333333333332
1.893103128243941e-05,0.07472680509090424,0.9798348873348873,0.9793967606467606,0.9789998041386183,0.9783333333333332
1.699825131614337e-05,0.07473091781139374,0.9812237762237762,0.9812486124986125,0.9808273829962483,0.98
9.171168007545324e-06,0.07433941215276718,0.9798348873348873,0.9793967606467606,0.9789998041386183,0.9783333333333332
1.26214822463074e-05,0.07348610460758209,0.9798348873348873,0.9793967606467606,0.9789998041386183,0.9783333333333332
1.1375943927305343e-05,0.07470228523015976,0.978552836052836,0.9780078717578718,0.9776084997907922,0.9766666666666666
1.620193312608838e-05,0.07323753833770752,0.9798348873348873,0.9793967606467606,0.9789998041386183,0.9783333333333332
1.4823277467712614e-05,0.07666349411010742,0.9798348873348873,0.9793967606467606,0.9789998041386183,0.9783333333333332
1.539150859268072e-05,0.07644680142402649,0.9798348873348873,0.9793967606467606,0.9789998041386183,0.9783333333333332
1.0755459371125653e-05,0.07576672732830048,0.9798348873348873,0.9793967606467606,0.9789998041386183,0.9783333333333332
9.843309688524945e-06,0.07616454362869263,0.9812237762237762,0.9812486124986125,0.9808273829962483,0.98
1.2524326668502303e-05,0.07673228532075882,0.9812237762237762,0.9812486124986125,0.9808273829962483,0.98
1.5878478639782163e-05,0.07597175240516663,0.9798348873348873,0.9793967606467606,0.9789998041386183,0.9783333333333332
9.9964935979339e-06,0.0758640393614769,0.9798348873348873,0.9793967606467606,0.9789998041386183,0.9783333333333332
1.2127955879274547e-05,0.0763760581612587,0.978552836052836,0.9780078717578718,0.9776084997907922,0.9766666666666666
8.274912876989523e-06,0.07790564000606537,0.9798348873348873,0.9793967606467606,0.9789998041386183,0.9783333333333332
1.1007587251773051e-05,0.07823110371828079,0.9798348873348873,0.9793967606467606,0.9789998041386183,0.9783333333333332
1.3916889940901456e-05,0.07950848340988159,0.9812237762237762,0.9812486124986125,0.9808273829962483,0.98
1.1809865507454257e-05,0.07526828348636627,0.9798348873348873,0.9793967606467606,0.9789998041386183,0.9783333333333332
1.7314354787837754e-05,0.07628346979618073,0.9812237762237762,0.9812486124986125,0.9808273829962483,0.98
1.1500716302255872e-05,0.07642872631549835,0.9829156954156953,0.9831004643504643,0.9824565464846794,0.9816666666666668
1.2432932663841711e-05,0.07537560164928436,0.9798348873348873,0.9793967606467606,0.9789998041386183,0.9783333333333332
1.0167161709280966e-05,0.075590580701828,0.9798348873348873,0.9793967606467606,0.9789998041386183,0.9783333333333332
1.8059810159343215e-05,0.07742976397275925,0.9798348873348873,0.9793967606467606,0.9789998041386183,0.9783333333333332
7.308920217496961e-06,0.07518254965543747,0.9812237762237762,0.9812486124986125,0.9808273829962483,0.98
1.5124480105062807e-05,0.07643179595470428,0.9812237762237762,0.9812486124986125,0.9808273829962483,0.98
2.026339379312958e-05,0.07786906510591507,0.9798348873348873,0.9793967606467606,0.9789998041386183,0.9783333333333332
1.9641518269016462e-05,0.07550258934497833,0.9798348873348873,0.9793967606467606,0.9789998041386183,0.9783333333333332
3.35210561625369e-05,0.07771380245685577,0.978552836052836,0.9780078717578718,0.9776084997907922,0.9766666666666666
1.1273423931849417e-05,0.07897641509771347,0.9799611499611499,0.9795230232730233,0.9789688141945848,0.9783333333333334
1.5392104685929553e-05,0.07809965312480927,0.978552836052836,0.9780078717578718,0.9776084997907922,0.9766666666666666
6.371537826529068e-06,0.07755474001169205,0.978552836052836,0.9780078717578718,0.9776084997907922,0.9766666666666666
9.634296077365434e-06,0.0769796371459961,0.9812237762237762,0.9812486124986125,0.9808273829962483,0.98
1.7440716495305725e-05,0.07646850496530533,0.978552836052836,0.9780078717578718,0.9776084997907922,0.9766666666666666
1.8682280739312773e-05,0.07547740638256073,0.9802447552447552,0.9798597236097236,0.9792376632792233,0.9783333333333332
1.2624661157663771e-05,0.0758623331785202,0.9802447552447552,0.9798597236097236,0.9792376632792233,0.9783333333333332
9.253819783339168e-06,0.07597959041595459,0.9802447552447552,0.9798597236097236,0.9792376632792233,0.9783333333333332
7.666945483227513e-06,0.07666978240013123,0.9799417249417249,0.9798597236097236,0.9794360786484222,0.9783333333333332
8.521676079453755e-06,0.07528574764728546,0.978552836052836,0.9780078717578718,0.9776084997907922,0.9766666666666666
1.8153985270904133e-05,0.07420855760574341,0.978552836052836,0.9780078717578718,0.9776084997907922,0.9766666666666666
9.169777243300814e-06,0.07570119202136993,0.9812237762237762,0.9812486124986125,0.9808273829962483,0.98
9.351571463867003e-06,0.07571221888065338,0.978552836052836,0.9780078717578718,0.9776084997907922,0.9766666666666666
7.93198741651698e-06,0.07713529467582703,0.9815484515484516,0.9811417748917749,0.980894496773507,0.98
1.5114744475871097e-05,0.0778033435344696,0.9829704092204091,0.9828900266400268,0.9824478869831207,0.9816666666666666
2.4598638489692348e-05,0.07396967709064484,0.9812237762237762,0.9812486124986125,0.9808273829962483,0.98
1.1782447586483613e-05,0.07504650950431824,0.9798348873348873,0.9793967606467606,0.9789998041386183,0.9783333333333332
6.9582462269105845e-06,0.07500959187746048,0.9829156954156953,0.9831004643504643,0.9824565464846794,0.9816666666666668
8.788903481142066e-06,0.07469496876001358,0.9798348873348873,0.9793967606467606,0.9789998041386183,0.9783333333333332
7.300972991212499e-06,0.07621613889932632,0.9812237762237762,0.9812486124986125,0.9808273829962483,0.98
1.4615853819085109e-05,0.07569529116153717,0.9812237762237762,0.9812486124986125,0.9808273829962483,0.98
6.3544511921994245e-06,0.07697172462940216,0.9842388167388166,0.9840458152958153,0.9836461155251257,0.9833333333333333
7.964571409502241e-06,0.07682438939809799,0.9812237762237762,0.9812486124986125,0.9808273829962483,0.98
6.439884420691063e-06,0.07532884180545807,0.9812237762237762,0.9812486124986125,0.9808273829962483,0.98
9.543498279640517e-06,0.0747554749250412,0.9812237762237762,0.9812486124986125,0.9808273829962483,0.98
1.3527671157476107e-05,0.07687680423259735,0.9826320901320901,0.982763764013764,0.982187697400041,0.9816666666666666
7.204612169668205e-06,0.0753658190369606,0.9812237762237762,0.9812486124986125,0.9808273829962483,0.98
1.0661880239126731e-05,0.07574860751628876,0.9812237762237762,0.9812486124986125,0.9808273829962483,0.98
1.0560353589520824e-05,0.0755700170993805,0.9798348873348873,0.9793967606467606,0.9789998041386183,0.9783333333333332
1.691917578957221e-05,0.07454552501440048,0.9815268065268065,0.9812486124986125,0.9806289676270494,0.9799999999999999
5.4045518235549634e-06,0.07335343211889267,0.9828305028305029,0.9825306637806638,0.982285801121333,0.9816666666666666
7.470051372138187e-06,0.07425525039434433,0.9812237762237762,0.9812486124986125,0.9808273829962483,0.98
6.728768279155399e-06,0.07451820373535156,0.9798348873348873,0.9793967606467606,0.9789998041386183,0.9783333333333332
7.567405797696362e-06,0.07665824145078659,0.9798348873348873,0.9793967606467606,0.9789998041386183,0.9783333333333332
1.1941194567081462e-05,0.07565006613731384,0.9812237762237762,0.9812486124986125,0.9808273829962483,0.98
7.530252148058025e-06,0.07534356415271759,0.9812237762237762,0.9812486124986125,0.9808273829962483,0.98
7.670521744292577e-06,0.07576756924390793,0.9812237762237762,0.9812486124986125,0.9808273829962483,0.98
6.510476361635635e-05,0.08449210226535797,0.9828441465941467,0.9827637640137641,0.982478876927154,0.9816666666666666
9.127457933762647e-06,0.08143751323223114,0.9828441465941467,0.9827637640137641,0.982478876927154,0.9816666666666666
8.038878336928216e-06,0.08092670887708664,0.9828441465941467,0.9827637640137641,0.982478876927154,0.9816666666666666
9.057919186261643e-06,0.08140334486961365,0.9828441465941467,0.9827637640137641,0.982478876927154,0.9816666666666666
7.553497951562349e-06,0.08049672842025757,0.9812237762237762,0.9812486124986125,0.9808273829962483,0.98
1.3337929914314373e-05,0.08250241726636887,0.9828441465941467,0.9827637640137641,0.982478876927154,0.9816666666666666
9.856820279689297e-06,0.08247190713882446,0.9828441465941467,0.9827637640137641,0.982478876927154,0.9816666666666666
6.6165129245140024e-06,0.08046044409275055,0.9828441465941467,0.9827637640137641,0.982478876927154,0.9816666666666666
1.0753273954833276e-05,0.07843539118766785,0.9828441465941467,0.9827637640137641,0.982478876927154,0.9816666666666666
7.440646517882972e-06,0.07913805544376373,0.9828441465941467,0.9827637640137641,0.982478876927154,0.9816666666666666
5.178451516485438e-06,0.08142944425344467,0.9828441465941467,0.9827637640137641,0.982478876927154,0.9816666666666666
8.387366866221177e-06,0.0832509770989418,0.9828441465941467,0.9827637640137641,0.982478876927154,0.9816666666666666
6.530483541193159e-06,0.07908448576927185,0.9828441465941467,0.9827637640137641,0.982478876927154,0.9816666666666666
6.964604073308085e-06,0.07893896102905273,0.9828441465941467,0.9827637640137641,0.982478876927154,0.9816666666666666
7.0488452384627936e-06,0.07924062013626099,0.9828441465941467,0.9827637640137641,0.982478876927154,0.9816666666666666
9.840726884628262e-06,0.07913194596767426,0.9828441465941467,0.9827637640137641,0.982478876927154,0.9816666666666666
1.0484854409279857e-05,0.07811746001243591,0.9828441465941467,0.9827637640137641,0.982478876927154,0.9816666666666666
6.912151931715016e-06,0.07925271987915039,0.9828441465941467,0.9827637640137641,0.982478876927154,0.9816666666666666
8.899966995083256e-06,0.0799839198589325,0.9828441465941467,0.9827637640137641,0.982478876927154,0.9816666666666666
6.575187005826895e-06,0.07851161062717438,0.9828441465941467,0.9827637640137641,0.982478876927154,0.9816666666666666
7.0333481024439e-06,0.08074476569890976,0.9828441465941467,0.9827637640137641,0.982478876927154,0.9816666666666666
6.758769406663608e-06,0.07906437665224075,0.9828441465941467,0.9827637640137641,0.982478876927154,0.9816666666666666
5.069573724370002e-06,0.0794016569852829,0.9828441465941467,0.9827637640137641,0.982478876927154,0.9816666666666666
9.834368832173368e-06,0.07980683445930481,0.9828441465941467,0.9827637640137641,0.982478876927154,0.9816666666666666
5.772908527508965e-06,0.07936592400074005,0.9828441465941467,0.9827637640137641,0.982478876927154,0.9816666666666666
6.719629013218764e-06,0.07954756915569305,0.9828441465941467,0.9827637640137641,0.982478876927154,0.9816666666666666
6.252725938793446e-06,0.07857955992221832,0.9828441465941467,0.9827637640137641,0.982478876927154,0.9816666666666666
7.803837391406887e-06,0.07960096001625061,0.9828441465941467,0.9827637640137641,0.982478876927154,0.9816666666666666
0.013504331079502663,0.3629356026649475,0.947717883967884,0.9330906593406594,0.9328050268216734,0.9316666666666666
0.024726001546999516,0.1524772047996521,0.9623224923224923,0.960772422022422,0.959854340180908,0.9616666666666666
0.003028644841227409,0.09417086839675903,0.9778641728641729,0.9780741943241944,0.9774539912313615,0.9766666666666666
0.0006208047232121316,0.10951727628707886,0.9775258537758537,0.9782257094757094,0.9772494908527124,0.9766666666666666
0.0019405905331950635,0.11069753766059875,0.9767177729677728,0.976002886002886,0.9755020575036456,0.975
0.00029016792931694607,0.10234962403774261,0.9758387445887445,0.9760491822991822,0.9754784273539601,0.975
0.00014187932045691318,0.09531193226575851,0.9745839808339808,0.9749655437155438,0.974339747225084,0.9733333333333333
0.00021869461094562817,0.1102149486541748,0.9780814093314093,0.9774248436748437,0.9771427332671285,0.9766666666666666
0.00015642573559186226,0.10331986844539642,0.9793582806082806,0.9796145983645984,0.9788948557180263,0.9783333333333334
5.36239153727062e-05,0.10670164227485657,0.9797681485181484,0.9799512987012987,0.979220954316436,0.9783333333333332
5.285262985429048e-05,0.10473056137561798,0.9797681485181484,0.9799512987012987,0.979220954316436,0.9783333333333332
5.213022258961549e-05,0.1052991971373558,0.9779499666999666,0.9780994468494469,0.9775345413142337,0.9766666666666666
5.8470369140195544e-05,0.10571570694446564,0.9779499666999666,0.9780994468494469,0.9775345413142337,0.9766666666666666
3.395080555416522e-05,0.10499950498342514,0.9811764624264624,0.9814664502164502,0.9805812687202287,0.9800000000000001
5.87016340508247e-05,0.10076391696929932,0.9793582806082806,0.9796145983645984,0.9788948557180263,0.9783333333333334
3.96275515962922e-05,0.10573627799749374,0.9768510656010655,0.9764327801827801,0.9761282478026768,0.975
3.779490763614982e-05,0.10554973781108856,0.9798944111444111,0.9797997835497836,0.9791342751679718,0.9783333333333332
3.074745334667265e-05,0.10159798711538315,0.9793582806082806,0.9796145983645984,0.9788948557180263,0.9783333333333334
2.635081620875705e-05,0.10174146294593811,0.9793582806082806,0.9796145983645984,0.9788948557180263,0.9783333333333334
3.78330552261256e-05,0.1045171245932579,0.9793582806082806,0.9796145983645984,0.9788948557180263,0.9783333333333334
4.035592036188973e-05,0.10211893171072006,0.9793582806082806,0.9796145983645984,0.9788948557180263,0.9783333333333334
2.6666124900505867e-05,0.10155260562896729,0.9793582806082806,0.9796145983645984,0.9788948557180263,0.9783333333333334
2.4518171869658545e-05,0.10160630941390991,0.9793582806082806,0.9796145983645984,0.9788948557180263,0.9783333333333334
2.751946436774233e-05,0.1049354076385498,0.9779499666999666,0.9780994468494469,0.9775345413142337,0.9766666666666666
2.6616652689881448e-05,0.10273899883031845,0.9779499666999666,0.9780994468494469,0.9775345413142337,0.9766666666666666
1.924037925959965e-05,0.10159021615982056,0.9793582806082806,0.9796145983645984,0.9788948557180263,0.9783333333333334
1.8093188392261556e-05,0.10145831108093262,0.9779499666999666,0.9780994468494469,0.9775345413142337,0.9766666666666666
1.6191005717776836e-05,0.10590025037527084,0.9786692474192473,0.978284632034632,0.9778146608048792,0.9766666666666666
1.8210013446188594e-05,0.10373491048812866,0.9811764624264624,0.9814664502164502,0.9805812687202287,0.9800000000000001
1.872936872378735e-05,0.10109661519527435,0.9793582806082806,0.9796145983645984,0.9788948557180263,0.9783333333333334
3.213147304374312e-05,0.10577713698148727,0.9779499666999666,0.9780994468494469,0.9775345413142337,0.9766666666666666
1.4710823459533154e-05,0.10255535691976547,0.9779499666999666,0.9780994468494469,0.9775345413142337,0.9766666666666666
2.7710993973547222e-05,0.10216452181339264,0.9793582806082806,0.9796145983645984,0.9788948557180263,0.9783333333333334
2.707779335272183e-05,0.10318680852651596,0.9793582806082806,0.9796145983645984,0.9788948557180263,0.9783333333333334
1.6668836063142105e-05,0.10533683001995087,0.9786692474192473,0.978284632034632,0.9778146608048792,0.9766666666666666
1.8398165470519718e-05,0.10321800410747528,0.9811764624264624,0.9814664502164502,0.9805812687202287,0.9800000000000001
3.9198598112003914e-05,0.1102774366736412,0.9786692474192473,0.978284632034632,0.9778146608048792,0.9766666666666666
1.3486544351811366e-05,0.10867699235677719,0.9786692474192473,0.978284632034632,0.9778146608048792,0.9766666666666666
1.4548500582615512e-05,0.10497547686100006,0.9786692474192473,0.978284632034632,0.9778146608048792,0.9766666666666666
1.4803608346862044e-05,0.10369956493377686,0.9798944111444111,0.9797997835497836,0.9791342751679718,0.9783333333333332
2.15989348456939e-05,0.10354219377040863,0.9793582806082806,0.9796145983645984,0.9788948557180263,0.9783333333333334
2.4893284148674866e-05,0.10276584327220917,0.9811764624264624,0.9814664502164502,0.9805812687202287,0.9800000000000001
2.675414033130134e-05,0.10390480607748032,0.9811764624264624,0.9814664502164502,0.9805812687202287,0.9800000000000001
1.9988815173140512e-05,0.10529176890850067,0.9811764624264624,0.9814664502164502,0.9805812687202287,0.9800000000000001
1.391112800774863e-05,0.10356026142835617,0.9811764624264624,0.9814664502164502,0.9805812687202287,0.9800000000000001
2.185404278520764e-05,0.10505791008472443,0.9798944111444111,0.9797997835497836,0.9791342751679718,0.9783333333333332
2.079089494107696e-05,0.10583001375198364,0.9798944111444111,0.9797997835497836,0.9791342751679718,0.9783333333333332
2.466857448268911e-05,0.10281866788864136,0.9798944111444111,0.9797997835497836,0.9791342751679718,0.9783333333333332
2.630929103967598e-05,0.10134484618902206,0.9795097957597956,0.9797997835497836,0.9788268827553163,0.9783333333333332
8.295377090424457e-06,0.1037074476480484,0.9786692474192473,0.978284632034632,0.9778146608048792,0.9766666666666666
1.231888915261455e-05,0.10295277833938599,0.9780762293262293,0.9779479316979317,0.9774478621657695,0.9766666666666666
1.2905200217498228e-05,0.10079094767570496,0.9798944111444111,0.9797997835497836,0.9791342751679718,0.9783333333333332
6.559689860334099e-06,0.10205356776714325,0.9797681485181484,0.9799512987012987,0.979220954316436,0.9783333333333332
2.0543535768524634e-05,0.1022309958934784,0.9811764624264624,0.9814664502164502,0.9805812687202287,0.9800000000000001
9.726285943164234e-06,0.10051089525222778,0.9811764624264624,0.9814664502164502,0.9805812687202287,0.9800000000000001
1.4907717513779062e-05,0.10289090126752853,0.9798944111444111,0.9797997835497836,0.9791342751679718,0.9783333333333332
1.014749220947427e-05,0.10330226272344589,0.9797681485181484,0.9799512987012987,0.979220954316436,0.9783333333333332
1.700023800784341e-05,0.10345044732093811,0.9798944111444111,0.9797997835497836,0.9791342751679718,0.9783333333333332
1.2338558657158197e-05,0.10208004713058472,0.9797681485181484,0.9799512987012987,0.979220954316436,0.9783333333333332
6.872614179087577e-06,0.10216742753982544,0.9811764624264624,0.9814664502164502,0.9805812687202287,0.9800000000000001
9.863972574445748e-06,0.10333963483572006,0.9797681485181484,0.9799512987012987,0.979220954316436,0.9783333333333332
1.2574195920933562e-05,0.10430054366588593,0.9798944111444111,0.9797997835497836,0.9791342751679718,0.9783333333333332
2.0609498250223623e-05,0.10276132076978683,0.9811764624264624,0.9814664502164502,0.9805812687202287,0.9800000000000001
5.089422274314378e-05,0.10197704285383224,0.9811764624264624,0.9814664502164502,0.9805812687202287,0.9800000000000001
1.7235875423201225e-05,0.10087557137012482,0.9797681485181484,0.9799512987012987,0.979220954316436,0.9783333333333332
1.3714234071926512e-05,0.10324305295944214,0.9797681485181484,0.9799512987012987,0.979220954316436,0.9783333333333332
7.865627518791976e-06,0.10134734958410263,0.9797681485181484,0.9799512987012987,0.979220954316436,0.9783333333333332
1.1623899212054312e-05,0.10110204666852951,0.9811764624264624,0.9814664502164502,0.9805812687202287,0.9800000000000001
7.541378465703019e-06,0.1043151244521141,0.9797681485181484,0.9799512987012987,0.979220954316436,0.9783333333333332
9.752909344721653e-06,0.10200639814138412,0.9810501998001997,0.9811417748917749,0.9805049049337199,0.9799999999999999
1.1339386479865729e-05,0.10298199951648712,0.9797681485181484,0.9799512987012987,0.979220954316436,0.9783333333333332
1.0123650421670996e-05,0.10545726120471954,0.9797681485181484,0.9799512987012987,0.979220954316436,0.9783333333333332
1.0626912019991627e-05,0.10499823093414307,0.9797681485181484,0.9799512987012987,0.979220954316436,0.9783333333333332
1.6553004490068208e-05,0.10576294362545013,0.9797681485181484,0.9799512987012987,0.979220954316436,0.9783333333333332
1.3010700451824656e-05,0.10637032985687256,0.9797681485181484,0.9799512987012987,0.979220954316436,0.9783333333333332
2.4353663581185476e-05,0.10434570908546448,0.9797681485181484,0.9799512987012987,0.979220954316436,0.9783333333333332
7.53601389646974e-06,0.10119116306304932,0.9779499666999666,0.9780994468494469,0.9775345413142337,0.9766666666666666
7.768273547981153e-06,0.0998859629034996,0.9797681485181484,0.9799512987012987,0.979220954316436,0.9783333333333332
9.005665631889315e-06,0.10241561383008957,0.9797681485181484,0.9799512987012987,0.979220954316436,0.9783333333333332
9.045799635269228e-06,0.10268501937389374,0.9779499666999666,0.9780994468494469,0.9775345413142337,0.9766666666666666
6.195704145284253e-06,0.10264077037572861,0.9797681485181484,0.9799512987012987,0.979220954316436,0.9783333333333332
8.273124663560338e-06,0.1023600846529007,0.9797681485181484,0.9799512987012987,0.979220954316436,0.9783333333333332
1.419424987147977e-05,0.10122495144605637,0.9811764624264624,0.9814664502164502,0.9805812687202287,0.9800000000000001
5.685091020761017e-06,0.1007259339094162,0.9811764624264624,0.9814664502164502,0.9805812687202287,0.9800000000000001
8.001923641624368e-06,0.10236053913831711,0.9779499666999666,0.9780994468494469,0.9775345413142337,0.9766666666666666
2.2224783881104788e-05,0.10343144834041595,0.9793582806082806,0.9796145983645984,0.9788948557180263,0.9783333333333334
1.0798573484294138e-05,0.10448351502418518,0.9811764624264624,0.9814664502164502,0.9805812687202287,0.9800000000000001
7.0087114683777445e-06,0.10045236349105835,0.9779499666999666,0.9780994468494469,0.9775345413142337,0.9766666666666666
1.0376572712781732e-05,0.10259205102920532,0.9779499666999666,0.9780994468494469,0.9775345413142337,0.9766666666666666
6.608963010042619e-06,0.10127818584442139,0.9797681485181484,0.9799512987012987,0.979220954316436,0.9783333333333332
6.838639592388063e-06,0.10302700102329254,0.9793582806082806,0.9796145983645984,0.9788948557180263,0.9783333333333334
1.0510683229843684e-05,0.1007324755191803,0.9811764624264624,0.9814664502164502,0.9805812687202287,0.9800000000000001
1.5104412469213457e-05,0.10258549451828003,0.9811764624264624,0.9814664502164502,0.9805812687202287,0.9800000000000001
5.759199396493386e-06,0.1013125404715538,0.9811764624264624,0.9814664502164502,0.9805812687202287,0.9800000000000001
9.2103084957292e-06,0.10107742995023727,0.9811764624264624,0.9814664502164502,0.9805812687202287,0.9800000000000001
1.3233621918592084e-05,0.10441901534795761,0.9797681485181484,0.9799512987012987,0.979220954316436,0.9783333333333332
1.098891097702411e-05,0.10343056917190552,0.9779499666999666,0.9780994468494469,0.9775345413142337,0.9766666666666666
8.42928893973749e-06,0.10089214891195297,0.9779499666999666,0.9780994468494469,0.9775345413142337,0.9766666666666666
9.848872972876658e-06,0.10416504740715027,0.9797681485181484,0.9799512987012987,0.979220954316436,0.9783333333333332
7.5936318305972845e-06,0.10112828016281128,0.9797681485181484,0.9799512987012987,0.979220954316436,0.9783333333333332
1.0479688706747462e-05,0.10067083686590195,0.9779499666999666,0.9780994468494469,0.9775345413142337,0.9766666666666666
1.3232827242859457e-05,0.10025803744792938,0.9793582806082806,0.9796145983645984,0.9788948557180263,0.9783333333333334
8.22166612598115e-06,0.10346989333629608,0.9797681485181484,0.9799512987012987,0.979220954316436,0.9783333333333332
8.19206229844364e-06,0.10122708976268768,0.9779499666999666,0.9780994468494469,0.9775345413142337,0.9766666666666666
6.35743144054383e-06,0.10285778343677521,0.9797681485181484,0.9799512987012987,0.979220954316436,0.9783333333333332
1.2033383157472599e-05,0.10125790536403656,0.9793582806082806,0.9796145983645984,0.9788948557180263,0.9783333333333334
6.713668568636422e-06,0.10071797668933868,0.9793582806082806,0.9796145983645984,0.9788948557180263,0.9783333333333334
5.306402890425943e-06,0.10538159310817719,0.9797681485181484,0.9799512987012987,0.979220954316436,0.9783333333333332
7.269183830279265e-06,0.10099416971206665,0.9797681485181484,0.9799512987012987,0.979220954316436,0.9783333333333332
5.4158767615793595e-06,0.09923970699310303,0.9793582806082806,0.9796145983645984,0.9788948557180263,0.9783333333333334
8.160471608675834e-06,0.10344110429286957,0.9779499666999666,0.9780994468494469,0.9775345413142337,0.9766666666666666
5.600849789288986e-06,0.10131770372390747,0.9779499666999666,0.9780994468494469,0.9775345413142337,0.9766666666666666
7.560451751468615e-06,0.1001620888710022,0.9793582806082806,0.9796145983645984,0.9788948557180263,0.9783333333333334
5.668799078743329e-06,0.10460531711578369,0.9793582806082806,0.9796145983645984,0.9788948557180263,0.9783333333333334
6.399750660079917e-06,0.10232418030500412,0.9793582806082806,0.9796145983645984,0.9788948557180263,0.9783333333333334
5.061229070217148e-06,0.10252836346626282,0.9779499666999666,0.9780994468494469,0.9775345413142337,0.9766666666666666
8.810559779230212e-06,0.10254201292991638,0.9779499666999666,0.9780994468494469,0.9775345413142337,0.9766666666666666
7.557272880376331e-06,0.0991373211145401,0.9793582806082806,0.9796145983645984,0.9788948557180263,0.9783333333333334
5.6538978772853925e-06,0.10379116237163544,0.9793582806082806,0.9796145983645984,0.9788948557180263,0.9783333333333334
1.0411937952407394e-05,0.10254435986280441,0.9793582806082806,0.9796145983645984,0.9788948557180263,0.9783333333333334
5.448261951812583e-06,0.09911008179187775,0.9793582806082806,0.9796145983645984,0.9788948557180263,0.9783333333333334
6.229877492103242e-06,0.1025051474571228,0.9797681485181484,0.9799512987012987,0.979220954316436,0.9783333333333332
5.463560533769396e-06,0.10277438163757324,0.9779499666999666,0.9780994468494469,0.9775345413142337,0.9766666666666666
5.2712361006494275e-06,0.1015261560678482,0.9797681485181484,0.9799512987012987,0.979220954316436,0.9783333333333332
6.06834886696106e-06,0.10414084792137146,0.9779499666999666,0.9780994468494469,0.9775345413142337,0.9766666666666666
1.1364618815197977e-05,0.1036888062953949,0.9779499666999666,0.9780994468494469,0.9775345413142337,0.9766666666666666
4.046360648620369e-06,0.10066807270050049,0.9793582806082806,0.9796145983645984,0.9788948557180263,0.9783333333333334
4.296104101797482e-06,0.09985741227865219,0.9793582806082806,0.9796145983645984,0.9788948557180263,0.9783333333333334
3.54488688950975e-06,0.10003694146871567,0.9797681485181484,0.9799512987012987,0.979220954316436,0.9783333333333332
6.617307612089007e-06,0.10053400695323944,0.9793582806082806,0.9796145983645984,0.9788948557180263,0.9783333333333334
6.3506761899626935e-06,0.09869285672903061,0.9793582806082806,0.9796145983645984,0.9788948557180263,0.9783333333333334
6.2708059639741505e-06,0.10036821663379669,0.9793582806082806,0.9796145983645984,0.9788948557180263,0.9783333333333334
6.310145072537428e-06,0.10300175845623016,0.9797681485181484,0.9799512987012987,0.979220954316436,0.9783333333333332
4.09821673249174e-06,0.10085760802030563,0.9793582806082806,0.9796145983645984,0.9788948557180263,0.9783333333333334
7.3270003468906e-06,0.10065236687660217,0.9793582806082806,0.9796145983645984,0.9788948557180263,0.9783333333333334
4.61677705487773e-06,0.10179021954536438,0.9779499666999666,0.9780994468494469,0.9775345413142337,0.9766666666666666
6.360809012543693e-06,0.10027740895748138,0.9793582806082806,0.9796145983645984,0.9788948557180263,0.9783333333333334
3.325541849600692e-06,0.10035493224859238,0.9779499666999666,0.9780994468494469,0.9775345413142337,0.9766666666666666
6.5336624643919095e-06,0.10006340593099594,0.9779499666999666,0.9780994468494469,0.9775345413142337,0.9766666666666666
3.4820239344905225e-05,0.10364195704460144,0.9797681485181484,0.9799512987012987,0.979220954316436,0.9783333333333332
3.3708413435344178e-06,0.10104511678218842,0.9779499666999666,0.9780994468494469,0.9775345413142337,0.9766666666666666
5.256334977351192e-06,0.10474279522895813,0.9779499666999666,0.9780994468494469,0.9775345413142337,0.9766666666666666
8.641679935787275e-06,0.10537638515233994,0.9779499666999666,0.9780994468494469,0.9775345413142337,0.9766666666666666
3.3056735825690944e-06,0.10435870289802551,0.9779499666999666,0.9780994468494469,0.9775345413142337,0.9766666666666666
6.544073630484111e-05,0.10556474328041077,0.9811764624264624,0.9814664502164502,0.9805812687202287,0.9800000000000001
6.729563044890104e-06,0.1065647155046463,0.9779499666999666,0.9780994468494469,0.9775345413142337,0.9766666666666666
1.317739477002533e-05,0.1050475686788559,0.9779499666999666,0.9780994468494469,0.9775345413142337,0.9766666666666666
2.1314621060734378e-05,0.10466945171356201,0.9797681485181484,0.9799512987012987,0.979220954316436,0.9783333333333332
4.663268740046078e-06,0.10301493108272552,0.9779499666999666,0.9780994468494469,0.9775345413142337,0.9766666666666666
5.107720712752932e-06,0.10481101274490356,0.9797681485181484,0.9799512987012987,0.979220954316436,0.9783333333333332
7.975697440561666e-06,0.10675426572561264,0.9797681485181484,0.9799512987012987,0.979220954316436,0.9783333333333332
5.757411292014088e-06,0.10467289388179779,0.9793582806082806,0.9796145983645984,0.9788948557180263,0.9783333333333334
1.3568997597227886e-05,0.10352243483066559,0.9793582806082806,0.9796145983645984,0.9788948557180263,0.9783333333333334
3.14911204194838e-06,0.10457511246204376,0.9811764624264624,0.9814664502164502,0.9805812687202287,0.9800000000000001
5.700190824834787e-06,0.10633676499128342,0.9779499666999666,0.9780994468494469,0.9775345413142337,0.9766666666666666
7.029970523338609e-06,0.10370510816574097,0.9779499666999666,0.9780994468494469,0.9775345413142337,0.9766666666666666
6.313919952797657e-06,0.10637318342924118,0.9779499666999666,0.9780994468494469,0.9775345413142337,0.9766666666666666
5.975564361548891e-06,0.1032070741057396,0.9793582806082806,0.9796145983645984,0.9788948557180263,0.9783333333333334
6.219148616537495e-06,0.1029168963432312,0.9779499666999666,0.9780994468494469,0.9775345413142337,0.9766666666666666
6.877183970743772e-06,0.10305234044790268,0.9793582806082806,0.9796145983645984,0.9788948557180263,0.9783333333333334
1.1486013972235773e-05,0.10596145689487457,0.9779499666999666,0.9780994468494469,0.9775345413142337,0.9766666666666666
7.991194713952154e-06,0.10177548229694366,0.9811764624264624,0.9814664502164502,0.9805812687202287,0.9800000000000001
3.352800980493953e-05,0.10053706169128418,0.9793582806082806,0.9796145983645984,0.9788948557180263,0.9783333333333334
4.1389465460876336e-06,0.09919553995132446,0.9811764624264624,0.9814664502164502,0.9805812687202287,0.9800000000000001
3.3915042839301654e-06,0.1033395379781723,0.9811764624264624,0.9814664502164502,0.9805812687202287,0.9800000000000001
5.55356345207277e-06,0.10044392198324203,0.9811764624264624,0.9814664502164502,0.9805812687202287,0.9800000000000001
4.31517756046181e-06,0.10096310824155807,0.9811764624264624,0.9814664502164502,0.9805812687202287,0.9800000000000001
9.211699169971629e-06,0.10141991078853607,0.9811764624264624,0.9814664502164502,0.9805812687202287,0.9800000000000001
4.680951517362549e-06,0.10297928750514984,0.9811764624264624,0.9814664502164502,0.9805812687202287,0.9800000000000001
1.1228918995224527e-05,0.0998607724905014,0.9811764624264624,0.9814664502164502,0.9805812687202287,0.9800000000000001
2.335707357303818e-06,0.10303425043821335,0.9811764624264624,0.9814664502164502,0.9805812687202287,0.9800000000000001
3.6170085190671366e-06,0.1043010950088501,0.9811764624264624,0.9814664502164502,0.9805812687202287,0.9800000000000001
6.41147297860319e-06,0.10062754154205322,0.9811764624264624,0.9814664502164502,0.9805812687202287,0.9800000000000001
4.581014292644643e-06,0.10001345723867416,0.9811764624264624,0.9814664502164502,0.9805812687202287,0.9800000000000001
2.976258597205591e-06,0.09894850850105286,0.9793582806082806,0.9796145983645984,0.9788948557180263,0.9783333333333334
6.329019807793657e-06,0.0995701476931572,0.9811764624264624,0.9814664502164502,0.9805812687202287,0.9800000000000001
4.290938370843378e-06,0.10014301538467407,0.9811764624264624,0.9814664502164502,0.9805812687202287,0.9800000000000001
5.377531091236658e-06,0.10225670039653778,0.9811764624264624,0.9814664502164502,0.9805812687202287,0.9800000000000001
4.846453698803543e-06,0.10199432075023651,0.9811764624264624,0.9814664502164502,0.9805812687202287,0.9800000000000001
4.251201974151779e-06,0.10346057265996933,0.9811764624264624,0.9814664502164502,0.9805812687202287,0.9800000000000001
4.059275006795815e-06,0.10246460884809494,0.9811764624264624,0.9814664502164502,0.9805812687202287,0.9800000000000001
3.2738844358467154e-06,0.10339456796646118,0.9798944111444111,0.9797997835497836,0.9791342751679718,0.9783333333333332
7.49508528485876e-06,0.10191003978252411,0.9793582806082806,0.9796145983645984,0.9788948557180263,0.9783333333333334
8.443594081105251e-06,0.1001465916633606,0.9811764624264624,0.9814664502164502,0.9805812687202287,0.9800000000000001
5.256533613125687e-06,0.09980674088001251,0.9811764624264624,0.9814664502164502,0.9805812687202287,0.9800000000000001
7.038116399608422e-06,0.1023552268743515,0.9811764624264624,0.9814664502164502,0.9805812687202287,0.9800000000000001
1.1917551569003612e-05,0.10052609443664551,0.9811764624264624,0.9814664502164502,0.9805812687202287,0.9800000000000001
5.503892848442622e-06,0.10119223594665527,0.9811764624264624,0.9814664502164502,0.9805812687202287,0.9800000000000001
3.142555553855194e-06,0.10200827568769455,0.9811764624264624,0.9814664502164502,0.9805812687202287,0.9800000000000001
4.383524258836739e-06,0.10159532725811005,0.9811764624264624,0.9814664502164502,0.9805812687202287,0.9800000000000001
2.9222170401984235e-06,0.10026352107524872,0.9811764624264624,0.9814664502164502,0.9805812687202287,0.9800000000000001
4.341800960834992e-06,0.10178887844085693,0.9811764624264624,0.9814664502164502,0.9805812687202287,0.9800000000000001
3.3678610857161098e-06,0.10133527219295502,0.9811764624264624,0.9814664502164502,0.9805812687202287,0.9800000000000001
3.7686029775348593e-06,0.10100321471691132,0.9811764624264624,0.9814664502164502,0.9805812687202287,0.9800000000000001
6.933410913253131e-06,0.10250403732061386,0.9811764624264624,0.9814664502164502,0.9805812687202287,0.9800000000000001
2.3635228743046355e-06,0.10134907811880112,0.9811764624264624,0.9814664502164502,0.9805812687202287,0.9800000000000001
5.092620842361839e-06,0.1020893082022667,0.9793582806082806,0.9796145983645984,0.9788948557180263,0.9783333333333334
3.583431258391556e-06,0.10214140266180038,0.9811764624264624,0.9814664502164502,0.9805812687202287,0.9800000000000001
4.766583522552992e-06,0.10237624496221542,0.9811764624264624,0.9814664502164502,0.9805812687202287,0.9800000000000001
2.8312206398576714e-06,0.09995344281196594,0.9793582806082806,0.9796145983645984,0.9788948557180263,0.9783333333333334
5.914370374190033e-06,0.10044138878583908,0.9811764624264624,0.9814664502164502,0.9805812687202287,0.9800000000000001
2.9575824237089896e-06,0.0994129329919815,0.9793582806082806,0.9796145983645984,0.9788948557180263,0.9783333333333334
2.659161921769737e-06,0.09784726798534393,0.9811764624264624,0.9814664502164502,0.9805812687202287,0.9800000000000001
4.737377203412052e-06,0.10126306116580963,0.9811764624264624,0.9814664502164502,0.9805812687202287,0.9800000000000001
2.7827421575921107e-06,0.10208755731582642,0.9811764624264624,0.9814664502164502,0.9805812687202287,0.9800000000000001
2.7716160104773735e-06,0.10135539621114731,0.9811764624264624,0.9814664502164502,0.9805812687202287,0.9800000000000001
5.777080810768591e-06,0.10332587361335754,0.9811764624264624,0.9814664502164502,0.9805812687202287,0.9800000000000001
4.780491200525224e-06,0.10068298876285553,0.9811764624264624,0.9814664502164502,0.9805812687202287,0.9800000000000001
1.990000387290062e-06,0.1014578640460968,0.9811764624264624,0.9814664502164502,0.9805812687202287,0.9800000000000001
4.252195402898451e-06,0.0977649837732315,0.9793582806082806,0.9796145983645984,0.9788948557180263,0.9783333333333334
3.4018357470226115e-06,0.09949513524770737,0.9811764624264624,0.9814664502164502,0.9805812687202287,0.9800000000000001
9.10937766818165e-06,0.10197429358959198,0.9793582806082806,0.9796145983645984,0.9788948557180263,0.9783333333333334
5.754431181041279e-06,0.1027953177690506,0.9793582806082806,0.9796145983645984,0.9788948557180263,0.9783333333333334
4.804730399617559e-06,0.10020947456359863,0.9811764624264624,0.9814664502164502,0.9805812687202287,0.9800000000000001
1.258711024358187e-05,0.09843809902667999,0.9793582806082806,0.9796145983645984,0.9788948557180263,0.9783333333333334
2.4565060640450533e-06,0.10075442492961884,0.9811764624264624,0.9814664502164502,0.9805812687202287,0.9800000000000001
3.0845403505471345e-06,0.09935083240270615,0.9811764624264624,0.9814664502164502,0.9805812687202287,0.9800000000000001
2.9480457074034425e-06,0.10219047963619232,0.9811764624264624,0.9814664502164502,0.9805812687202287,0.9800000000000001
4.2005380080922805e-06,0.10250350087881088,0.9811764624264624,0.9814664502164502,0.9805812687202287,0.9800000000000001
5.094210263697126e-06,0.1009056568145752,0.9793582806082806,0.9796145983645984,0.9788948557180263,0.9783333333333334
3.7499268756846504e-06,0.098579540848732,0.9811764624264624,0.9814664502164502,0.9805812687202287,0.9800000000000001
8.054971722515347e-06,0.10072968900203705,0.9811764624264624,0.9814664502164502,0.9805812687202287,0.9800000000000001
2.288420994034368e-06,0.09789822995662689,0.9793582806082806,0.9796145983645984,0.9788948557180263,0.9783333333333334
