training_loss,validation_loss,precision,recall,f1,accuracy
1.6734294792016347,1.027449607849121,0.8443320228246698,0.8319715632950927,0.816960260105199,0.83
0.7694729119539261,0.5876666903495789,0.8961595706351898,0.8841107503607505,0.8808244226521239,0.8833333333333333
0.4723175714413325,0.42175063490867615,0.9330611286861288,0.9280657768157771,0.9278523667688044,0.9266666666666666
0.3523171804845333,0.34204885363578796,0.9322548978798979,0.9320484607984608,0.930192820345629,0.9299999999999998
0.29012230100731057,0.2970944046974182,0.9408833527583528,0.9390470177970179,0.9380378418643952,0.9383333333333331
0.24937887800236544,0.2663416862487793,0.941543525918526,0.9415145502645502,0.9393007071094587,0.9400000000000001
0.21484864316880703,0.24412891268730164,0.9456284687534686,0.944232202982203,0.9431380571270146,0.9433333333333334
0.19329902281363806,0.22368690371513367,0.94817976005476,0.9459457671957673,0.9453518689429936,0.945
0.17056042390565077,0.21173301339149475,0.9464503089503089,0.9458736171236172,0.9448522583293077,0.945
0.15918601024895906,0.1996532380580902,0.9490067802567803,0.9474609187109188,0.9467742313548614,0.9466666666666667
0.14415025462706885,0.18926593661308289,0.9487571918821919,0.9471362433862435,0.9465262301032883,0.9466666666666667
0.13881890444705883,0.18092137575149536,0.9519481675731677,0.9500402837902838,0.9495682124089333,0.9500000000000001
0.12922158806274334,0.1752031296491623,0.9487463231213232,0.9476124338624339,0.9466056876976873,0.9466666666666667
0.12393031641840935,0.17302045226097107,0.9569053400303399,0.9556421356421357,0.954865032959994,0.9550000000000001
0.11252470066150029,0.16894033551216125,0.9523662679912679,0.9507810245310245,0.9498591120052913,0.9499999999999998
0.10468590538948774,0.16081544756889343,0.9539324564324563,0.9539165464165466,0.9528238351870962,0.9533333333333333
0.10158874963720639,0.15734881162643433,0.9510155122655122,0.9506427368927369,0.9494057743713373,0.9499999999999998
0.09722374752163887,0.15493598580360413,0.9558149951899951,0.9541149591149591,0.9534119130951094,0.9533333333333331
0.09571662327895562,0.15215745568275452,0.9564509333259333,0.9548094035594036,0.9541284518845384,0.9533333333333331
0.0860406366797785,0.14618071913719177,0.9501277426277425,0.9504443241943243,0.9492344152293898,0.9500000000000001
0.079755665268749,0.14604464173316956,0.9573301467051466,0.9553054353054353,0.9548703312201942,0.955
0.08379338930050532,0.14625903964042664,0.9565966209716209,0.9558736171236171,0.9546369721760936,0.955
0.07511949585750699,0.1395845115184784,0.9560431697931698,0.9550619288119289,0.9542060607573015,0.9550000000000001
0.07800549749905865,0.14338418841362,0.9579016354016354,0.9577134439634439,0.956283503199811,0.9566666666666667
0.07465155531341831,0.14172524213790894,0.9600688431938432,0.9591474266474266,0.9580547076643747,0.9583333333333331
0.07066248077899218,0.1371639370918274,0.963065453065453,0.9613780663780664,0.9610198195528433,0.9616666666666668
0.06544967911516626,0.1331920325756073,0.9597968235468236,0.9586604136604137,0.9578808152440764,0.9583333333333334
0.0655144910948972,0.1309317648410797,0.9614812964812964,0.960755772005772,0.9600895612051444,0.96
0.06101862636084358,0.13386382162570953,0.9657494357494357,0.9632299182299183,0.962937112785926,0.9633333333333334
0.06420564154783885,0.12804695963859558,0.9691853979353979,0.9678805916305916,0.9676697907148282,0.9683333333333333
0.058915610114733376,0.1317947506904602,0.9614405964405962,0.9589039201539201,0.9585765910598211,0.9583333333333334
0.056883928210784994,0.12529462575912476,0.9677481777481777,0.9663065175565175,0.9662589411298299,0.9666666666666667
0.052656101140504084,0.12613242864608765,0.9667528767528766,0.9654527417027418,0.9650935745980953,0.965
0.055014412539700665,0.12544138729572296,0.9677754652754652,0.9666432178932179,0.9663613808659015,0.9666666666666667
0.05011344545831283,0.12373346090316772,0.9672699522699523,0.9650018037518038,0.9651832444874241,0.965
0.04943471277753512,0.12045495212078094,0.9705937118437119,0.9693488455988456,0.969374585108219,0.9699999999999999
0.0484198653139174,0.12410958856344223,0.9699673474673474,0.9670731120731121,0.9672931371444182,0.9666666666666667
0.04639656329527497,0.12251284718513489,0.9693324268324268,0.9670731120731121,0.9669891364018209,0.9666666666666667
0.0480901007540524,0.12640953063964844,0.9656049737299736,0.9625276575276575,0.9626353237669205,0.9616666666666666
0.04635236932275196,0.1221427470445633,0.9689927202427202,0.9660870610870611,0.9661906572751685,0.9666666666666667
0.04103176210386058,0.11939403414726257,0.9682407407407406,0.9663065175565175,0.9664020696062918,0.9666666666666667
0.04384531492056946,0.12012845277786255,0.9705852943352943,0.9679268879268879,0.9680437116282228,0.9683333333333333
0.043844467494636774,0.12130071967840195,0.9652281514781514,0.963044733044733,0.9631678912571585,0.9633333333333334
0.04456627951003611,0.12757739424705505,0.9655640193140193,0.9625276575276575,0.962368112451704,0.9616666666666666
0.039614398420477905,0.11765055358409882,0.971618982868983,0.9687926887926888,0.9691282026636943,0.9699999999999999
0.035477520587543644,0.12063723057508469,0.9666592666592666,0.9638912938912939,0.9640347863732798,0.9633333333333334
0.03786045274076363,0.12112562358379364,0.966057831057831,0.9641360028860029,0.9639733432775229,0.9633333333333334
0.03693955515821775,0.12111654132604599,0.9653325378325377,0.9619594757094757,0.9622498429216696,0.9616666666666668
0.03722846934882303,0.12157630175352097,0.9689927202427202,0.9660870610870611,0.9661906572751685,0.9666666666666667
0.03486916710001727,0.11528601497411728,0.9683862433862435,0.9670670995670996,0.9671081490906389,0.9683333333333333
0.03517937031574547,0.11950920522212982,0.9666060328560327,0.9645598845598844,0.964556494841347,0.965
0.034397639256591596,0.11719702184200287,0.967884014134014,0.9649897787397786,0.9653187362729585,0.965
0.03665545218003293,0.11923454701900482,0.9699673474673474,0.9670731120731121,0.9672931371444182,0.9666666666666667
0.03417274992292126,0.11714386940002441,0.9699673474673474,0.9670731120731121,0.9672931371444182,0.9666666666666667
0.031195514059315126,0.12212182581424713,0.966643032893033,0.9624885762385761,0.962892786537171,0.9633333333333333
0.03144853476745387,0.1175832748413086,0.967884014134014,0.9649897787397786,0.9653187362729585,0.965
0.030636339215561748,0.1158357560634613,0.9717452454952454,0.969117364117364,0.9693089520238979,0.9699999999999999
0.032234496204182506,0.11725173890590668,0.967884014134014,0.9649897787397786,0.9653187362729585,0.965
0.03215715669405957,0.11479436606168747,0.9692143967143966,0.9668416305916305,0.9670234455070795,0.9666666666666667
0.027387240397122998,0.11867951601743698,0.9672202334702334,0.9646981721981721,0.9646453950478943,0.965
0.02855754488458236,0.11528240889310837,0.96754773004773,0.9651749639249639,0.9653567788404129,0.965
0.03360419270272056,0.11828529089689255,0.9669370444370444,0.9640428090428089,0.9639598038110849,0.9633333333333334
0.03053870634175837,0.1164465993642807,0.9679687904687904,0.9655579605579606,0.9653266468445946,0.965
0.02745893985653917,0.11691712588071823,0.9679036704036704,0.9663185425685424,0.966259778228067,0.9666666666666667
0.02800019838226338,0.11353500932455063,0.9729120879120879,0.9704130591630591,0.9709674269148288,0.9716666666666666
0.028274300857447088,0.1197027787566185,0.9665384152884152,0.9626148388648389,0.9628396847811707,0.9633333333333333
0.024245271847272914,0.11646752059459686,0.9697555222555222,0.9677074314574314,0.9679648080660891,0.9683333333333333
0.024572718422859907,0.11818292737007141,0.9680066692566692,0.9645719095719095,0.9649521014912229,0.9649999999999999
0.02732085541356355,0.11813212931156158,0.9694039756539756,0.9660870610870611,0.9666062368295688,0.9666666666666667
0.02592162392102182,0.1139194592833519,0.967884014134014,0.9649897787397786,0.9653187362729585,0.965
0.02255305244276921,0.11366452276706696,0.9712687312687313,0.9695472582972582,0.9696580948083956,0.9699999999999999
0.02153636751851688,0.11423002183437347,0.9746972009472009,0.9725895863395863,0.9728702162956885,0.9733333333333333
0.022891995846293867,0.11631115525960922,0.9720240407740408,0.9695592833092833,0.9699116891577071,0.9700000000000001
0.023095955606549978,0.11684165894985199,0.9701721889221889,0.9681703944203943,0.9682066593196849,0.9683333333333334
0.021855578059330583,0.11662622541189194,0.9695450845450845,0.9678336940836939,0.9678514623325388,0.9683333333333333
0.02227212950432052,0.11609020829200745,0.9746972009472009,0.9725895863395863,0.9728702162956885,0.9733333333333333
0.019927484177363414,0.1183546707034111,0.9662425999925999,0.9634746272246272,0.9637270521684868,0.9633333333333334
0.0212248859849448,0.11407317221164703,0.9717521367521368,0.9692225829725829,0.9697021865191537,0.9699999999999999
0.02139802589469279,0.11946648359298706,0.9697791560291561,0.966550024050024,0.9665303130120289,0.9666666666666667
0.021028535207733512,0.11591137945652008,0.9723018185518185,0.9689911014911013,0.9694440583081271,0.9699999999999999
0.021764026721939445,0.11610161513090134,0.9680888555888556,0.9660407647907648,0.9662981413994225,0.9666666666666667
0.01994911996492495,0.11611111462116241,0.9702369852369852,0.9680321067821067,0.9682912517748857,0.9683333333333333
0.02047987875994295,0.11878129839897156,0.9667019554519555,0.9626148388648388,0.9630601433349626,0.9633333333333333
0.021509599542090047,0.11393781006336212,0.9701290838790838,0.968296657046657,0.9682898043329237,0.9683333333333334
0.018863668471264344,0.11553504317998886,0.9730305342805342,0.9709229196729195,0.9712035496290219,0.9716666666666667
0.02026310927855472,0.1201784536242485,0.9677337014837014,0.9646981721981721,0.9648636463453623,0.9649999999999999
0.02091866355234136,0.11575311422348022,0.9685703185703186,0.9663654401154401,0.9666245851082191,0.9666666666666667
0.018781463887232046,0.11901652067899704,0.9694039756539756,0.9660870610870611,0.9666062368295688,0.9666666666666667
0.02262784195287774,0.11570645868778229,0.9719220131720133,0.9689189514189512,0.9692331082276118,0.9699999999999999
0.01990411678949992,0.11929182708263397,0.968595571095571,0.9665169552669552,0.966699567670414,0.9666666666666667
0.018725886552905042,0.11761818826198578,0.9720240407740408,0.9695592833092833,0.9699116891577071,0.9700000000000001
0.017775420177107055,0.11390751600265503,0.9717521367521368,0.9692225829725829,0.9697021865191537,0.9699999999999999
0.017322682096467663,0.11739438772201538,0.970514763014763,0.9680321067821067,0.968280899808012,0.9683333333333333
0.016473634634166956,0.11964401602745056,0.9702842065342066,0.967694203944204,0.9681540079175698,0.9683333333333333
0.017544995760545135,0.11862371861934662,0.9731088818588818,0.9712006974506974,0.9713682669779496,0.9716666666666667
0.015106654861786714,0.11662327498197556,0.9702369852369852,0.9680321067821067,0.9682912517748857,0.9683333333333333
0.016270010033622384,0.11861061304807663,0.9702369852369852,0.9680321067821067,0.9682912517748857,0.9683333333333333
0.015593376786758503,0.11653958261013031,0.9717521367521368,0.9692225829725829,0.9697021865191537,0.9699999999999999
0.01510251845077922,0.11704780161380768,0.968595571095571,0.9665169552669552,0.966699567670414,0.9666666666666667
0.01529981525770078,0.1177498921751976,0.9731088818588818,0.9712006974506974,0.9713682669779496,0.9716666666666667
0.015638019210503746,0.1230468675494194,0.970237308987309,0.9664237614237613,0.9666062368295688,0.9666666666666667
0.0164230900312153,0.1175159141421318,0.9702369852369852,0.9680321067821067,0.9682912517748857,0.9683333333333333
0.014373441653636595,0.11875870823860168,0.970838837088837,0.9682172919672919,0.9685714661998371,0.9683333333333333
0.01588655598849679,0.12198375165462494,0.9704719817219817,0.967845719095719,0.9680437322283465,0.9683333333333334
0.01430153848680978,0.11665518581867218,0.9696823546823548,0.9675090187590188,0.9678737934926184,0.9683333333333333
0.014068654738366604,0.12043344229459763,0.9704357216857217,0.9681703944203944,0.9684097398399683,0.9683333333333334
0.01436143572209403,0.12121259421110153,0.9707134994634995,0.9681703944203944,0.9683993878730947,0.9683333333333334
0.013164176877277592,0.11878834664821625,0.968769055019055,0.9665037277537278,0.9667430731733017,0.9666666666666667
0.013307455461472273,0.11829012632369995,0.9681672031672032,0.9663185425685427,0.9664628587483503,0.9666666666666667
0.015472165949176997,0.12434377521276474,0.9662173474673473,0.9634746272246272,0.9636478924968516,0.9633333333333334
0.01401921990327537,0.11698999255895615,0.966855736855737,0.964651875901876,0.9649418864302767,0.965
0.012805958220269531,0.12111234664916992,0.9690973378473379,0.9667815055315055,0.966922961299414,0.9666666666666668
0.013378624202838788,0.11874435842037201,0.9685703185703186,0.9665169552669552,0.9666204079987789,0.9666666666666667
0.012250376981683075,0.12185053527355194,0.9685703185703186,0.9665169552669552,0.9666204079987789,0.9666666666666667
0.011383486057942113,0.1193510890007019,0.9697555222555222,0.9677074314574314,0.9679648080660891,0.9683333333333333
0.010533857663782934,0.1179690957069397,0.9697555222555222,0.9677074314574314,0.9679648080660891,0.9683333333333333
0.011675539484713227,0.12090428918600082,0.9700333000333,0.9677074314574314,0.9679544560992154,0.9683333333333333
0.0124680662023214,0.11965399235486984,0.9681672031672032,0.9663185425685427,0.9664628587483503,0.9666666666666667
0.012879845414621135,0.12006424367427826,0.9696823546823548,0.9675090187590188,0.9678737934926184,0.9683333333333333
0.01232752768555656,0.11985998600721359,0.9680156880156882,0.9659938672438674,0.9662029497165115,0.9666666666666667
0.012229842541273683,0.12585437297821045,0.9699847837347838,0.9657623857623857,0.9663401529402965,0.9666666666666667
0.011693943330707649,0.12291236221790314,0.968595571095571,0.9665169552669552,0.966699567670414,0.9666666666666667
0.011889926410124948,0.12314685434103012,0.972228650978651,0.9693608706108706,0.9698103226173626,0.9700000000000001
0.013974519485297302,0.12494608014822006,0.9707134994634995,0.9681703944203944,0.9683993878730947,0.9683333333333334
0.014673983658819148,0.12210871279239655,0.9703632478632479,0.9677074314574314,0.9680209907761732,0.9683333333333333
0.01533333789363193,0.12070442736148834,0.9702369852369852,0.9680321067821067,0.9682912517748857,0.9683333333333333
0.010746322775958106,0.11951170861721039,0.9694829244829246,0.9675090187590188,0.9677607330637685,0.9683333333333333
0.011063345339304457,0.12061046808958054,0.9681672031672032,0.9663185425685427,0.9664628587483503,0.9666666666666667
0.010677142951559896,0.12009505927562714,0.9707134994634995,0.9681703944203944,0.9683993878730947,0.9683333333333334
0.010505049605853856,0.1281895786523819,0.9685706423206422,0.9647570947570947,0.9649395701629021,0.965
0.012233656365424395,0.1203061044216156,0.9685703185703186,0.9665169552669552,0.9666204079987789,0.9666666666666667
0.01109562327231591,0.11821328103542328,0.9698086173086172,0.9678336940836941,0.9680545428528221,0.9683333333333333
0.010188057203777134,0.12225114554166794,0.9669289044289044,0.9648502886002887,0.9650329010037474,0.965
0.010748444784743091,0.12490731477737427,0.9672740222740223,0.9649765512265511,0.9649740393063744,0.965
0.010555114519471923,0.12015622109174728,0.9729120879120879,0.9704130591630591,0.9709674269148288,0.9716666666666666
0.009315997381539395,0.12085317075252533,0.9713969363969364,0.9692225829725829,0.969556492170561,0.9699999999999999
0.009481654444243759,0.12244125455617905,0.9704357216857217,0.9681703944203944,0.9684097398399683,0.9683333333333334
0.009971836436307058,0.12426109611988068,0.9711969049469049,0.9672775372775373,0.9680068196069631,0.9683333333333333
0.009650414945402494,0.1216815710067749,0.9714422151922152,0.9696855459355459,0.9696974232018428,0.9700000000000001
0.009186933680515116,0.12592008709907532,0.9712221574721575,0.9674627224627225,0.9680297029021577,0.9683333333333333
0.010040721817252537,0.12602458894252777,0.9704357216857217,0.9681703944203944,0.9684097398399683,0.9683333333333334
0.012521104130428284,0.12589864432811737,0.972228650978651,0.9693608706108706,0.9698103226173626,0.9700000000000001
0.010613921185722575,0.12926335632801056,0.9711427923927926,0.9686333573833573,0.9685896279660806,0.9683333333333334
0.009453958715312183,0.1209312230348587,0.9713237688237689,0.9690241702741703,0.9694654775970902,0.9699999999999999
0.008758916015115878,0.12265755981206894,0.970258954008954,0.967694203944204,0.9680748482459346,0.9683333333333333
0.008575450056620562,0.12465998530387878,0.9716520516520517,0.9693608706108706,0.9695529914876059,0.9699999999999999
0.009625080371430764,0.1243414506316185,0.9696823546823548,0.9675090187590188,0.9678737934926184,0.9683333333333333
0.008157347309558341,0.12229578197002411,0.9719508732008734,0.9693608706108706,0.9698206745842364,0.9700000000000001
0.008053342229686677,0.12413877248764038,0.9719256206756208,0.9693608706108706,0.9697415149126013,0.9700000000000001
0.008492481933596233,0.12956124544143677,0.9724054186554186,0.9700222462722463,0.9700889378349556,0.9700000000000001
0.007897758351949355,0.12794145941734314,0.9701369001369001,0.9681703944203944,0.9681420567433378,0.9683333333333333
0.01047062004605929,0.12388046085834503,0.9704357216857217,0.9681703944203944,0.9684097398399683,0.9683333333333334
0.010325919147968913,0.1270606964826584,0.9704357216857217,0.9681703944203944,0.9684097398399683,0.9683333333333334
0.008554735153059786,0.12508943676948547,0.9696571021571022,0.9675090187590188,0.9677946338209833,0.9683333333333333
0.009851194956960777,0.12469124048948288,0.9664211714211713,0.964651875901876,0.9644862218893829,0.965
0.00939244446150648,0.12323352694511414,0.9738389850889851,0.9712127224627225,0.9713770655616799,0.9716666666666667
0.009076245546263332,0.12857508659362793,0.9739205701705703,0.9712127224627225,0.9714998725792238,0.9716666666666667
0.007618786272360012,0.1290431022644043,0.9669289044289044,0.9650018037518038,0.965028723894307,0.965
0.007228187605505809,0.127511665225029,0.9707134994634995,0.9681703944203944,0.9683993878730947,0.9683333333333334
0.006936040153959766,0.12700548768043518,0.9667783142783143,0.964803391053391,0.9647212095194888,0.965
0.00760537467431277,0.1313745528459549,0.9712920875420875,0.967938912938913,0.9681626278070122,0.9683333333333333
0.00877072814425143,0.1302851140499115,0.9739205701705703,0.9712127224627225,0.9714998725792238,0.9716666666666667
0.008111663007487854,0.1335703432559967,0.9713736726236726,0.967938912938913,0.9682854348245562,0.9683333333333333
0.0076380052681391435,0.13021092116832733,0.9724054186554186,0.9700222462722463,0.9700889378349556,0.9700000000000001
0.007478323541969682,0.13237833976745605,0.9728888241388242,0.9691293891293892,0.9696963695688243,0.9699999999999999
0.007053735384639974,0.12829171121120453,0.9701369001369001,0.9681703944203944,0.9681420567433378,0.9683333333333333
0.006890108954394236,0.12658706307411194,0.9710165297665297,0.9685070947570947,0.9683472886060942,0.9683333333333333
0.007649429064864914,0.1295173466205597,0.9707134994634995,0.9681703944203944,0.9683993878730947,0.9683333333333334
0.0071078825276345015,0.13041788339614868,0.968444055944056,0.9660407647907648,0.9664438357480153,0.9666666666666667
0.006247828675744434,0.1288476586341858,0.9738389850889851,0.9712127224627225,0.9713770655616799,0.9716666666666667
0.006518644280731678,0.12456268072128296,0.9690468327968328,0.9666552429052429,0.9666680906111068,0.9666666666666667
0.006071963832558443,0.1285291612148285,0.9714526214526216,0.9693608706108706,0.9694399310587559,0.9699999999999999
0.0069241343686978025,0.12701290845870972,0.9676831964331964,0.9651400913900914,0.9650660545397612,0.965
0.005717275819430749,0.13451404869556427,0.9707134994634995,0.9681703944203944,0.9683993878730947,0.9683333333333334
0.0069096736260689795,0.13100296258926392,0.9722539035039035,0.9695460557960559,0.9698332059125572,0.9699999999999999
0.006698430641942347,0.12822917103767395,0.967708448958449,0.9653252765752766,0.9650889378349556,0.965
0.006193314121143582,0.13097910583019257,0.972228650978651,0.9693608706108706,0.9698103226173626,0.9700000000000001
0.0059428126163159805,0.12608209252357483,0.9702842065342066,0.9678457190957191,0.9681498308081294,0.9683333333333333
0.007097372261341661,0.13393378257751465,0.9669045769045769,0.964651875901876,0.964778526045711,0.965
0.006383770213384802,0.12626546621322632,0.9738389850889851,0.9712127224627225,0.9713770655616799,0.9716666666666667
0.006274505625090872,0.12726955115795135,0.9707134994634995,0.9681703944203944,0.9683993878730947,0.9683333333333334
0.007499855341544996,0.129079207777977,0.9739205701705703,0.9712127224627225,0.9714998725792238,0.9716666666666667
0.005913849677502488,0.12891077995300293,0.9707387519887519,0.9683555796055797,0.968422271168289,0.9683333333333333
0.005703970120521262,0.12845265865325928,0.9690468327968328,0.966655242905243,0.9667285440969877,0.9666666666666667
0.005747235564437385,0.13114029169082642,0.9712221574721575,0.9674627224627225,0.9680297029021577,0.9683333333333333
0.005706516240024939,0.12921512126922607,0.9707134994634995,0.9681703944203944,0.9683993878730947,0.9683333333333334
0.005464223582142343,0.13213591277599335,0.9724054186554186,0.9700222462722463,0.9700889378349556,0.9700000000000001
0.006806520783963303,0.12459122389554977,0.9713159525659526,0.9693608706108706,0.9695166738416391,0.9700000000000001
0.006302151479758322,0.131693497300148,0.9690468327968328,0.9665037277537278,0.966732721206428,0.9666666666666667
0.00625305939562774,0.12634189426898956,0.9718715081215081,0.9693608706108706,0.9694355164220108,0.9700000000000001
0.006399636622518301,0.12778633832931519,0.9674054186554186,0.9651400913900914,0.9650764065066348,0.965
0.005364194609380017,0.13166172802448273,0.9739205701705703,0.9712127224627225,0.9714998725792238,0.9716666666666667
0.004542451283972089,0.13144005835056305,0.9669045769045769,0.9643272005772007,0.9645907670860222,0.965
0.00574131128572238,0.1315636783838272,0.967056092056092,0.964651875901876,0.9648506761178611,0.965
0.005236660877320294,0.12814471125602722,0.9693246105746106,0.9665037277537278,0.9667975572094791,0.9666666666666667
0.005032863768671329,0.13583803176879883,0.9699847837347838,0.9662722462722463,0.9666836041609406,0.9666666666666667
0.0059158082731300965,0.13012388348579407,0.9739205701705703,0.9712127224627225,0.9714998725792238,0.9716666666666667
0.00575780567790692,0.12905490398406982,0.9705619843119843,0.967694203944204,0.968143655950696,0.9683333333333333
0.004900060875418906,0.13482755422592163,0.9711405723905724,0.9674627224627225,0.9679068958846138,0.9683333333333333
0.004634945944417268,0.13005588948726654,0.9656672031672032,0.9631367243867244,0.9631090268889997,0.9633333333333334
0.004122130058628197,0.13343755900859833,0.9708397620897621,0.967694203944204,0.9682084919537471,0.9683333333333333
0.004242374964330035,0.13287049531936646,0.9705619843119843,0.967694203944204,0.968143655950696,0.9683333333333333
0.004168002696436209,0.13120457530021667,0.9722539035039035,0.9695460557960559,0.9698332059125572,0.9699999999999999
0.004881380164685349,0.133177250623703,0.9690468327968328,0.9665037277537278,0.966732721206428,0.9666666666666667
0.004918808927565503,0.13568951189517975,0.9728888241388242,0.9691293891293892,0.9696963695688243,0.9699999999999999
0.006423847630988651,0.13025473058223724,0.9686217486217487,0.9663305675805676,0.9662196581542726,0.9666666666666667
0.00399224937427789,0.1361508071422577,0.967056092056092,0.964651875901876,0.9648506761178611,0.965
0.004497011638401697,0.1360747367143631,0.9656672031672032,0.9631367243867244,0.9631090268889997,0.9633333333333334
0.0048628372557383654,0.13408750295639038,0.9693498630998629,0.966688912938913,0.9668204405046735,0.9666666666666667
0.005838168848034305,0.133468359708786,0.9656672031672032,0.9631367243867244,0.9631090268889997,0.9633333333333334
0.004944900579478902,0.1318805068731308,0.9722539035039035,0.9695460557960559,0.9698332059125572,0.9699999999999999
0.005913433495152276,0.13322585821151733,0.9722539035039035,0.9695460557960559,0.9698332059125572,0.9699999999999999
0.005283472729691614,0.1358964890241623,0.9739205701705703,0.9712127224627225,0.9714998725792238,0.9716666666666667
0.00523115714895539,0.1339002549648285,0.9640005365005364,0.9614700577200578,0.9614423602223329,0.9616666666666668
0.005599845651886426,0.13779667019844055,0.9738389850889851,0.9712127224627225,0.9713770655616799,0.9716666666666667
0.004532681651956712,0.14041399955749512,0.968953638953639,0.9656108706108707,0.9660828218105397,0.9666666666666667
0.004396536338996763,0.1336086392402649,0.968444980944981,0.9665037277537278,0.966396230405036,0.9666666666666667
0.004816592370237534,0.1419690102338791,0.9693498630998629,0.966688912938913,0.9668204405046735,0.9666666666666667
0.004179027081894067,0.13788621127605438,0.9722539035039035,0.9695460557960559,0.9698332059125572,0.9699999999999999
0.005504933462361805,0.14160507917404175,0.9724054186554186,0.9700222462722463,0.9700889378349556,0.9700000000000001
0.004637658935583507,0.13539597392082214,0.9670560920560921,0.964803391053391,0.9647108575526152,0.965
0.005938533475273289,0.14165747165679932,0.9686444111444111,0.9660407647907648,0.9663526254355999,0.9666666666666667
0.004590533392426248,0.1377837359905243,0.9741057553557554,0.9712127224627225,0.9716907910518761,0.9716666666666667
0.004355210786646542,0.13651008903980255,0.9739205701705703,0.9712127224627225,0.9714998725792238,0.9716666666666667
0.005251658066602734,0.13345426321029663,0.9691730954230954,0.9661790524290524,0.9664020067218343,0.9666666666666667
0.004461840517857733,0.13829834759235382,0.9670560920560921,0.964803391053391,0.9647108575526152,0.965
0.004112887691007927,0.1372198760509491,0.9659912772412772,0.9633219095719096,0.9633995932808245,0.9633333333333334
0.0038797786983195692,0.13178211450576782,0.9718692881192882,0.9701142376142377,0.969940139914228,0.9699999999999999
0.003914944192122978,0.14064569771289825,0.9628658378658378,0.9604310966810967,0.9602521023888526,0.9600000000000001
0.0034056417255972824,0.13955727219581604,0.9711969049469049,0.9672775372775373,0.9680068196069631,0.9683333333333333
0.004720384793472476,0.15028426051139832,0.9675042087542088,0.962800024050024,0.9630773602903946,0.9633333333333334
0.005405516407336108,0.13889923691749573,0.9723238335738335,0.9700222462722463,0.9699661308174118,0.9700000000000001
0.005967906671382177,0.1351143717765808,0.9705056517556518,0.9680309042809042,0.9680395551189064,0.9683333333333333
0.004148969581971566,0.13358455896377563,0.9721470658970658,0.9693608706108706,0.9696875155998187,0.9700000000000001
0.0049898866515529034,0.1424303948879242,0.9682928645428647,0.9644203944203945,0.9649940541990795,0.965
0.0038607157136236006,0.13428086042404175,0.9705619843119843,0.9678457190957191,0.9681394788412557,0.9683333333333333
0.003944374029136573,0.13678021728992462,0.9724054186554186,0.9700222462722463,0.9700889378349556,0.9700000000000001
0.005714637547498569,0.14137175679206848,0.967519055019055,0.9648033910533912,0.9649666120283186,0.965
0.0037890468956902623,0.13846606016159058,0.9738389850889851,0.9712127224627225,0.9713770655616799,0.9716666666666667
0.0037070447385000684,0.13705095648765564,0.9705619843119843,0.9678457190957191,0.9681394788412557,0.9683333333333333
0.006517155726517861,0.14684951305389404,0.9677581677581678,0.9644203944203945,0.9647235375277171,0.965
0.003723879184690304,0.13540762662887573,0.9738389850889851,0.9712127224627225,0.9713770655616799,0.9716666666666667
0.004559187402871127,0.13597071170806885,0.965466847966848,0.9631367243867244,0.963200237201415,0.9633333333333334
0.0047521621017949656,0.1403120905160904,0.9724054186554186,0.9700222462722463,0.9700889378349556,0.9700000000000001
0.0034342056921256394,0.13981279730796814,0.9738389850889851,0.9712127224627225,0.9713770655616799,0.9716666666666667
0.00308191345538944,0.1362261027097702,0.9669045769045769,0.9643272005772006,0.9644551256302165,0.965
0.004293453525557804,0.14496679604053497,0.9707134994634995,0.9681703944203944,0.9683993878730947,0.9683333333333334
0.004386188695207238,0.13471423089504242,0.9666267991267992,0.9643272005772006,0.9644654775970903,0.965
0.00328482797582789,0.14100082218647003,0.9667783142783143,0.9648033910533912,0.9647816630053697,0.965
0.004577568906825036,0.13881048560142517,0.9739205701705703,0.9712127224627225,0.9714998725792238,0.9716666666666667
0.004318400790604453,0.1390516459941864,0.9691730954230953,0.9661790524290526,0.9665376481776402,0.9666666666666667
0.0037267362689211345,0.140030175447464,0.9722539035039035,0.9695460557960559,0.9698332059125572,0.9699999999999999
0.004602138040354475,0.13794828951358795,0.9685712435712436,0.9659938672438672,0.9661217922968831,0.9666666666666667
0.005189956238609739,0.1409100443124771,0.9699853849853851,0.9678457190957191,0.9678821477114989,0.9683333333333333
0.005253782554063946,0.1435951590538025,0.972228650978651,0.9693608706108706,0.9698103226173626,0.9700000000000001
0.004495489163673483,0.14286312460899353,0.9707387519887519,0.9685070947570948,0.9684180940588488,0.9683333333333333
0.007629564507321144,0.14249373972415924,0.9610982998482998,0.9596645021645022,0.9590307408126092,0.96
0.005280299160707121,0.14258259534835815,0.9690468327968328,0.966655242905243,0.9667285440969877,0.9666666666666667
0.00357220288424287,0.1398235559463501,0.9688953176453176,0.9661790524290524,0.9664728121745889,0.9666666666666667
0.0039778776723930305,0.14475882053375244,0.9690468327968328,0.966655242905243,0.9667285440969877,0.9666666666666667
0.0029519168116773167,0.14146184921264648,0.9705619843119843,0.9678457190957191,0.9681394788412557,0.9683333333333333
0.0034496769706796235,0.14421939849853516,0.9739189514189515,0.9719071669071669,0.9718900808364398,0.9716666666666667
0.003833362497971393,0.14855119585990906,0.9710165297665297,0.9683555796055797,0.9684871071713402,0.9683333333333333
0.0038124285880864286,0.14159992337226868,0.9722539035039035,0.9695460557960559,0.9698332059125572,0.9699999999999999
0.0031242927094960273,0.13724260032176971,0.9666520516520517,0.9644787157287157,0.9645404601592852,0.965
0.0027761382661992684,0.14317700266838074,0.9701369001369001,0.9681703944203944,0.9681420567433378,0.9683333333333333
0.0031452187104150653,0.1402578204870224,0.9702631627631629,0.967845719095719,0.9678113422587443,0.9683333333333333
0.0026285371277481318,0.14336763322353363,0.9669045769045769,0.9643272005772007,0.9645907670860222,0.965
0.0030679028107745885,0.149101123213768,0.9691266835016835,0.9648833573833574,0.9652880406644933,0.965
0.002917620169076448,0.14317817986011505,0.9724054186554186,0.9700222462722463,0.9700889378349556,0.9700000000000001
0.002936972183912682,0.14131146669387817,0.972228650978651,0.9693608706108706,0.9698103226173626,0.9700000000000001
0.002350107917057661,0.14928489923477173,0.9696817534317534,0.9660870610870611,0.9665958848626951,0.9666666666666667
0.0043953558973347144,0.14106833934783936,0.9651116476116476,0.9631367243867244,0.9630545428528222,0.9633333333333334
0.003434283435732747,0.14590099453926086,0.9728072390572392,0.9691293891293892,0.9695735625512804,0.9699999999999999
0.004033464916574303,0.14443685114383698,0.972228650978651,0.9693608706108706,0.9698103226173626,0.9700000000000001
0.0037340169704596824,0.1392476111650467,0.967106597106597,0.9651400913900914,0.9648087234100045,0.965
0.002772831341038303,0.14618557691574097,0.9693498630998629,0.9668404280904282,0.9668162633952333,0.9666666666666667
0.0027458296875314168,0.1449902355670929,0.9738389850889851,0.9712127224627225,0.9713770655616799,0.9716666666666667
0.0029165304586058483,0.14376261830329895,0.9738389850889851,0.9712127224627225,0.9713770655616799,0.9716666666666667
0.0025089250169306374,0.14365336298942566,0.9710165297665297,0.9683555796055797,0.9684871071713402,0.9683333333333333
0.003263523933128454,0.1491060107946396,0.9613001813001812,0.9604310966810967,0.9594542744857616,0.9600000000000001
0.0025522223271157904,0.14369156956672668,0.964025789025789,0.9616215728715729,0.9615173427845277,0.9616666666666668
0.0028315165497285,0.1472328007221222,0.9662943075443075,0.9634734247234248,0.9634642238761457,0.9633333333333334
0.002053393861084866,0.1461799442768097,0.9723238335738335,0.9700222462722463,0.9699661308174118,0.9700000000000001
0.003359288309487359,0.1433505266904831,0.9633889258889258,0.9614363876863877,0.9608798753382143,0.9616666666666666
0.0029958987167143882,0.14538635313510895,0.9693498630998629,0.9668404280904282,0.9668162633952333,0.9666666666666667
0.00308941720383397,0.14197573065757751,0.9721723184223184,0.969697570947571,0.969706221785573,0.9699999999999999
0.0021232287496483573,0.14652156829833984,0.9662943075443075,0.9634734247234248,0.9634642238761457,0.9633333333333334
0.0020206512902708105,0.14200294017791748,0.9679046416546416,0.9653252765752766,0.9650309668204629,0.965
0.0030825224821455777,0.14392834901809692,0.9662943075443075,0.9634734247234248,0.9634642238761457,0.9633333333333334
0.002608955849912794,0.14858806133270264,0.9728072390572392,0.9691293891293892,0.9695735625512804,0.9699999999999999
0.0023327901799348183,0.14712220430374146,0.9658309283309282,0.9647101972101972,0.9639228935116672,0.965
0.003028935010661371,0.14997076988220215,0.9693498630998629,0.9668404280904282,0.9668162633952333,0.9666666666666667
0.0025112943039857782,0.14778894186019897,0.9662943075443075,0.9634734247234248,0.9634642238761457,0.9633333333333334
0.0039978457352845,0.14213106036186218,0.9691983479483479,0.9663305675805676,0.9664769892840291,0.9666666666666667
0.0025963526216704245,0.14627662301063538,0.967519055019055,0.9648033910533912,0.9649666120283186,0.965
0.0021550334713538177,0.14843502640724182,0.9738389850889851,0.9712127224627225,0.9713770655616799,0.9716666666666667
0.0028414477055775933,0.14801476895809174,0.9692682780182779,0.9668404280904282,0.9666934563776893,0.9666666666666667
0.002080403425982998,0.1489957720041275,0.9676579439079438,0.9649885762385764,0.9651267134333722,0.965
0.002420987349372202,0.1526268869638443,0.9682928645428647,0.9644203944203945,0.9649940541990795,0.965
0.004459799456526525,0.15065813064575195,0.964025789025789,0.9616215728715729,0.9615173427845277,0.9616666666666668
0.0034060627658618614,0.15632642805576324,0.9682928645428647,0.9644203944203945,0.9649940541990795,0.965
0.002734112274386765,0.14798632264137268,0.9646751396751397,0.9629515392015392,0.9623258650940932,0.9633333333333333
0.002353651262334703,0.1514212191104889,0.9721470658970658,0.9693608706108706,0.9696875155998187,0.9700000000000001
0.002367116054908062,0.17217016220092773,0.9612061549561549,0.9575348725348726,0.9577108450852113,0.9583333333333334
0.002286455846236398,0.1497025191783905,0.9691983479483479,0.9663305675805676,0.9664769892840291,0.9666666666666667
0.0021331321161900028,0.15414761006832123,0.9662943075443075,0.9634734247234248,0.9634642238761457,0.9633333333333334
0.0018822041990157838,0.14690573513507843,0.9691167628667628,0.9663305675805676,0.9663541822664854,0.9666666666666667
0.0025556134448076286,0.1496811956167221,0.967727873977874,0.964663900913901,0.9647523516028698,0.965
0.003223887035953036,0.15818089246749878,0.9657177082177081,0.9634734247234248,0.9632068927463888,0.9633333333333334
0.0022234442852398693,0.153893381357193,0.9691983479483479,0.9663305675805676,0.9664769892840291,0.9666666666666667
0.0023216615663841367,0.15152905881404877,0.9721723184223184,0.969697570947571,0.969706221785573,0.9699999999999999
0.0022612512669487237,0.1547631174325943,0.9628658378658378,0.9604310966810967,0.9602521023888526,0.9600000000000001
0.0021642528530113245,0.15108607709407806,0.9678094590594589,0.964663900913901,0.9648751586204137,0.965
0.0018540599679302734,0.15420405566692352,0.9662943075443075,0.9634734247234248,0.9634642238761457,0.9633333333333334
0.0017950364490388893,0.15556204319000244,0.9679046416546416,0.9653252765752766,0.9650309668204629,0.965
0.0019466744876505497,0.15550589561462402,0.9691167628667628,0.9663305675805676,0.9663541822664854,0.9666666666666667
0.001856454354613864,0.15274056792259216,0.9676831964331964,0.9651400913900914,0.9650660545397612,0.965
0.0024959495955651314,0.1566438376903534,0.964025789025789,0.9616215728715729,0.9615173427845277,0.9616666666666668
0.002719185887447869,0.16155460476875305,0.9710165297665297,0.9683555796055797,0.9684871071713402,0.9683333333333333
0.0019481914278003387,0.1526513546705246,0.9691983479483479,0.9663305675805676,0.9664769892840291,0.9666666666666667
0.0032661176010151394,0.15248152613639832,0.9679357216857216,0.9649885762385763,0.9650559079806177,0.965
0.0029346033067364865,0.15590381622314453,0.9651647426647426,0.9644787157287157,0.9636192198604703,0.965
0.001987603199571216,0.15094490349292755,0.9695350482850483,0.966806758056758,0.9669236396790802,0.9666666666666667
0.0028882114687197222,0.15550926327705383,0.9679357216857216,0.9649885762385763,0.9650559079806177,0.965
0.0024897456120622032,0.14874975383281708,0.9694508732008731,0.9661790524290524,0.9664668427248856,0.9666666666666667
0.0029631737888848875,0.16787442564964294,0.9701447163947164,0.9660870610870611,0.9668516393383983,0.9666666666666667
0.0016930970693162333,0.14991235733032227,0.9662943075443075,0.9634734247234248,0.9634642238761457,0.9633333333333334
0.0019333005863397072,0.15677684545516968,0.9679862267362266,0.9653252765752766,0.9651537738380068,0.965
0.0015923116540458675,0.15473657846450806,0.9691983479483479,0.9663305675805676,0.9664769892840291,0.9666666666666667
0.0032060108872731994,0.16177189350128174,0.9693498630998629,0.9668404280904282,0.9668162633952333,0.9666666666666667
0.003187967425522705,0.15490055084228516,0.9660224035224035,0.9631367243867244,0.9632547212375925,0.9633333333333334
0.002301986936799949,0.1641053855419159,0.9682928645428647,0.9644203944203945,0.9649940541990795,0.965
0.0022114916525121466,0.15616875886917114,0.9656672031672032,0.9631367243867244,0.9631090268889997,0.9633333333333334
0.0017320297241288547,0.14738617837429047,0.9721218133718134,0.9699290524290524,0.9698464511662789,0.9699999999999999
0.00194902828419193,0.1587653011083603,0.96631956006956,0.96365860990861,0.9634871071713401,0.9633333333333334
0.0018327401267015375,0.15502306818962097,0.9668314093314093,0.9659938672438674,0.9653694287159423,0.9666666666666667
0.002193306561821373,0.1500745713710785,0.9692935305435305,0.9669919432419433,0.9666327974840785,0.9666666666666667
0.0021416002588618235,0.15081839263439178,0.9684223184223185,0.9663305675805676,0.9661065977254225,0.9666666666666667
0.0017685271947508834,0.15001654624938965,0.9662943075443075,0.9634734247234248,0.9634642238761457,0.9633333333333334
0.0027713131979301884,0.16087782382965088,0.9687221574721576,0.9648833573833574,0.9651842942920655,0.965
0.0021124411796336062,0.15579399466514587,0.9656672031672032,0.9631367243867244,0.9631090268889997,0.9633333333333334
0.0032250271457693693,0.15392926335334778,0.9695097957597957,0.966655242905243,0.9669238450868102,0.9666666666666667
0.0032389283272398948,0.15773022174835205,0.9642547267547267,0.9619462481962482,0.9617810473001506,0.9616666666666668
0.0017224571529368404,0.15656635165214539,0.9676579439079438,0.9649885762385764,0.9651267134333722,0.965
0.002064182410928576,0.15861307084560394,0.9676579439079438,0.9649885762385764,0.9651267134333722,0.965
0.0020146316504299953,0.15800482034683228,0.9692682780182779,0.9668404280904282,0.9666934563776893,0.9666666666666667
0.0017758131616574246,0.15561114251613617,0.9698380785880785,0.9669919432419433,0.9670113589773258,0.9666666666666667
0.0014899138780795813,0.16526609659194946,0.967843129093129,0.9649885762385763,0.9651324467208392,0.965
0.001389193138796448,0.15560515224933624,0.9676579439079438,0.9649885762385764,0.9651267134333722,0.965
0.001983458703762153,0.15787658095359802,0.9679862267362266,0.9653252765752766,0.9651537738380068,0.965
0.0018886283845252667,0.15505167841911316,0.9679862267362266,0.9653252765752766,0.9651537738380068,0.965
0.0015707216055792135,0.15953373908996582,0.9711764624264624,0.9681703944203944,0.968655142348798,0.9683333333333333
0.0021430257559889774,0.16142483055591583,0.9711969049469049,0.9672775372775373,0.9680068196069631,0.9683333333333333
0.002180012261912149,0.15570653975009918,0.9675763588263587,0.9649885762385764,0.9650039064158283,0.965
0.0021574124693870544,0.15433147549629211,0.9696091871091871,0.9675090187590188,0.9676782310247446,0.9683333333333333
0.0015621561688021757,0.1497930884361267,0.9676579439079438,0.9649885762385763,0.9650662599474913,0.965
0.0020369521820005807,0.15503700077533722,0.9693246105746106,0.9665037277537278,0.9667975572094791,0.9666666666666667
0.00192735771270236,0.14862743020057678,0.9707118807118805,0.9686916786916786,0.968538041317352,0.9683333333333333
0.002049545231178248,0.15468549728393555,0.9710249472749473,0.9681703944203944,0.9685829922766479,0.9683333333333333
0.0017789921706328944,0.1562078297138214,0.9662943075443075,0.9634734247234248,0.9634642238761457,0.9633333333333334
0.0013279064345018317,0.1507764756679535,0.9695013782513783,0.9665157527657527,0.966564708582275,0.9666666666666667
0.0015716281292649608,0.14772307872772217,0.9704803992303992,0.9684139009139009,0.968254767061807,0.9683333333333333
0.0014234547355348088,0.15153098106384277,0.967727873977874,0.964663900913901,0.9647523516028698,0.965
0.001637452745247477,0.15687960386276245,0.9679862267362266,0.9653252765752766,0.9651537738380068,0.965
0.00145908740281205,0.15422584116458893,0.9681461593961593,0.9651400913900914,0.9653218090154647,0.965
0.0017965649846397962,0.15051469206809998,0.9709686147186147,0.9679972342472342,0.9682117674058043,0.9683333333333333
0.0022729136932563656,0.15287038683891296,0.9676579439079438,0.9649885762385764,0.9651267134333722,0.965
0.0017400078589465313,0.160566508769989,0.9731186868686869,0.9691293891293892,0.9697571669548336,0.9699999999999999
0.003511318253003992,0.15243446826934814,0.9686896899396898,0.9665037277537278,0.9664935564668818,0.9666666666666667
0.0018789272508001886,0.14918074011802673,0.9662943075443075,0.9634734247234248,0.9634642238761457,0.9633333333333334
0.002345139604585711,0.1512594223022461,0.9759223184223185,0.9728793891293891,0.9733653696552471,0.9733333333333333
0.0012683701982799296,0.14870905876159668,0.9744155844155844,0.9717472342472343,0.9721006562946931,0.9716666666666667
0.0011289133338626318,0.15519052743911743,0.9709349446849447,0.9683555796055797,0.9683643001537963,0.9683333333333333
0.0017558711745853846,0.1482299268245697,0.969740860990861,0.9680772005772006,0.9674614587077569,0.9683333333333333
0.0015758262222031287,0.1596868336200714,0.9693498630998629,0.9668404280904282,0.9668162633952333,0.9666666666666667
0.0014789653038557542,0.15805292129516602,0.9638742738742737,0.9616215728715729,0.9614451927123778,0.9616666666666668
0.002655669957069525,0.151844784617424,0.9696482683982685,0.9680772005772006,0.9676627291472829,0.9683333333333333
0.003807147297266056,0.16190698742866516,0.9672445147445147,0.9659938672438674,0.9653865609184292,0.9666666666666667
0.005044576446380233,0.1549527943134308,0.9679357216857216,0.9649885762385763,0.9650559079806177,0.965
0.002496865340314495,0.15402238070964813,0.970758177008177,0.967694203944204,0.9680856849362032,0.9683333333333333
0.0012885053783975309,0.15491166710853577,0.967109187109187,0.9665620490620491,0.9657658125428014,0.9666666666666667
0.0017777187616350905,0.15184395015239716,0.9675763588263587,0.9649885762385764,0.9650039064158283,0.965
0.0016429796560260002,0.15058748424053192,0.9681461593961593,0.9651400913900914,0.9653218090154647,0.965
0.0011685136075053986,0.15674889087677002,0.9721218133718134,0.9697775372775373,0.9699862697315248,0.9700000000000001
0.0018513448994781356,0.154005765914917,0.9653894253894254,0.9631367243867244,0.9631193788558733,0.9633333333333334
0.0016057088469096925,0.15411770343780518,0.970758177008177,0.967694203944204,0.9680856849362032,0.9683333333333333
0.0017891196606190836,0.15443888306617737,0.9704803992303992,0.9684139009139009,0.968254767061807,0.9683333333333333
0.0011981950968523354,0.15804579854011536,0.9662943075443075,0.9634734247234248,0.9634642238761457,0.9633333333333334
0.0016818628064356744,0.15447908639907837,0.9681714119214119,0.9653252765752766,0.965344692310659,0.965
0.0010326274399024744,0.15918105840682983,0.9697017797017796,0.9679256854256856,0.9679672385677568,0.9683333333333333
0.001876942391997242,0.15966953337192535,0.9662943075443075,0.9634734247234248,0.9634642238761457,0.9633333333333334
0.001227155017356078,0.1589122861623764,0.9718440355940355,0.9699290524290526,0.9699172566190334,0.9699999999999999
0.0014938542202192668,0.155880406498909,0.9682118807118806,0.9665620490620491,0.9663078859701891,0.9666666666666667
0.00125859072310656,0.15361978113651276,0.9704230954230955,0.967660533910534,0.967979377436202,0.9683333333333333
0.0009540042313650096,0.15654347836971283,0.9718440355940355,0.9699290524290526,0.9699172566190334,0.9699999999999999
0.0011624131232868724,0.15819934010505676,0.9678094590594589,0.964663900913901,0.9648751586204137,0.965
0.0013288179391868955,0.15901096165180206,0.9678094590594589,0.964663900913901,0.9648751586204137,0.965
0.0016354377591293694,0.15925878286361694,0.9694197931697932,0.9665157527657527,0.966441901564731,0.9666666666666667
0.0020750498388224514,0.15390071272850037,0.967727873977874,0.964663900913901,0.9647523516028698,0.965
