training_loss,validation_loss,precision,recall,f1,accuracy
1.301394099990527,0.5642780065536499,0.9357065473512841,0.9290217652717655,0.9287166070555587,0.9333333333333332
0.46267364795009297,0.37708085775375366,0.9489177111874479,0.9286949161949162,0.9271062243533191,0.9316666666666666
0.28298982108632725,0.2481512725353241,0.9596773913221281,0.9499416786916788,0.9505101906228123,0.9533333333333333
0.21652094026406607,0.20848022401332855,0.9532932807932807,0.9489844877344877,0.9462424109094462,0.9483333333333333
0.15973796043545008,0.16758418083190918,0.9672278647278647,0.9661345598845599,0.9643988818029178,0.9649999999999999
0.12331117037683725,0.17508000135421753,0.9538056156806155,0.9499687349687349,0.9461696937337288,0.9500000000000001
0.1137459169452389,0.15957209467887878,0.9640973840973842,0.9588305675805674,0.9587760656152384,0.96
0.09350652139013012,0.1424708217382431,0.9614712602212602,0.9583225108225109,0.9577270136319694,0.9583333333333334
0.0800912263027082,0.10895457118749619,0.9784267584267585,0.9766714766714767,0.9762458126784864,0.9766666666666667
0.06270553373421232,0.10094823688268661,0.9814823139823141,0.9799122174122173,0.9800014715076748,0.98
0.06635197935005029,0.10658317804336548,0.9777786102786105,0.9761622174122174,0.9762459750299074,0.9766666666666667
0.05705556304504474,0.09351864457130432,0.9799266474266474,0.9781655844155844,0.9784289939701728,0.9783333333333334
0.05205120945659777,0.0961216390132904,0.9832752432752434,0.9817640692640692,0.9817651624913145,0.9816666666666666
0.0398047452326864,0.09014948457479477,0.9782263107263108,0.9763137325637326,0.9766606843071263,0.9766666666666666
0.04158103349618614,0.09417792409658432,0.9765007215007215,0.9749837662337661,0.9749790496649652,0.9750000000000001
0.032980643678456545,0.08876655995845795,0.9831826506826506,0.981962481962482,0.9818886014761974,0.9816666666666666
0.03333989957657953,0.10075245797634125,0.9751505439005439,0.9739195526695527,0.9732288135763913,0.9733333333333333
0.026435705794331927,0.08837124705314636,0.9791013616013616,0.9783970658970659,0.9779257694319727,0.9783333333333334
0.028999229815478127,0.10326263308525085,0.9662423252129133,0.9611033411033412,0.9615673973020509,0.9616666666666666
0.024593637596505385,0.08393561840057373,0.9756583694083695,0.9729004329004329,0.9732445911690268,0.9733333333333333
