training_loss,validation_loss,precision,recall,f1,accuracy
0.37431625649333,1.1843205690383911,0.855968314093314,0.7875503227709109,0.788409700636021,0.7866666666666667
0.13185123975078264,1.5951905250549316,0.7201784770316201,0.6317476504976505,0.5810947475968128,0.6333333333333333
0.12441603234037757,0.8331384062767029,0.8912674865392255,0.8512557132410072,0.8353231812400316,0.8450000000000001
0.061185427165279783,1.1785008907318115,0.8094004807828338,0.7285295722795723,0.699433627609462,0.7283333333333334
0.04460269757934535,0.16774873435497284,0.9539739889739889,0.9535930735930737,0.9504015117842909,0.9516666666666667
0.04367610326153226,0.36687415838241577,0.927539098328572,0.9299423425158718,0.9248682057484596,0.9250000000000002
0.05026551648431147,0.32654866576194763,0.9259288441176986,0.9093739593739594,0.9079894782391736,0.9066666666666667
0.02991429130391528,0.23699896037578583,0.9554808154808154,0.9324008399008399,0.931107856099516,0.9316666666666668
0.03289031642877186,0.47908729314804077,0.9077724298119035,0.8855479705479706,0.8787872345295283,0.8866666666666667
0.05667950534067737,0.5319942235946655,0.8863864566805743,0.8575964476699771,0.8529069394433509,0.8616666666666667
0.03257120860507712,0.2807532250881195,0.9341392866392867,0.9249166574166573,0.9231357085429638,0.9233333333333333
0.019462494693774108,0.10396789759397507,0.9695717708217707,0.966407758907759,0.9656313173792536,0.965
0.024346092681904945,0.46749576926231384,0.9362485553662023,0.9146452621452621,0.9114645254038661,0.92
0.026147086042328738,1.310998558998108,0.8567045888402093,0.7307372257372258,0.7202241576823628,0.7283333333333334
0.024493453194736503,0.17358064651489258,0.9512967125467126,0.9484493746993747,0.9458369519297304,0.9483333333333333
0.018031223267219804,0.6376654505729675,0.9298707327580661,0.878724951519069,0.8851046064739808,0.8816666666666668
0.01735644673074906,0.5005812644958496,0.9285776424011717,0.9125125963361258,0.9044335240267961,0.915
0.04108916995513331,0.33543771505355835,0.9326432826432826,0.9218140356375649,0.9208973323873476,0.9249999999999999
0.01889249397208914,0.1923125982284546,0.9592262367262366,0.9547651422651423,0.9535903242192543,0.9550000000000001
0.015605561226645174,0.14043104648590088,0.9661495911495912,0.9633435545935546,0.9615274348538246,0.9633333333333333
0.017113415694135863,0.15813562273979187,0.9583493820993821,0.9530784030784031,0.9534086368357984,0.955
0.019956419381439144,0.34621119499206543,0.9379736004736005,0.9214659115394408,0.9217361846799509,0.9183333333333334
0.027889503896100603,0.254513680934906,0.946493598993599,0.9445212195212195,0.9411553117588137,0.9433333333333332
0.02382707243183783,0.2111281007528305,0.9491438072591324,0.9414128164863458,0.942018978388711,0.9450000000000002
0.019824993665679358,0.23184643685817719,0.9526249213749214,0.9410736485736485,0.9412980910981651,0.9400000000000001
0.01623387804769057,0.23812004923820496,0.9398756390668156,0.9348710875181463,0.9320055802764985,0.93
0.028618274714972358,0.3075394630432129,0.9363573082690729,0.9140893529128823,0.9103396609196438,0.9166666666666666
0.020977936782098066,0.17667029798030853,0.9506486106486106,0.9485702260702261,0.9437853725076882,0.9466666666666667
0.015622894667709867,0.27948981523513794,0.9397714812420693,0.9407936861613333,0.9362039339426391,0.9366666666666666
0.018091187739628367,0.19020770490169525,0.948284632034632,0.9463365800865801,0.9451745622928492,0.9466666666666667
0.011037281328754034,0.18535244464874268,0.9554681773335024,0.9525691438191438,0.9520304632243853,0.9533333333333333
0.014518192104636304,0.4060080647468567,0.9365266190924085,0.921785113035113,0.9148428590921394,0.9216666666666669
0.024908524365552392,0.5715110301971436,0.9235981409894455,0.8862532375032375,0.8840207205196887,0.8833333333333333
0.018952780788822565,0.21202585101127625,0.9498040848040846,0.9486293798793799,0.9471494718358023,0.9483333333333333
0.009424511178319031,0.5649620890617371,0.9272535133948178,0.8851895490130782,0.8825433320817518,0.8816666666666667
0.003887609866069397,0.15914340317249298,0.9563825063825063,0.9562971451206744,0.9546260050524981,0.9566666666666667
0.005266901247523492,0.15112876892089844,0.9636495911495911,0.9613179413179412,0.9606773050389285,0.9616666666666666
0.008044215187207252,0.36325186491012573,0.9278193538487657,0.9100826189061483,0.9048735481054613,0.9083333333333333
0.02657600828873304,0.203164204955101,0.9491958041958042,0.9454736004736004,0.9439268310451623,0.945
0.012055290128046181,0.1792924851179123,0.9548714248714248,0.9493753006253006,0.9482834639047857,0.9516666666666667
0.0026822713449898097,0.16060814261436462,0.9681999481999483,0.9625240500240501,0.9631415445870061,0.9650000000000002
0.008438886715036157,0.2889951765537262,0.9465104851289062,0.9324344636844638,0.9330603416683404,0.9333333333333332
0.0023351708963067117,0.12746809422969818,0.9710630110630113,0.9683445720945721,0.9687031717567777,0.9683333333333333
0.0017822986892497283,0.1183149516582489,0.9711219336219337,0.9701960076960078,0.9695513641027281,0.9699999999999999
0.00031022846769701573,0.12374059855937958,0.9709817034817033,0.9681126743626743,0.9674916170154875,0.9683333333333334
0.0003475664051014367,0.12076171487569809,0.9741575091575093,0.970678811928812,0.9705962815597341,0.9716666666666666
0.0002346609018483529,0.1178266853094101,0.9743016243016243,0.9736802549302549,0.9727893797103091,0.9733333333333333
0.00032400568155329285,0.11927532404661179,0.9764085451585451,0.9743235930735931,0.9746420527074832,0.975
0.0001616716400197523,0.15489453077316284,0.9767242017242018,0.9749969937469939,0.975135445716861,0.975
9.478350458872835e-05,0.1511726826429367,0.9753353128353129,0.973145141895142,0.9733078668592309,0.9733333333333333
9.317616642571618e-05,0.1507018506526947,0.9767242017242018,0.9749969937469939,0.975135445716861,0.975
0.00013182242772321237,0.14371007680892944,0.9753353128353129,0.973145141895142,0.9733078668592309,0.9733333333333333
6.379902326140534e-05,0.1457655429840088,0.9753353128353129,0.973145141895142,0.9733078668592309,0.9733333333333333
6.199816827271813e-05,0.14758563041687012,0.9767242017242018,0.9749969937469939,0.975135445716861,0.975
6.282925626995468e-05,0.13934388756752014,0.9734834609834611,0.9716299903799904,0.971642756370591,0.9716666666666667
8.890549293028016e-05,0.14880086481571198,0.9753353128353129,0.973145141895142,0.9733078668592309,0.9733333333333333
7.261554416497044e-05,0.1425224244594574,0.9714586339586341,0.9697781385281385,0.9692807387585735,0.9699999999999999
8.161842814994695e-05,0.14260336756706238,0.9710760535760535,0.9697781385281385,0.9690246636789689,0.9699999999999999
0.00010994513759972809,0.14136415719985962,0.97238455988456,0.9697781385281385,0.9699244305787359,0.9699999999999999
4.709402662683715e-05,0.14328205585479736,0.9699771524771524,0.9679262866762867,0.9671592790635843,0.9683333333333333
4.9321850421317016e-05,0.13672122359275818,0.9733104858104858,0.9716299903799904,0.9712415230722989,0.9716666666666666
5.088210120144746e-05,0.13690197467803955,0.9733104858104858,0.9716299903799904,0.9712415230722989,0.9716666666666666
3.679911302848874e-05,0.13776007294654846,0.9714586339586341,0.9697781385281385,0.9692807387585735,0.9699999999999999
4.840930330374249e-05,0.13628698885440826,0.9730411255411254,0.97129329004329,0.9706948336362906,0.9716666666666666
5.393683886723011e-05,0.1341077983379364,0.9733104858104858,0.9716299903799904,0.9712415230722989,0.9716666666666666
3.607869153180824e-05,0.13868404924869537,0.9724649424649425,0.9716299903799904,0.970852242536599,0.9716666666666666
3.124952312797783e-05,0.13412164151668549,0.9744093869093869,0.9734818422318422,0.9729598488641541,0.9733333333333333
3.107706716794686e-05,0.13203391432762146,0.9733104858104858,0.9716299903799904,0.9712415230722989,0.9716666666666666
4.459122840216878e-05,0.13664981722831726,0.9743167943167945,0.9734818422318422,0.9728130268503244,0.9733333333333333
2.501388367666853e-05,0.13368231058120728,0.9743167943167945,0.9734818422318422,0.9728130268503244,0.9733333333333333
3.0297239466866206e-05,0.13472771644592285,0.9729279054279054,0.9716299903799904,0.9709854479926944,0.9716666666666666
4.9787560972921106e-05,0.13096389174461365,0.9733104858104858,0.9716299903799904,0.9712415230722989,0.9716666666666666
2.4433533212686598e-05,0.13280558586120605,0.9733104858104858,0.9716299903799904,0.9712415230722989,0.9716666666666666
2.7851264197427856e-05,0.1336328387260437,0.9757982757982759,0.9753336940836941,0.9747874277217842,0.975
2.704064074047589e-05,0.13510924577713013,0.9785760535760537,0.9768488455988457,0.9770962300305864,0.9766666666666667
2.0501216416353902e-05,0.1341162770986557,0.9729279054279054,0.9716299903799904,0.9709854479926944,0.9716666666666666
5.552053395755744e-05,0.13204871118068695,0.9729279054279054,0.9716299903799904,0.9709854479926944,0.9716666666666666
5.062301969852948e-05,0.1333003044128418,0.9757730232730234,0.9734818422318422,0.9736605465900235,0.9733333333333333
5.173484553703626e-05,0.13718242943286896,0.9744093869093869,0.9734818422318422,0.9729598488641541,0.9733333333333333
1.9119183112555522e-05,0.13476839661598206,0.9757982757982759,0.9753336940836941,0.9747874277217842,0.975
3.5759806091088343e-05,0.1307012140750885,0.9769851444851446,0.9749969937469937,0.9752353168490043,0.975
2.5826493943744328e-05,0.13199688494205475,0.9756215081215082,0.9749969937469937,0.9745346191231349,0.975
2.7253031703367014e-05,0.13183920085430145,0.9756215081215082,0.9749969937469937,0.9745346191231349,0.975
1.8288294531506228e-05,0.13601867854595184,0.9729279054279054,0.9716299903799904,0.9709854479926944,0.9716666666666666
2.3307998920548318e-05,0.13600480556488037,0.9743167943167945,0.9734818422318422,0.9728130268503244,0.9733333333333333
1.721878838149375e-05,0.13403552770614624,0.9755289155289156,0.9749969937469937,0.9743877971093052,0.975
1.9099513641170535e-05,0.13214772939682007,0.9757982757982759,0.9753336940836941,0.9747874277217842,0.975
6.670475220478996e-05,0.12790930271148682,0.9758740333740334,0.9749969937469937,0.9745973583163089,0.975
3.761728629569916e-05,0.1368722915649414,0.9741400266400265,0.9731451418951419,0.9725602182516752,0.9733333333333332
2.32770042506066e-05,0.13160240650177002,0.9767326192326192,0.9749969937469937,0.9751725776558303,0.975
2.4709303839169177e-05,0.13045823574066162,0.9756215081215082,0.9749969937469937,0.9745346191231349,0.975
1.5169580829403154e-05,0.13008414208889008,0.9769851444851446,0.9749969937469937,0.9752353168490043,0.975
1.7522772187324637e-05,0.13145288825035095,0.9782141007141006,0.9765121452621451,0.9767459555449975,0.9766666666666666
1.3869603643949327e-05,0.13174612820148468,0.9756215081215079,0.9746602934102934,0.9741335961408425,0.975
1.460691273299138e-05,0.1335250735282898,0.9741400266400265,0.9731451418951419,0.9725602182516752,0.9733333333333332
3.7061969029158114e-05,0.12678605318069458,0.974253663003663,0.9728084415584415,0.9723823730341207,0.9733333333333332
1.5509724581382518e-05,0.12354204058647156,0.9768462555962557,0.9746602934102934,0.9749947324382758,0.975
1.7635226527090708e-05,0.12396233528852463,0.9768462555962557,0.9746602934102934,0.9749947324382758,0.975
1.763999451516914e-05,0.12325295060873032,0.9768462555962557,0.9746602934102934,0.9749947324382758,0.975
3.781517325289011e-05,0.13243049383163452,0.9727507215007215,0.9697661135161134,0.9697440122071633,0.9699999999999999
1.9805431368998445e-05,0.12640875577926636,0.9742199929699931,0.9734698172198172,0.9729458391613123,0.9733333333333333
1.9168456333318318e-05,0.12501125037670135,0.9753311040811042,0.9734698172198172,0.9735837976940077,0.9733333333333333
2.5535623213575793e-05,0.12527212500572205,0.9742322029822031,0.9716179653679653,0.9718654719021526,0.9716666666666666
1.0863343874234488e-05,0.12468232214450836,0.9753311040811042,0.9734698172198172,0.9735837976940077,0.9733333333333333
3.631711018670103e-05,0.123371422290802,0.9753311040811042,0.9734698172198172,0.9735837976940077,0.9733333333333333
1.3750990272380173e-05,0.12263526767492294,0.9753311040811042,0.9734698172198172,0.9735837976940077,0.9733333333333333
0.10662963040546931,2.9268784523010254,0.5825153694463158,0.4778519356460533,0.4464907013204051,0.4716666666666667
0.46258141410847503,11.782946586608887,0.31123410520429945,0.35520724645724644,0.24713827809632968,0.35166666666666674
0.3100563532983263,3.715325117111206,0.738980596221729,0.5343378816172933,0.5433826252746846,0.5333333333333333
0.1252319038224717,0.43726783990859985,0.8891536532054266,0.8710235760971056,0.8680040191203379,0.875
0.03939957472418124,0.33636173605918884,0.9276200419950421,0.9192144484056249,0.9168505037811793,0.9166666666666666
0.016941474246171612,0.1703713983297348,0.9577342333592332,0.9570278332778331,0.9552842472040323,0.955
0.010810355570962807,0.17371758818626404,0.948731823731824,0.9509157046657046,0.9470986373584637,0.9466666666666667
0.008408932582824491,0.18025396764278412,0.9571056258556259,0.9573051948051948,0.9560042659575764,0.9566666666666667
0.0031217155149837104,0.16878506541252136,0.9652572427572427,0.9611556036556038,0.9617741421904501,0.9633333333333333
0.002995736267318231,0.13915792107582092,0.9632415732415733,0.9603601491101491,0.9606009506153198,0.96
0.0020377501741677406,0.1591450423002243,0.9604874292374292,0.9625697450697451,0.9603415518725452,0.96
0.0020720649805904636,0.15227946639060974,0.961719252969253,0.9617157842157842,0.9592029685680693,0.9583333333333334
0.006461027534290527,0.14267972111701965,0.96876406001406,0.9676112313612313,0.9671312638269832,0.9666666666666667
0.0023124566929861126,0.12304218858480453,0.9654032541532541,0.9652032227032228,0.9644774273971227,0.965
0.0020763685794615108,0.21045199036598206,0.9589723702223701,0.9537602212602212,0.9534089417227141,0.9533333333333333
0.0015092030983699563,0.18797540664672852,0.9624420194814932,0.9615518278018277,0.9606898519117638,0.96
0.0018069931141629543,0.12759709358215332,0.9723587986087986,0.9718963443963444,0.9708648815812299,0.9700000000000001
0.0007073831657180563,0.12376613914966583,0.9747568172568172,0.9716979316979316,0.9720628745507711,0.9716666666666667
0.0003971423734583368,0.12057298421859741,0.9737525437525437,0.9698460798460798,0.9704431917451152,0.9700000000000001
0.0014716903351654764,0.13307295739650726,0.9705991230991232,0.9716516354016355,0.9697765683180051,0.9700000000000001
0.0008959422314849993,0.13442304730415344,0.9618190143190143,0.9605194805194804,0.9601808472674448,0.96
0.0005173997997189872,0.1466193050146103,0.9567659192659193,0.9555337255337256,0.9546831089625657,0.955
0.0010332765253527516,0.18532177805900574,0.9546981721981722,0.9533573833573833,0.9514754800612026,0.9516666666666667
0.0007534109651411806,0.13485200703144073,0.9674642024642025,0.9678348965848967,0.9666394546439753,0.9666666666666667
0.00014349301606368195,0.12618467211723328,0.9709442409442409,0.9711087061087063,0.9700864987992238,0.9700000000000001
0.00018727223247575844,0.1294381469488144,0.9728107540607541,0.9720809283309283,0.9716807160428219,0.9716666666666667
0.00010778029794285733,0.1234181821346283,0.9728107540607541,0.9720809283309283,0.9716807160428219,0.9716666666666667
0.00019448965675413396,0.1259574592113495,0.9735051985051985,0.9720809283309283,0.9720671894727735,0.9716666666666667
9.981969947148173e-05,0.12862007319927216,0.9723940873940874,0.9702290764790765,0.9703895356526248,0.9700000000000001
8.691747999970782e-05,0.12995249032974243,0.9723940873940874,0.9702290764790765,0.9703895356526248,0.9700000000000001
0.0001088311278939121,0.12810321152210236,0.9707274207274207,0.9688401875901875,0.9687877049890092,0.9683333333333334
9.78885091929745e-05,0.13168387115001678,0.9718385318385319,0.9706920394420394,0.970465358809158,0.9700000000000001
7.548153371317312e-05,0.13385450839996338,0.9707274207274207,0.9688401875901875,0.9687877049890092,0.9683333333333334
0.00016607761267550813,0.1308298408985138,0.9735051985051985,0.9720809283309283,0.9720671894727735,0.9716666666666667
7.188101676547376e-05,0.12381267547607422,0.9728107540607541,0.9720809283309283,0.9716807160428219,0.9716666666666667
0.00013132949432777727,0.12966850399971008,0.9707274207274207,0.9688401875901875,0.9687877049890092,0.9683333333333334
6.0592095602866415e-05,0.12877798080444336,0.9707274207274207,0.9688401875901875,0.9687877049890092,0.9683333333333334
5.3984522689158133e-05,0.12815362215042114,0.9707274207274207,0.9688401875901875,0.9687877049890092,0.9683333333333334
8.010029724421959e-05,0.12639792263507843,0.9753907203907204,0.9741642616642617,0.9738780148130107,0.9733333333333333
5.8392683437584005e-05,0.12500934302806854,0.9753907203907204,0.9741642616642617,0.9738780148130107,0.9733333333333333
9.264509120991231e-05,0.12985195219516754,0.9753907203907204,0.9741642616642617,0.9738780148130107,0.9733333333333333
6.74982862278739e-05,0.12995964288711548,0.9723940873940874,0.9702290764790765,0.9703895356526248,0.9700000000000001
8.229335162468487e-05,0.13342809677124023,0.9707274207274207,0.9688401875901875,0.9687877049890092,0.9683333333333334
7.648726265567045e-05,0.130575031042099,0.9707274207274207,0.9688401875901875,0.9687877049890092,0.9683333333333334
0.00010940472327547468,0.13065257668495178,0.9742796092796092,0.9723124098124099,0.9722003609928619,0.9716666666666667
5.4138700572063193e-05,0.13483074307441711,0.9742796092796092,0.9723124098124099,0.9722003609928619,0.9716666666666667
6.0485204471660836e-05,0.13836023211479187,0.9742796092796092,0.9723124098124099,0.9722003609928619,0.9716666666666667
4.5582651864606305e-05,0.13381056487560272,0.9742796092796092,0.9723124098124099,0.9722003609928619,0.9716666666666667
4.9068332145907334e-05,0.13776585459709167,0.9742796092796092,0.9723124098124099,0.9722003609928619,0.9716666666666667
5.870461476812731e-05,0.13466863334178925,0.9753907203907204,0.9741642616642617,0.9738780148130107,0.9733333333333333
3.914972110881839e-05,0.13404911756515503,0.9742796092796092,0.9723124098124099,0.9722003609928619,0.9716666666666667
8.259554647338518e-05,0.13355204463005066,0.9744311244311245,0.9720809283309283,0.9725713911534458,0.9716666666666667
7.712304716278595e-05,0.13481247425079346,0.9742796092796092,0.9723124098124099,0.9722003609928619,0.9716666666666667
5.776743103069748e-05,0.13572803139686584,0.9742796092796092,0.9723124098124099,0.9722003609928619,0.9716666666666667
2.8899312061033317e-05,0.13412389159202576,0.9742796092796092,0.9723124098124099,0.9722003609928619,0.9716666666666667
7.413347547450637e-05,0.1309901773929596,0.9752055352055352,0.9723124098124099,0.9727045626735341,0.9716666666666667
6.0427984408306656e-05,0.13457082211971283,0.9742796092796092,0.9723124098124099,0.9722003609928619,0.9716666666666667
4.285017674495369e-05,0.13396087288856506,0.9752055352055352,0.9723124098124099,0.9727045626735341,0.9716666666666667
0.00010437508300735014,0.1387818455696106,0.9742796092796092,0.9723124098124099,0.9722003609928619,0.9716666666666667
3.776351589597956e-05,0.13820403814315796,0.9742796092796092,0.9723124098124099,0.9722003609928619,0.9716666666666667
4.27512324752873e-05,0.13880713284015656,0.9756222018722019,0.9741642616642617,0.9737689385891687,0.9733333333333333
4.052380719106926e-05,0.13622218370437622,0.9735851648351649,0.9723124098124099,0.9718138875629102,0.9716666666666667
4.320323425114717e-05,0.13396167755126953,0.9735851648351649,0.9723124098124099,0.9718138875629102,0.9716666666666667
1.9268194970815482e-05,0.13738352060317993,0.9735851648351649,0.9723124098124099,0.9718138875629102,0.9716666666666667
3.201862155795728e-05,0.1413838267326355,0.9749277574277574,0.972497594997595,0.9725535813555047,0.9716666666666667
2.539436015543591e-05,0.13935941457748413,0.9742796092796092,0.9723124098124099,0.9722003609928619,0.9716666666666667
5.8268705705207445e-05,0.13648441433906555,0.9742796092796092,0.9723124098124099,0.9722003609928619,0.9716666666666667
2.7411977536454895e-05,0.14071162045001984,0.9752055352055352,0.9723124098124099,0.9727045626735341,0.9716666666666667
2.6458303011622775e-05,0.13820712268352509,0.9742796092796092,0.9723124098124099,0.9722003609928619,0.9716666666666667
2.24703553423448e-05,0.13858819007873535,0.9742796092796092,0.9723124098124099,0.9722003609928619,0.9716666666666667
1.806378344326731e-05,0.14113500714302063,0.9742796092796092,0.9723124098124099,0.9722003609928619,0.9716666666666667
6.629864236629146e-05,0.14455237984657288,0.9703839216339217,0.9698398823398823,0.9689460550973766,0.9683333333333333
3.170748550473945e-05,0.14061033725738525,0.9735988085988087,0.9710303585303585,0.9712461445484494,0.9700000000000001
4.9715240834302676e-05,0.14546529948711395,0.9717132867132867,0.9689470251970252,0.9694353192082122,0.9683333333333334
2.8889973918921896e-05,0.14578941464424133,0.9733200133200133,0.9702290764790765,0.970893737333297,0.9700000000000001
1.7936229729305826e-05,0.14544044435024261,0.9753907203907204,0.9741642616642617,0.9738780148130107,0.9733333333333333
2.4343927520931175e-05,0.14525264501571655,0.9710051985051984,0.9685624098124098,0.9687877049890092,0.9683333333333334
2.8709570377335087e-05,0.1417989432811737,0.9749277574277574,0.972497594997595,0.9727803858300673,0.9716666666666667
2.7774770880265958e-05,0.139421284198761,0.9735851648351649,0.9723124098124099,0.9718138875629102,0.9716666666666667
6.558905005249471e-05,0.14434084296226501,0.9745110907610908,0.9723124098124099,0.9723180892435824,0.9716666666666667
5.904436123197835e-05,0.1411215215921402,0.9756222018722019,0.9741642616642617,0.9737689385891687,0.9733333333333333
2.3003220443721755e-05,0.14163006842136383,0.9729165741665743,0.9711219336219337,0.9709086749031336,0.9699999999999999
9.339054552507757e-05,0.14567476511001587,0.9727140914640914,0.9708904521404521,0.9709171114556879,0.9700000000000001
1.986185717820869e-05,0.14613398909568787,0.9706770544270543,0.9690386002886003,0.9687352559548669,0.9683333333333334
5.703568531127227e-05,0.14528001844882965,0.9738252025752026,0.972742303992304,0.9723679608012742,0.9716666666666667
2.5297601903654748e-05,0.1393507421016693,0.9708326395826395,0.9692237854737855,0.9691721523156106,0.9683333333333334
2.574423947028966e-05,0.13709840178489685,0.9733326395826397,0.972742303992304,0.9722248323248123,0.9716666666666667
1.6264716776959176e-05,0.1366383135318756,0.9745659433159433,0.9724056036556036,0.9725822219443279,0.9716666666666667
3.681262349649236e-05,0.14136169850826263,0.9723100510600511,0.9715518278018278,0.9709570260570061,0.9700000000000001
9.348789859586759e-06,0.13251911103725433,0.97373667998668,0.9720809283309283,0.9721849177234941,0.9716666666666667
2.988715940925128e-05,0.1353120505809784,0.97373667998668,0.9720809283309283,0.9721849177234941,0.9716666666666667
1.9255677784713043e-05,0.1339980810880661,0.9774740537240537,0.9756794131794132,0.9756608535523711,0.975
1.9405682763817822e-05,0.13113442063331604,0.9738252025752026,0.972742303992304,0.9723679608012742,0.9716666666666667
2.7022361261212307e-05,0.13427548110485077,0.9733520646020647,0.9725438912938912,0.9722301458834081,0.9716666666666667
2.3432771532346425e-05,0.1340927928686142,0.9745120157620158,0.9737343674843674,0.9734953862790832,0.9733333333333333
1.6759236833271036e-05,0.1352846324443817,0.9711298423798423,0.9706920394420394,0.9701765726896618,0.9700000000000001
1.3560255392045898e-05,0.13629986345767975,0.9734589022089022,0.9722661135161136,0.9720339364054649,0.9716666666666667
2.2760431107826662e-05,0.13617026805877686,0.978756105006105,0.977531265031265,0.9773079123759004,0.9766666666666666
2.4800896966326036e-05,0.1321375072002411,0.9756222018722019,0.9741642616642617,0.9739957430637313,0.9733333333333333
8.96229353581172e-05,0.14017397165298462,0.9751433751433752,0.9741642616642617,0.9736721655365134,0.9733333333333333
6.0385862165427774e-05,0.13863883912563324,0.9700507825507826,0.9692568542568543,0.9685134531830236,0.9683333333333334
2.4149815203600156e-05,0.1421833634376526,0.9732610907610907,0.9711087061087061,0.9709517506918893,0.9700000000000001
2.356688171782177e-05,0.14113587141036987,0.9667449217449217,0.9666774891774891,0.9656207465357531,0.965
1.9992788679701334e-05,0.14083249866962433,0.9706811244311244,0.9690253727753729,0.9687544519217005,0.9683333333333334
3.84704261667442e-05,0.14612120389938354,0.9689350926850927,0.9680663780663781,0.9672008118952303,0.9666666666666667
1.4688968623962259e-05,0.1334535777568817,0.9706079568579568,0.9697198172198171,0.9691983998192887,0.9683333333333334
1.3459722244609415e-05,0.1387677937746048,0.9760851648351648,0.9740127465127465,0.9740590228887557,0.9733333333333333
1.1299252558198228e-05,0.13473300635814667,0.9706079568579568,0.9697198172198171,0.9691983998192887,0.9683333333333334
1.52244171450396e-05,0.13798542320728302,0.974233312983313,0.972497594997595,0.9723939124001157,0.9716666666666667
1.7242431454178586e-05,0.13658198714256287,0.972347791097791,0.9704142616642617,0.9705830870598787,0.9700000000000001
1.683096106338174e-05,0.13431066274642944,0.9749277574277574,0.972497594997595,0.9727803858300673,0.9716666666666667
1.582443726041068e-05,0.1358749121427536,0.974233312983313,0.972497594997595,0.9723939124001157,0.9716666666666667
1.1875033465003071e-05,0.13615697622299194,0.974233312983313,0.972497594997595,0.9723939124001157,0.9716666666666667
2.6884675207838882e-05,0.1377379447221756,0.9749277574277574,0.972497594997595,0.9727803858300673,0.9716666666666667
1.556952814022831e-05,0.1340523660182953,0.9749277574277574,0.972497594997595,0.9727803858300673,0.9716666666666667
1.6704996340877187e-05,0.13600340485572815,0.9749277574277574,0.972497594997595,0.9727803858300673,0.9716666666666667
1.5884836367755877e-05,0.13803231716156006,0.9756684981684981,0.9721608946608947,0.9727678424985585,0.9716666666666667
1.2136101702253654e-05,0.13818925619125366,0.9767796092796092,0.9740127465127465,0.9744454963187072,0.9733333333333333
6.370484728298227e-05,0.1416235864162445,0.9728907203907203,0.9706457431457433,0.9705985303292465,0.9700000000000001
2.3416876757664795e-05,0.17318378388881683,0.9700666463166462,0.9677417027417028,0.9678494074153973,0.9666666666666667
0.22737742741522501,23.24599838256836,0.48280378187722456,0.41305969357439953,0.3857432350502345,0.415
0.3827568634102742,1.5357286930084229,0.7101256213962985,0.6412063154710214,0.5934913431482695,0.645
0.21456288235882917,0.5010659098625183,0.8752816879829264,0.8539069264069264,0.839015982564069,0.8533333333333334
0.05648560640596164,0.23696088790893555,0.9387267216214585,0.9364073426573426,0.9347976045058984,0.935
0.022580486683485407,0.25256261229515076,0.9294772065166802,0.9210333647833647,0.9189785968615106,0.9183333333333334
0.025492630001584377,0.46187877655029297,0.9354009379996221,0.907650358900359,0.9048353988640927,0.9050000000000001
0.007167958285814772,0.23094412684440613,0.9409095996595997,0.9381459743959745,0.93664002733937,0.9383333333333331
0.010821562854592534,0.1777406632900238,0.9549327061827061,0.9541975616975616,0.9527180135431359,0.9533333333333331
0.039313613842144456,0.8740730285644531,0.9025771669850617,0.8751539201539202,0.8687390920138062,0.8766666666666668
0.03194135370237442,0.6405055522918701,0.9162424857277798,0.8787386224886223,0.8796580497022011,0.875
0.01916172535372122,0.20846429467201233,0.950986175130912,0.9476166426166426,0.9458525262583907,0.9483333333333333
0.007353447222461303,0.21198725700378418,0.953096903096903,0.9527890165390165,0.9512936554929405,0.9516666666666667
0.011061568548029754,0.21938560903072357,0.9375439837939838,0.9342616642616642,0.932334563937763,0.935
0.0032554699270500955,0.2066974639892578,0.9458063695563695,0.9420478595478595,0.9411931217755001,0.9416666666666665
0.00245894274727713,0.18167583644390106,0.9659742572242571,0.9615049302549302,0.96222248514606,0.9616666666666666
0.0011799010814380988,0.18288598954677582,0.9623930698930699,0.9587265512265511,0.9588279708480947,0.96
0.0006625920459555346,0.18038110435009003,0.9611945924445925,0.9574639249639251,0.9574915416582308,0.9583333333333334
0.0004992977830321857,0.17864608764648438,0.9643284955784956,0.9621861471861473,0.9614618220409152,0.9616666666666666
0.0003666397869892535,0.17947310209274292,0.9587653087653089,0.9558567821067822,0.9552310739983824,0.955
0.0002376774932599801,0.17658504843711853,0.960172003922004,0.9579401154401155,0.956945126285964,0.9566666666666666
0.0007254382109446548,0.281094491481781,0.939656547156547,0.9325509213009214,0.9317601509054487,0.9333333333333335
0.005359916553667669,0.26532822847366333,0.9459009046509045,0.9454591704591704,0.9428229630191761,0.9433333333333334
0.009887848321037987,0.24713633954524994,0.9408768546268544,0.9383038720538721,0.9357561946316264,0.9366666666666665
0.002630177462075759,0.2149500846862793,0.9526264938764939,0.9496206108706109,0.9490247688155872,0.9499999999999998
0.002591871292073241,0.19842347502708435,0.9513408350908352,0.9490895215895216,0.9469670912318741,0.9466666666666667
0.0030848019808521108,0.17848215997219086,0.9618169793169794,0.9607251082251081,0.9603065485160255,0.96
0.0005478751139283607,0.1957894265651703,0.9581708569208569,0.9580074555074556,0.9566610712058732,0.9566666666666667
0.00045485357107584906,0.19385111331939697,0.9547449309949309,0.9532852332852332,0.9525508904509556,0.9533333333333333
0.00041058580366855796,0.1921597719192505,0.95379255004255,0.9518963443963444,0.9511152890153541,0.9516666666666667
0.00045160701423204347,0.1591401994228363,0.9604164816664816,0.9605537518037518,0.9590537852307045,0.9583333333333334
0.0011476431222945394,0.1863877773284912,0.9563851426351427,0.9553469215969218,0.9541501910853439,0.9533333333333335
0.0008756315614846244,0.20216135680675507,0.9562390387390387,0.9553685666185666,0.9542576963617257,0.955
0.0002281426406322377,0.18850669264793396,0.9563442575942576,0.9550907888407889,0.9541398936527262,0.955
0.0002598391001053339,0.1905205249786377,0.9547238872238871,0.9537018999518999,0.9525868525856187,0.9533333333333333
0.000143325727700964,0.19111382961273193,0.9599427424427424,0.9600907888407889,0.95852043241794,0.9583333333333334
0.00017718573299892645,0.20249956846237183,0.9541557054057054,0.9537018999518999,0.9522693922681583,0.9533333333333333
0.00019885400862070432,0.20273004472255707,0.9562390387390387,0.9570352332852333,0.9549790872572651,0.9550000000000001
8.863965581440425e-05,0.198225736618042,0.958322372072372,0.9587018999519,0.9569673913508324,0.9566666666666667
8.864104802341899e-05,0.1942976415157318,0.9580445942945942,0.9587018999519,0.9568148360495358,0.9566666666666667
0.00013724922981358154,0.19658201932907104,0.958322372072372,0.9587018999519,0.9569673913508324,0.9566666666666667
5.7324568388139596e-05,0.19655609130859375,0.959711260961261,0.9603685666185666,0.9585692220144479,0.9583333333333334
0.00012011011559328229,0.19115255773067474,0.9580445942945942,0.9587018999519,0.9568148360495358,0.9566666666666667
5.565106823723909e-05,0.1833401918411255,0.958322372072372,0.9587018999519,0.9569673913508324,0.9566666666666667
5.568365293129318e-05,0.18894273042678833,0.958322372072372,0.9587018999519,0.9569673913508324,0.9566666666666667
7.034957472266494e-05,0.19043777883052826,0.9599427424427424,0.9600907888407889,0.95852043241794,0.9583333333333334
5.631963413558575e-05,0.18991219997406006,0.958322372072372,0.9587018999519,0.9569673913508324,0.9566666666666667
0.0001067725819439147,0.18537813425064087,0.9599427424427424,0.9600907888407889,0.95852043241794,0.9583333333333334
7.876316582648239e-05,0.1851225197315216,0.957859409109409,0.9584241221741223,0.9565321283243726,0.9566666666666667
4.735986395113893e-05,0.18283548951148987,0.9599427424427424,0.9600907888407889,0.95852043241794,0.9583333333333334
6.0521563720309736e-05,0.19034437835216522,0.9565967828467828,0.9568500481000481,0.955165269535923,0.9550000000000001
4.206081208243025e-05,0.18706560134887695,0.9599427424427424,0.9600907888407889,0.95852043241794,0.9583333333333334
4.973510897343658e-05,0.19093871116638184,0.957859409109409,0.9584241221741223,0.9565321283243726,0.9566666666666667
9.956876471051146e-05,0.19152751564979553,0.9562390387390387,0.9570352332852333,0.9549790872572651,0.9550000000000001
6.0385266711667405e-05,0.18659500777721405,0.9599427424427424,0.9600907888407889,0.95852043241794,0.9583333333333334
4.797279852179296e-05,0.1848919689655304,0.9599427424427424,0.9600907888407889,0.95852043241794,0.9583333333333334
3.571808349533967e-05,0.19143617153167725,0.9562390387390387,0.9570352332852333,0.9549790872572651,0.9550000000000001
3.654678636166864e-05,0.18256710469722748,0.9610416435416435,0.9614796777296778,0.9599263308673166,0.9600000000000001
5.392650674214868e-05,0.18326221406459808,0.9601182613682613,0.9610034872534873,0.9592032671694245,0.96
6.021916863119259e-05,0.18483619391918182,0.9601182613682613,0.9610034872534873,0.9592032671694245,0.96
4.807194126973021e-05,0.1860010027885437,0.9629948292448293,0.9635828523328525,0.9620039858576995,0.9633333333333334
0.000744447347225711,0.26917165517807007,0.9448680340127709,0.9425968013468013,0.9417102257579891,0.9433333333333334
0.005851572253580646,0.2952388823032379,0.9463209183603919,0.9423581048581049,0.9426465955004565,0.9433333333333334
0.002099057616760547,0.32513928413391113,0.9365617253117252,0.933581464831465,0.93178475562248,0.9333333333333332
0.005395950745878508,0.5944892168045044,0.9092925021601492,0.8951950364450364,0.8905404726220804,0.895
0.029996642525172017,0.6150139570236206,0.8870674403569141,0.8627253193429664,0.8557459398887656,0.8583333333333334
0.08036087286503364,1.663511037826538,0.7906019312918625,0.7237005124505124,0.7023464905878343,0.7283333333333334
0.10721142403781414,0.9859168529510498,0.8713528072088444,0.8446908374849551,0.8420934682426006,0.8416666666666668
0.06867354599914204,0.27504420280456543,0.9363484566116145,0.929476911976912,0.9286708796005344,0.9283333333333333
0.01565047772116183,0.21314959228038788,0.9501211982461982,0.9460924723424723,0.9442085197600726,0.945
0.007870055943688689,0.24202638864517212,0.9427355052355052,0.9439838864838865,0.9403066765425748,0.9433333333333334
0.01619519945355326,0.2156991958618164,0.9506428147875517,0.9443149905649907,0.9452527795742741,0.9483333333333333
0.006645931245050936,0.1833227276802063,0.954355537250274,0.9523056110556111,0.9515225977261693,0.9533333333333335
0.00383026916339683,0.16370731592178345,0.9572856626803995,0.9543494468494468,0.9539523444101898,0.9550000000000001
0.0009894446417699025,0.14385363459587097,0.9643377309824679,0.9623322510822511,0.962463587560268,0.9633333333333334
0.0002857293696555037,0.14719629287719727,0.9626458117905488,0.9613852813852816,0.9611781100518803,0.9616666666666666
0.0005006303402600073,0.15099897980690002,0.965019549164286,0.9626689514189515,0.9628280682807858,0.9633333333333334
0.0002275383477960228,0.14707356691360474,0.967491059135796,0.9662674362674363,0.966177717656751,0.9666666666666667
0.00022290011520453845,0.14696919918060303,0.965019549164286,0.9626689514189515,0.9628280682807858,0.9633333333333334
0.00023534963626540653,0.15259294211864471,0.965019549164286,0.9626689514189515,0.9628280682807858,0.9633333333333334
0.0001407719644248573,0.14449989795684814,0.9624127115574486,0.9608170995670996,0.9607336656074357,0.9616666666666666
0.00013076841893659244,0.1450488567352295,0.9646349337796707,0.9626689514189515,0.9626175419649963,0.9633333333333334
0.00014314671163144035,0.14768385887145996,0.965019549164286,0.9626689514189515,0.9628280682807858,0.9633333333333334
0.00011298378285573563,0.14697463810443878,0.9651684280631648,0.9631451418951419,0.9633497085201329,0.9633333333333334
0.0002011148144447361,0.14815416932106018,0.964600246244983,0.9631451418951419,0.9630322482026727,0.9633333333333334
0.00010915935073777898,0.14464615285396576,0.9665347006794375,0.9647522847522848,0.9647328301855477,0.965
0.00022502700168539982,0.14700859785079956,0.9671028824976192,0.9647522847522848,0.9650502905030081,0.965
0.00012272179075504633,0.14018306136131287,0.9680592409539778,0.9662674362674363,0.9664951779742114,0.9666666666666667
0.00010396083318179687,0.1453550010919571,0.9683991787939156,0.9662674362674363,0.9666055675846009,0.9666666666666667
9.648283272175225e-05,0.1447397768497467,0.9681838994338995,0.967391774891775,0.9668772032787826,0.9666666666666667
5.9400002101028804e-05,0.1408945918083191,0.9685043976491344,0.9658044733044734,0.9662682906009045,0.9666666666666667
0.00010632405735577777,0.14406177401542664,0.9676950826950828,0.9671933621933623,0.9666319867286671,0.9666666666666668
6.296435916889702e-05,0.14484933018684387,0.9691050153550154,0.969045214045214,0.9682342842133175,0.9683333333333334
9.180684799048322e-05,0.14089994132518768,0.9675962779910149,0.9660822510822511,0.9662272539726757,0.9666666666666667
7.399002818904894e-05,0.14448565244674683,0.9674116940564309,0.9667436267436268,0.9664922871890275,0.9666666666666667
5.3145288707886117e-05,0.14129257202148438,0.9670280961728329,0.9660822510822511,0.9659097936552156,0.9666666666666667
6.471852471653013e-05,0.13992992043495178,0.9697722039169406,0.9685022847522848,0.9682985406039637,0.9683333333333334
6.661156839982141e-05,0.14231932163238525,0.9679922854922854,0.9675300625300626,0.9667859411333954,0.9666666666666668
4.023094974551592e-05,0.14047275483608246,0.9706505994005994,0.9708970658970659,0.9699175200807639,0.9700000000000001
6.361941533820452e-05,0.1454329788684845,0.9678934807882175,0.9664189514189515,0.9663812083774043,0.9666666666666667
5.764206237775701e-05,0.1425977647304535,0.966298964193701,0.9652284752284753,0.9650439441091055,0.965
9.977817425503115e-05,0.143916055560112,0.965936410081147,0.9647522847522847,0.9644619173963282,0.965
3.5139322070184185e-05,0.14276662468910217,0.9685067247567248,0.9690452140452139,0.9679633714240982,0.9683333333333333
4.956682556667147e-05,0.1442597210407257,0.9685067247567248,0.9690452140452139,0.9679633714240982,0.9683333333333333
5.308051936481206e-05,0.14533479511737823,0.968869278869279,0.9695214045214046,0.9685453981368752,0.9683333333333333
5.0057172984452336e-05,0.1434682309627533,0.9704637954637955,0.9707118807118807,0.969882662405174,0.9700000000000001
3.478546894560471e-05,0.14482420682907104,0.9691674991674991,0.9691967291967293,0.9683273853235811,0.9683333333333334
6.366392002140249e-05,0.1465909779071808,0.9695521145521145,0.9691967291967293,0.9685379116393705,0.9683333333333334
3.298878671860924e-05,0.1497238427400589,0.9691674991674991,0.9691967291967293,0.9683273853235811,0.9683333333333334
5.3299268680954505e-05,0.14681333303451538,0.9691674991674991,0.9691967291967293,0.9683273853235811,0.9683333333333334
0.00010519663715058414,0.14718595147132874,0.9672104284604285,0.9675300625300625,0.9664080943425053,0.9666666666666667
6.039480333204968e-05,0.14465922117233276,0.9683010970510971,0.9695214045214046,0.9682279378194149,0.9683333333333333
2.777973793399724e-05,0.14466236531734467,0.9704637954637955,0.9707118807118807,0.969882662405174,0.9700000000000001
4.96336822285078e-05,0.14487197995185852,0.9704637954637955,0.9707118807118807,0.969882662405174,0.9700000000000001
2.664645499332134e-05,0.14427487552165985,0.9674214674214673,0.9680062530062531,0.9669065788664771,0.9666666666666667
2.9167135494390095e-05,0.14801236987113953,0.9675729825729826,0.9680062530062531,0.9669901210552824,0.9666666666666667
4.146854020821896e-05,0.14291302859783173,0.9691674991674991,0.9691967291967293,0.9683273853235811,0.9683333333333334
2.8102000366440432e-05,0.14276862144470215,0.968485680985681,0.9688600288600289,0.9679629046030632,0.9683333333333334
4.7909418744514674e-05,0.14572887122631073,0.9691674991674991,0.9691967291967293,0.9683273853235811,0.9683333333333334
2.0212530927210537e-05,0.14368580281734467,0.9703122803122803,0.9707118807118807,0.9697991202163686,0.9699999999999999
2.260009468576148e-05,0.14291279017925262,0.9704637954637955,0.9707118807118807,0.969882662405174,0.9700000000000001
3.124713932341668e-05,0.1443513035774231,0.9691674991674991,0.9691967291967293,0.9683273853235811,0.9683333333333334
1.5686353132574975e-05,0.1465701460838318,0.9691674991674991,0.9691967291967293,0.9683273853235811,0.9683333333333334
2.7278065601876733e-05,0.1473798155784607,0.9691674991674991,0.9691967291967293,0.9683273853235811,0.9683333333333334
2.7098059736848274e-05,0.1565440148115158,0.9675729825729826,0.9680062530062531,0.9669901210552824,0.9666666666666667
1.594762001862667e-05,0.15036794543266296,0.9691674991674991,0.9691967291967293,0.9683273853235811,0.9683333333333334
1.7930070574342e-05,0.147426038980484,0.9691674991674991,0.9691967291967293,0.9683273853235811,0.9683333333333334
2.741336838122758e-05,0.14931711554527283,0.9691674991674991,0.9691967291967293,0.9683273853235811,0.9683333333333334
0.00011338193987360985,0.18775610625743866,0.9629199358146727,0.9633588171088171,0.9622214015463668,0.9616666666666668
0.0003982502150468766,0.1697908639907837,0.9622463647463647,0.9607972582972583,0.9603452162773852,0.9600000000000001
5.690654048369955e-05,0.1673157811164856,0.9622463647463647,0.9607972582972583,0.9603452162773852,0.9600000000000001
2.0326971916044084e-05,0.16752055287361145,0.9651237505184874,0.9605988455988457,0.9617046837672875,0.9616666666666668
2.3690064836046076e-05,0.169246107339859,0.9609723463670833,0.9580194805194805,0.9583990393312082,0.9583333333333334
2.739508954618941e-05,0.172505185008049,0.9609723463670833,0.9580194805194805,0.9583990393312082,0.9583333333333334
2.4011134504083504e-05,0.1652010977268219,0.9609723463670833,0.9580194805194805,0.9583990393312082,0.9583333333333334
2.6766856365156855e-05,0.16554909944534302,0.9647483072483073,0.9631782106782106,0.9628849817481853,0.9633333333333334
2.2233525991547747e-05,0.17186526954174042,0.9609723463670833,0.9580194805194805,0.9583990393312082,0.9583333333333334
1.7041762741124938e-05,0.16150173544883728,0.9649894403841772,0.9624837662337663,0.9628435667067702,0.9633333333333334
1.4215509158551262e-05,0.16122254729270935,0.966378329273066,0.9643356180856181,0.9645485965447924,0.965
3.4099022760377316e-05,0.16998839378356934,0.9609723463670833,0.9580194805194805,0.9583990393312082,0.9583333333333334
1.780271538602089e-05,0.1686028093099594,0.9622463647463647,0.9607972582972583,0.9603452162773852,0.9600000000000001
1.5847881504290246e-05,0.1646489053964615,0.9636352536352537,0.9626491101491101,0.9620502461154073,0.9616666666666668
2.5510390723108383e-05,0.17508843541145325,0.9609723463670833,0.9580194805194805,0.9583990393312082,0.9583333333333334
1.6257961779804948e-05,0.1700010895729065,0.9623612352559721,0.9598713323713324,0.9601040691692305,0.96
2.2510886509508055e-05,0.16461749374866486,0.9634063159063159,0.9619877344877344,0.9616104566730604,0.9616666666666668
1.1753439935091592e-05,0.16487684845924377,0.9609723463670833,0.9580194805194805,0.9583990393312082,0.9583333333333334
2.011020995951185e-05,0.16936948895454407,0.9609723463670833,0.9580194805194805,0.9583990393312082,0.9583333333333334
1.564840495878646e-05,0.17020247876644135,0.9609723463670833,0.9580194805194805,0.9583990393312082,0.9583333333333334
1.5145540080159966e-05,0.16310539841651917,0.9619807823755192,0.9596266233766234,0.9598146556667331,0.9600000000000001
1.4842152438632183e-05,0.17093569040298462,0.9662634587634588,0.9652615440115441,0.964789743652947,0.965
1.1399189598175022e-05,0.1656990945339203,0.9621322975270344,0.9592099567099567,0.9596642797268834,0.9600000000000001
2.208213049925689e-05,0.16854119300842285,0.9637615162615162,0.9628805916305917,0.9622499781821472,0.9616666666666668
3.519952280347146e-05,0.16484424471855164,0.9634742888690258,0.9604004329004329,0.9609388048020082,0.9616666666666668
3.2919049208620286e-05,0.16795341670513153,0.9662634587634588,0.9652615440115441,0.964789743652947,0.965
1.6239086856254897e-05,0.17190568149089813,0.961678182928183,0.9607972582972583,0.9600277559599251,0.9600000000000001
3.2436649159232424e-05,0.1651376336812973,0.9647483072483073,0.9631782106782106,0.9628849817481853,0.9633333333333334
2.6719967915293335e-05,0.1610950082540512,0.9661371961371962,0.9650300625300625,0.9645900115862074,0.965
1.3202826067981732e-05,0.16270050406455994,0.9674334924334925,0.966545214045214,0.9661452886678003,0.9666666666666667
6.290773771411295e-05,0.16373980045318604,0.9641801254301255,0.9631782106782106,0.9625675214307251,0.9633333333333334
2.8255581440816968e-05,0.15633156895637512,0.9662646929094297,0.9639989177489178,0.9642008877943712,0.965
1.820663625077638e-05,0.16415193676948547,0.9649683966131334,0.9624837662337663,0.9626456107127783,0.9633333333333334
1.0878443655807738e-05,0.1609601229429245,0.9644242331742331,0.9635948773448774,0.9628415788034833,0.9633333333333334
1.4996528506117102e-05,0.16379424929618835,0.9662424149924149,0.9652615440115441,0.9645917876589553,0.965
2.648810518242802e-05,0.155386820435524,0.9704427516927517,0.9707118807118807,0.9697568564833322,0.9699999999999999
1.3624429811898153e-05,0.1596764326095581,0.9645391036838404,0.9626689514189515,0.9626004316953285,0.9633333333333334
1.3603766907029543e-05,0.15261223912239075,0.9691687333134702,0.967934102934103,0.9678106795371554,0.9683333333333333
1.4854669605786816e-05,0.15282905101776123,0.9704427516927517,0.9707118807118807,0.9697568564833322,0.9699999999999999
1.987516894056777e-05,0.155968576669693,0.9677118714618714,0.9676695526695527,0.9667773015701853,0.9666666666666667
9.529789205468356e-06,0.16082802414894104,0.9668216505716506,0.9652284752284751,0.9650578552534513,0.965
6.030599304078048e-06,0.15857940912246704,0.9675856088356088,0.9674380711880711,0.9665775695034454,0.9666666666666667
3.420790104276724e-05,0.17112469673156738,0.965234348984349,0.9629004329004328,0.9630296969363786,0.9633333333333334
9.888609265355322e-06,0.16809473931789398,0.9615641157088525,0.9592099567099567,0.9593468194094231,0.9600000000000001
7.723172548897613e-06,0.16846776008605957,0.9621322975270344,0.9592099567099567,0.9596642797268834,0.9600000000000001
1.3320644744870455e-05,0.1628817319869995,0.9665126394073762,0.9624506974506976,0.9634097136053096,0.9633333333333334
6.194710740222338e-06,0.1651734858751297,0.9647952047952049,0.9638395863395863,0.9633154865110826,0.9633333333333334
