training_loss,validation_loss,precision,recall,f1,accuracy
0.4064975579579671,1.3867912292480469,0.832437648207772,0.7790637467108055,0.7678470255487277,0.7816666666666667
0.16851406156395873,0.48115503787994385,0.8792696083872555,0.846753108003108,0.8401256928557123,0.8466666666666667
0.07819362132189174,0.49880409240722656,0.8829043915034628,0.8513628963628963,0.8487579226006338,0.8483333333333333
0.033190301697080336,0.1230873391032219,0.9661939765887134,0.9632309357309358,0.9629569177958036,0.9633333333333334
0.011578262667171657,0.19504255056381226,0.9439130314130315,0.9336880711880712,0.9325279902598744,0.9366666666666666
0.02631870781866989,0.27794575691223145,0.9305698811852063,0.9237000962000961,0.9181762463601176,0.9216666666666667
0.05986386686951543,0.5460379123687744,0.8893791448203213,0.8496675084175084,0.8459567516036484,0.8516666666666666
0.04789366388771062,1.1657731533050537,0.9094318668803961,0.7998559474294767,0.7949759940663111,0.7983333333333333
0.03313973584833244,0.8053257465362549,0.8532890189875485,0.8446471284706578,0.8153695538897271,0.85
0.03745074890806185,0.3485202491283417,0.9178709076870842,0.9056132756132756,0.9033870528853654,0.9033333333333333
0.029262904456118122,0.3523808419704437,0.898208166102903,0.8847366522366521,0.8754323558461382,0.8833333333333334
0.012332223059881168,0.1421545296907425,0.9623778073778074,0.962814454064454,0.961214743497397,0.9616666666666666
0.010536765626360042,0.16421741247177124,0.9685125403778653,0.9593877418877419,0.959342046738744,0.96
0.010897315002997251,0.5928994417190552,0.9262719760746077,0.887150580900581,0.8763219877050138,0.8883333333333333
0.023674267819539335,0.9020687937736511,0.8922887016759566,0.8152095290330584,0.8141584475486225,0.8166666666666665
0.05159756120216722,0.7285560369491577,0.8385687651128827,0.8242649017649017,0.8039512453166248,0.8266666666666667
0.06707921414636075,1.5768578052520752,0.8158084343339879,0.6638743038007744,0.6544269138915819,0.6666666666666666
0.04555747842338557,1.0997838973999023,0.8224541526012116,0.781390910287969,0.748600933993328,0.7816666666666666
0.038578850003735475,0.7140878438949585,0.86130698005698,0.8416394879630175,0.8365316952880125,0.8416666666666668
0.050659945874940604,0.6175644397735596,0.8978514139369403,0.8647298262739439,0.8590257427584985,0.8616666666666667
0.02859731669498918,0.24535918235778809,0.9378919032034356,0.9346552984052984,0.9304318825601855,0.9333333333333332
0.01368526391646204,0.4218219518661499,0.9206696516990635,0.9002904965404964,0.8997972324883752,0.8983333333333333
0.008771254234792044,0.1643492579460144,0.9535508935508935,0.9505994468494467,0.9493178853519958,0.9516666666666667
0.006845885813769807,0.156417116522789,0.9548605561105562,0.9532575757575757,0.9513644848981015,0.9533333333333335
0.004460093317902647,0.4345362186431885,0.9480242673992674,0.923279267029267,0.9208636927504189,0.9233333333333335
0.001383642348931365,0.13769760727882385,0.9743867706367707,0.9736411736411736,0.9728739815609838,0.9733333333333333
0.0010932412587862927,0.13016313314437866,0.9775795963295963,0.9770670995670997,0.9766156570048526,0.9766666666666667
0.0005371234807777606,0.12940417230129242,0.982844747844748,0.981439393939394,0.981748985507812,0.9816666666666666
0.0005530657288848791,0.11891303956508636,0.9782151182151182,0.9780723905723906,0.9774793988852842,0.9783333333333334
0.0002848575500138395,0.12050478905439377,0.9800669700669701,0.9799242424242425,0.9794401831990097,0.98
0.0004193528404812241,0.1217929869890213,0.9770577108077108,0.9759890572390573,0.9758454119571796,0.9766666666666667
0.00017343660116845663,0.12464432418346405,0.9784465996965998,0.9778409090909091,0.9776729908148095,0.9783333333333334
0.000154707234135761,0.1253541111946106,0.9765947478447479,0.9764520202020203,0.9760768934386611,0.9766666666666667
0.00010228713404103473,0.12267500162124634,0.9784465996965998,0.9778409090909091,0.9776729908148095,0.9783333333333334
0.0002081781616804316,0.11810161918401718,0.982844747844748,0.981439393939394,0.981748985507812,0.9816666666666666
0.00018438279983001848,0.11915026605129242,0.9797302697302698,0.9785353535353535,0.9786211107303209,0.9783333333333334
0.0001394492376978936,0.11967983841896057,0.9782151182151182,0.9785353535353535,0.9778440858228611,0.9783333333333334
6.1021844809753624e-05,0.1217939481139183,0.9809928959928961,0.9800505050505052,0.9801528881316633,0.98
8.408784799485147e-05,0.11884880065917969,0.9809928959928961,0.9800505050505052,0.9801528881316633,0.98
0.0003084351543899781,0.12869852781295776,0.9762370037370037,0.9744404832640127,0.9746332907450584,0.975
0.0045812385764444725,0.873166561126709,0.920117732119836,0.8420424945424946,0.8540424718922707,0.84
0.015173005157218237,0.7394518852233887,0.8733409828475618,0.8423487786723082,0.8355912232674919,0.8383333333333334
0.06647558445304942,1.0911163091659546,0.8487285909911768,0.7830523126111362,0.778715006105608,0.7783333333333333
0.11605504893426162,0.7441668510437012,0.8484487734487733,0.823139211006858,0.8142095849331414,0.8216666666666667
0.10179678013082594,0.8152657747268677,0.9082424599176518,0.8322421886392474,0.8343799784603938,0.8316666666666667
0.034517639151696734,0.9661636352539062,0.9134817537959918,0.7932609220844515,0.8038092851325566,0.795
0.03972141731840869,0.3803562819957733,0.9334384596884596,0.9185790598290597,0.9192353807017225,0.9183333333333333
0.0166566040716134,0.4493400752544403,0.9150678379354851,0.886384557708087,0.8804527943107087,0.8883333333333333
0.01947232281236211,0.2336239218711853,0.9326001398698766,0.9260590961326255,0.9234069894554335,0.9250000000000002
0.015107067544401312,0.21703562140464783,0.9498719363425246,0.9448875661375662,0.9430977795115045,0.9433333333333334
0.019784307210405434,0.5069787502288818,0.9169067707405639,0.8783630421865715,0.8804862602267005,0.8783333333333333
0.0036896592452346035,0.1522568166255951,0.9551576664076665,0.9517430254930255,0.95088238765205,0.9516666666666667
0.0023627581200950467,0.10440539568662643,0.9710261497761498,0.971907768157768,0.9701747879101926,0.9699999999999999
0.0015703252808331551,0.11427681148052216,0.9740001202501202,0.9720598845598846,0.9720511374096423,0.9716666666666666
0.0018097849333571503,0.11852248758077621,0.9645411070411071,0.9627014189514189,0.9620946263715031,0.9633333333333334
0.0010305361004914932,0.13169154524803162,0.9648199716949716,0.9651815776815776,0.9637814387216616,0.965
0.0007972065535189662,0.12538127601146698,0.9672489084989085,0.9660744348244349,0.9647586327430631,0.965
0.0004367848274947998,0.12438252568244934,0.9703601491101491,0.9697781385281385,0.9683967763045813,0.9683333333333333
0.00020542184544562284,0.11662761867046356,0.9743031505531506,0.9743356180856182,0.9730736504963168,0.9733333333333332
0.00015896201224071169,0.11924334615468979,0.975923520923521,0.9761874699374701,0.9748876127962127,0.9749999999999998
0.00014559805337436652,0.1233983263373375,0.9762265512265512,0.9761874699374701,0.9746891974270139,0.975
0.00010676682002970968,0.1196998879313469,0.9777753727753727,0.9780393217893218,0.9768483971099382,0.9766666666666667
9.94356460068957e-05,0.11599999666213989,0.973953823953824,0.9741041366041365,0.9730939873183767,0.9733333333333332
0.0001429893568456464,0.11029419302940369,0.9758056758056758,0.9759559884559884,0.9750547716321022,0.9749999999999998
0.00012155711715422512,0.11209672689437866,0.973953823953824,0.9741041366041365,0.9730939873183767,0.9733333333333332
0.00012622972424954546,0.1128804013133049,0.9742600917600918,0.9741041366041365,0.9733715357646556,0.9733333333333332
8.437494420832081e-05,0.10984369367361069,0.9710999185999186,0.970830327080327,0.9702399920805941,0.9699999999999999
9.271740918848081e-05,0.10794973373413086,0.9729181004181005,0.9729136604136603,0.9720970106895309,0.9716666666666666
8.013188865637251e-05,0.10923197120428085,0.9739874939874941,0.9738726551226552,0.9731977530231654,0.9733333333333332
5.749225651167459e-05,0.1077318787574768,0.97244190994191,0.9720208032708033,0.9715145171557188,0.9716666666666666
5.895674166822573e-05,0.10890980064868927,0.9739874939874941,0.9738726551226552,0.9731977530231654,0.9733333333333332
4.9461325337081995e-05,0.10895377397537231,0.9758056758056758,0.9759559884559884,0.9750547716321022,0.9749999999999998
9.986261511585326e-05,0.11270355433225632,0.9775901875901876,0.9775763588263588,0.9764894434598282,0.9766666666666667
5.756378216877541e-05,0.10763829201459885,0.9758056758056758,0.9759559884559884,0.9750547716321022,0.9749999999999998
5.598942417843015e-05,0.10813020914793015,0.9774723424723425,0.9773448773448773,0.9766566022957178,0.9766666666666667
0.00010274827430597118,0.10972752422094345,0.9758056758056758,0.9759559884559884,0.9750547716321022,0.9749999999999998
0.00011119008036075684,0.10518770664930344,0.9739874939874941,0.9738726551226552,0.9731977530231654,0.9733333333333332
5.490342762944541e-05,0.10798847675323486,0.9758056758056758,0.9759559884559884,0.9750547716321022,0.9749999999999998
4.887839187025141e-05,0.10957364737987518,0.9758056758056758,0.9759559884559884,0.9750547716321022,0.9749999999999998
4.375497506240814e-05,0.10407069325447083,0.9739874939874941,0.9738726551226552,0.9731977530231654,0.9733333333333332
4.0936668559273436e-05,0.10792922973632812,0.9758056758056758,0.9759559884559884,0.9750547716321022,0.9749999999999998
3.349860522424327e-05,0.10771210491657257,0.9758056758056758,0.9759559884559884,0.9750547716321022,0.9749999999999998
3.3424695175199304e-05,0.10730451345443726,0.9758056758056758,0.9759559884559884,0.9750547716321022,0.9749999999999998
4.2350291342548495e-05,0.11003690958023071,0.9774723424723425,0.9773448773448773,0.9766566022957178,0.9766666666666667
3.1568408113950376e-05,0.1053670272231102,0.9758056758056758,0.9759559884559884,0.9750547716321022,0.9749999999999998
4.283328780729789e-05,0.10883277654647827,0.9774723424723425,0.9773448773448773,0.9766566022957178,0.9766666666666667
3.5323302085998876e-05,0.1084238737821579,0.9774723424723425,0.9773448773448773,0.9766566022957178,0.9766666666666667
5.787193735310817e-05,0.11086734384298325,0.9758056758056758,0.9759559884559884,0.9750547716321022,0.9749999999999998
3.7701129751136854e-05,0.11051425337791443,0.9744636844636845,0.9747655122655122,0.9737802465569775,0.9733333333333332
4.578510830318313e-05,0.11341452598571777,0.9777753727753727,0.9780393217893218,0.9768483971099382,0.9766666666666667
4.426499204631303e-05,0.11098023504018784,0.9729181004181005,0.9729136604136603,0.9720970106895309,0.9716666666666666
5.4819782405957085e-05,0.10639385879039764,0.9710999185999186,0.970830327080327,0.9702399920805941,0.9699999999999999
3.273268566772458e-05,0.10707595944404602,0.9739874939874941,0.9738726551226552,0.9731977530231654,0.9733333333333332
4.510660943424227e-05,0.10975828021764755,0.9774723424723425,0.9773448773448773,0.9766566022957178,0.9766666666666667
4.187683261610194e-05,0.10720370709896088,0.9739874939874941,0.9738726551226552,0.9731977530231654,0.9733333333333332
1.921633853877817e-05,0.10761597752571106,0.9756541606541608,0.975261544011544,0.974799583686781,0.9749999999999998
3.6431550521835256e-05,0.10521982610225677,0.9770430495430497,0.9764520202020203,0.9760811188451278,0.9766666666666666
4.781623780066487e-05,0.10801391303539276,0.9774723424723425,0.9773448773448773,0.9766566022957178,0.9766666666666667
2.4094184103281197e-05,0.1073017343878746,0.9741085766085767,0.9734096921596921,0.9731163478193344,0.9733333333333332
2.8923154028840752e-05,0.1075296401977539,0.9739874939874941,0.9738726551226552,0.9731977530231654,0.9733333333333332
1.4318029116111575e-05,0.10649661719799042,0.9739874939874941,0.9738726551226552,0.9731977530231654,0.9733333333333332
2.7745763645725674e-05,0.10518042743206024,0.9756541606541608,0.975261544011544,0.974799583686781,0.9749999999999998
3.049751129916937e-05,0.10343246906995773,0.97244190994191,0.9720208032708033,0.9715145171557188,0.9716666666666666
3.9639472921256434e-05,0.10497032850980759,0.9774723424723425,0.9773448773448773,0.9766566022957178,0.9766666666666667
1.8239617276094577e-05,0.10684230923652649,0.9774723424723425,0.9773448773448773,0.9766566022957178,0.9766666666666667
1.7968018653391482e-05,0.10591201484203339,0.9774723424723425,0.9773448773448773,0.9766566022957178,0.9766666666666667
2.0752350565089728e-05,0.10904111713171005,0.9791642616642616,0.9791967291967292,0.9782857657841489,0.9783333333333335
1.650611568493332e-05,0.10680849850177765,0.9758056758056758,0.9759559884559884,0.9750547716321022,0.9749999999999998
2.6365518294824142e-05,0.10387899726629257,0.9739874939874941,0.9738726551226552,0.9731977530231654,0.9733333333333332
2.2860963819463603e-05,0.10806004703044891,0.9774723424723425,0.9773448773448773,0.9766566022957178,0.9766666666666667
2.9220581268418755e-05,0.10563495755195618,0.9774723424723425,0.9773448773448773,0.9766566022957178,0.9766666666666667
1.572748042614573e-05,0.10456504672765732,0.9756541606541608,0.975261544011544,0.974799583686781,0.9749999999999998
1.169602073976724e-05,0.10536101460456848,0.9723671236171237,0.9720208032708033,0.9713837907232695,0.9716666666666666
1.6507506520232102e-05,0.105802983045578,0.9774723424723425,0.9773448773448773,0.9766566022957178,0.9766666666666667
1.7160574581491044e-05,0.10738755762577057,0.9774723424723425,0.9773448773448773,0.9766566022957178,0.9766666666666667
1.739641034722202e-05,0.10443556308746338,0.9756541606541608,0.975261544011544,0.974799583686781,0.9749999999999998
9.881218156237992e-05,0.10572950541973114,0.9756541606541608,0.975261544011544,0.974799583686781,0.9749999999999998
9.36643284035199e-05,0.11243987083435059,0.9829858104858104,0.9831319143819144,0.9820401755757103,0.9816666666666668
1.650770517850712e-05,0.12410136312246323,0.9692784992784992,0.9689784752284751,0.9681552015987448,0.9683333333333333
0.000476446729332262,0.751994788646698,0.9501560719981773,0.9209848022348023,0.9142549643023686,0.9183333333333333
0.08363452485885621,39.80389404296875,0.06004713804713805,0.10545033670033671,0.027961563219675314,0.105
0.32286921453972656,4.736745357513428,0.5363580171370027,0.420116003277768,0.3531594137307885,0.41666666666666674
0.2581571079790592,1.902945876121521,0.7362632187501883,0.6290842354812943,0.600422853944841,0.6383333333333333
0.11450473145426561,0.3337201476097107,0.9228712572830219,0.9140655178155178,0.9110381639091175,0.915
0.0327906699385494,0.4083983898162842,0.9072261534761537,0.8984691098661687,0.8948388152346682,0.8966666666666668
0.053135113848838955,0.5168516039848328,0.9299892635457652,0.9087708587708588,0.9095089126136374,0.91
0.031231505641092856,0.3780694901943207,0.9137570068820069,0.8999438986938988,0.8965588987461701,0.9016666666666667
0.007996315131701218,0.2134522795677185,0.9531946756946756,0.9463973063973063,0.9466280916233244,0.9466666666666668
0.0018837822608475108,0.20220345258712769,0.9564195526695527,0.9556433381433381,0.9526477594016405,0.9533333333333335
0.0017795086793436592,0.1661985069513321,0.9607062844562845,0.9603136678136678,0.9593720524636066,0.9599999999999999
0.0018960605830216082,0.17997196316719055,0.9616007603507605,0.9617626817626818,0.9601719644250828,0.96
0.0005474418424758672,0.17078790068626404,0.9704321604321605,0.969515207015207,0.9688160673180305,0.9683333333333333
0.0007943990835883596,0.1669907420873642,0.9652932715432717,0.964376318126318,0.9636459204390397,0.9633333333333333
0.00021659751610059175,0.16636084020137787,0.9691695341695342,0.9674318736818736,0.9670461946785925,0.9666666666666667
0.00022942523022114378,0.16393595933914185,0.9691695341695342,0.9674318736818736,0.9670461946785925,0.9666666666666667
0.0006647749693608299,0.16552041471004486,0.9682134994634995,0.9683383745883746,0.9673085875829965,0.9666666666666667
0.00019351005569963794,0.15640060603618622,0.9753511766011767,0.9741642616642617,0.9738448560595216,0.9733333333333332
0.00016536931313263872,0.15446852147579193,0.9740885503385504,0.9720809283309283,0.9720749834200837,0.9716666666666666
0.0001484386127685866,0.15590254962444305,0.9719136419136419,0.971367058867059,0.9707904681894902,0.9699999999999999
0.00036784817431604705,0.15140293538570404,0.9718342768342768,0.9712155437155437,0.970876037477958,0.9699999999999999
0.00027115464354210417,0.15705332159996033,0.9705716505716505,0.9697003922003923,0.9693442600766153,0.9683333333333333
0.0001787567142249221,0.16362376511096954,0.9726070688570689,0.9702290764790765,0.970100582548624,0.9699999999999999
0.0001678309851437613,0.16497987508773804,0.9726070688570689,0.9702290764790765,0.970100582548624,0.9699999999999999
0.00022373497692266633,0.17930850386619568,0.9666562604062604,0.9669494856994857,0.9658721049623034,0.965
0.000205410919534188,0.17742565274238586,0.9618246105746106,0.9611624486624485,0.9604985682536272,0.96
6.355762457133096e-05,0.17691181600093842,0.9635518185518186,0.9624444999445,0.9619790442046914,0.9616666666666666
8.089045597140891e-05,0.17773374915122986,0.96881179006179,0.9674318736818738,0.9670217940531689,0.9666666666666667
9.301702137539299e-05,0.17472273111343384,0.96881179006179,0.9674318736818738,0.9670217940531689,0.9666666666666667
0.004432343045361146,0.24737337231636047,0.950364404114404,0.9473402985902984,0.9460321653737996,0.9483333333333333
0.0022307216930433547,0.22343294322490692,0.961105144855145,0.9577553465053464,0.9573920469915443,0.9566666666666667
0.003504156277055396,0.32855063676834106,0.9360616868511605,0.9315482665482667,0.9287713077702517,0.93
0.005791859881507359,0.21117930114269257,0.9629055435305435,0.9595725108225107,0.9597659216835305,0.9583333333333334
0.013607851115314892,0.45915865898132324,0.9425319084510261,0.9320919820919822,0.9325761300999759,0.9316666666666666
0.04588172592654397,0.4745944142341614,0.9248271173271173,0.906213924963925,0.9042066223115821,0.91
0.020748317590914667,0.42471981048583984,0.9299645887881183,0.9117509043244337,0.9121199979166956,0.9133333333333332
0.022365557356048765,0.5570350885391235,0.901953171097908,0.8843312705812706,0.8831273280645223,0.8850000000000001
0.027321300342009636,0.8505028486251831,0.8870072781485825,0.8851456413956414,0.8636796586999883,0.8833333333333333
0.030209857708541676,0.4087046980857849,0.9274204050306992,0.9118891293891295,0.9089676795759588,0.91
0.02225421360587158,0.3441356122493744,0.9403212296962297,0.9256981145216439,0.9250854853261535,0.9250000000000002
0.03234170697396621,0.2398417592048645,0.942250296000296,0.934928513752043,0.9345227847492059,0.9366666666666666
0.02721546622099898,0.24889159202575684,0.9378205761100499,0.9342686942686943,0.933655163962651,0.9333333333333335
0.007100942346975596,0.20630156993865967,0.9510003738951108,0.9484898897398898,0.9478748353976342,0.9483333333333333
0.002306666860022233,0.18514953553676605,0.9580371103068471,0.952802244052244,0.9531864426305452,0.9533333333333333
0.005159848222623016,0.15678082406520844,0.9583023311970681,0.9546861471861471,0.9553548706980752,0.9550000000000001
0.0030504280657623895,0.1411132514476776,0.9693850447797816,0.9650827875827876,0.9660552572748539,0.965
0.001404280356837262,0.17677301168441772,0.969142662892663,0.9670803270803271,0.9670991562788976,0.9666666666666667
0.0005297904244798701,0.14666050672531128,0.9741122303622304,0.9728805916305916,0.9722478549433163,0.9716666666666667
0.0005632791941631391,0.1517694592475891,0.9718420930920931,0.9703342953342954,0.9698514964322721,0.9699999999999999
0.00015669236548395324,0.14596816897392273,0.9743252118252119,0.9719877344877346,0.9719408668428501,0.9716666666666667
0.00015637477122254495,0.15141715109348297,0.9722881747881749,0.9701358826358827,0.9699858158165916,0.9699999999999999
0.00012216309687573812,0.1527392864227295,0.9740170015170015,0.9715247715247716,0.97148509431587,0.9716666666666666
0.00012855549630330643,0.14780351519584656,0.9729181004181005,0.9696729196729197,0.9696197097004854,0.9699999999999999
0.0016729784561751633,0.1508040875196457,0.972964812964813,0.9697991822991824,0.9698043374720697,0.9700000000000001
0.0002952571721834829,0.15011975169181824,0.9742358567358568,0.9716299903799904,0.9720791584792234,0.9716666666666667
0.0003042677083916108,0.16137155890464783,0.9697078847078847,0.966504329004329,0.9668644679331178,0.9666666666666667
0.00019442141137915314,0.14576466381549835,0.9721988196988197,0.9697781385281385,0.970124107452965,0.9700000000000001
0.0001761989815349807,0.14416007697582245,0.975592093092093,0.9725889850889852,0.9732075644914168,0.9733333333333333
9.070158125723538e-05,0.14525680243968964,0.9712230362230363,0.9676948051948052,0.9682754026773858,0.9683333333333333
0.00010291775004134252,0.14898565411567688,0.9712230362230363,0.9676948051948052,0.9682754026773858,0.9683333333333333
7.543007529875467e-05,0.1477544754743576,0.970671041921042,0.9683892496392495,0.9685222767893494,0.9683333333333333
0.00012459317660310867,0.1440686285495758,0.969139702889703,0.9663059163059163,0.9666929218589715,0.9666666666666667
0.00022872547433886817,0.14161540567874908,0.9760540385540386,0.9733766233766233,0.9735236875309338,0.9733333333333333
4.9909154578623806e-05,0.1397145539522171,0.9760540385540386,0.9733766233766233,0.9735236875309338,0.9733333333333333
0.00011999030967520714,0.13566914200782776,0.9744210419210418,0.97129329004329,0.9717756013838708,0.9716666666666666
5.321025842401165e-05,0.14037278294563293,0.9744210419210418,0.97129329004329,0.9717756013838708,0.9716666666666666
6.959756221173545e-05,0.14528322219848633,0.9742021867021867,0.9715247715247716,0.9715629032172083,0.9716666666666666
9.221275746540414e-05,0.14009152352809906,0.9728897028897029,0.9692099567099567,0.9699462464534928,0.9699999999999999
6.933728892969764e-05,0.14716792106628418,0.9712230362230363,0.9676948051948052,0.9682754026773858,0.9683333333333333
6.154318651852009e-05,0.14382553100585938,0.9712230362230363,0.9676948051948052,0.9682754026773858,0.9683333333333333
7.571438957635716e-05,0.14081929624080658,0.9724856624856625,0.9697781385281385,0.9700452753168237,0.9699999999999999
5.81814836095873e-05,0.1421205997467041,0.9712230362230363,0.9676948051948052,0.9682754026773858,0.9683333333333333
2.6183327198244417e-05,0.1467825323343277,0.9712230362230363,0.9676948051948052,0.9682754026773858,0.9683333333333333
4.237075719023172e-05,0.14947417378425598,0.9712230362230363,0.9676948051948052,0.9682754026773858,0.9683333333333333
5.4075916144332346e-05,0.14633354544639587,0.9712230362230363,0.9676948051948052,0.9682754026773858,0.9683333333333333
6.292859768564085e-05,0.14208728075027466,0.9712230362230363,0.9676948051948052,0.9682754026773858,0.9683333333333333
5.02045959744161e-05,0.14161726832389832,0.9712230362230363,0.9676948051948052,0.9682754026773858,0.9683333333333333
4.563828328703797e-05,0.14525708556175232,0.969139702889703,0.9663059163059163,0.9666929218589715,0.9666666666666667
3.8441419538533715e-05,0.13867375254631042,0.969139702889703,0.9663059163059163,0.9666929218589715,0.9666666666666667
2.8097827803700664e-05,0.1394800990819931,0.9704023291523293,0.9683892496392498,0.9684627944984094,0.9683333333333333
2.667367484339896e-05,0.14014635980129242,0.9712230362230363,0.9676948051948052,0.9682754026773858,0.9683333333333333
2.755105487040055e-05,0.1381792277097702,0.9712230362230363,0.9676948051948052,0.9682754026773858,0.9683333333333333
2.2361080008674133e-05,0.14653775095939636,0.9712230362230363,0.9676948051948052,0.9682754026773858,0.9683333333333333
2.7866363552675466e-05,0.13832078874111176,0.969139702889703,0.9663059163059163,0.9666929218589715,0.9666666666666667
2.629776802602161e-05,0.14649921655654907,0.9712230362230363,0.9676948051948052,0.9682754026773858,0.9683333333333333
2.8985340970659006e-05,0.13954763114452362,0.9707568357568358,0.9683892496392498,0.9685459968175453,0.9683333333333333
1.9171039160899756e-05,0.14205190539360046,0.969139702889703,0.9663059163059163,0.9666929218589715,0.9666666666666667
1.7661849625483228e-05,0.1406433880329132,0.969139702889703,0.9663059163059163,0.9666929218589715,0.9666666666666667
1.9719203512143697e-05,0.14131133258342743,0.9712230362230363,0.9676948051948052,0.9682754026773858,0.9683333333333333
2.3820002960898517e-05,0.1463298499584198,0.969139702889703,0.9663059163059163,0.9666929218589715,0.9666666666666667
2.5829076757114915e-05,0.1412346363067627,0.970685286935287,0.9681577681577682,0.9683761577264179,0.9683333333333333
2.8662084948412787e-05,0.14577613770961761,0.9712230362230363,0.9676948051948052,0.9682754026773858,0.9683333333333333
4.6593745859505965e-05,0.14721819758415222,0.9712230362230363,0.9676948051948052,0.9682754026773858,0.9683333333333333
3.067493404766234e-05,0.14802759885787964,0.9712230362230363,0.9676948051948052,0.9682754026773858,0.9683333333333333
3.373185744711312e-05,0.14747345447540283,0.969139702889703,0.9663059163059163,0.9666929218589715,0.9666666666666667
2.8200944010829215e-05,0.14949025213718414,0.9712230362230363,0.9676948051948052,0.9682754026773858,0.9683333333333333
1.718362169829864e-05,0.15156850218772888,0.9712230362230363,0.9676948051948052,0.9682754026773858,0.9683333333333333
1.4837980216952928e-05,0.14771327376365662,0.9712230362230363,0.9676948051948052,0.9682754026773858,0.9683333333333333
3.707289755539023e-05,0.1549815833568573,0.9712230362230363,0.9676948051948052,0.9682754026773858,0.9683333333333333
1.5295346476780953e-05,0.14553257822990417,0.9712230362230363,0.9676948051948052,0.9682754026773858,0.9683333333333333
3.4226973828784445e-05,0.14787910878658295,0.969139702889703,0.9663059163059163,0.9666929218589715,0.9666666666666667
8.211374111984544e-05,0.14354990422725677,0.9704023291523293,0.9683892496392498,0.9684627944984094,0.9683333333333333
2.0888447825958185e-05,0.1395643800497055,0.9712036112036112,0.9683892496392498,0.9686539709689977,0.9683333333333333
4.739026258941218e-05,0.1390741765499115,0.9712230362230363,0.9676948051948052,0.9682754026773858,0.9683333333333333
1.4701882993980083e-05,0.14389044046401978,0.969940984940985,0.9663059163059163,0.9668840983295598,0.9666666666666667
2.165079117825523e-05,0.1430918425321579,0.970671041921042,0.9683892496392495,0.9685222767893494,0.9683333333333333
2.387523638465912e-05,0.14303210377693176,0.9724856624856625,0.9697781385281385,0.9700452753168237,0.9699999999999999
1.6166567860409486e-05,0.14272107183933258,0.9704023291523293,0.9683892496392498,0.9684627944984094,0.9683333333333333
1.3940731596070085e-05,0.14355701208114624,0.9693889906389908,0.9670003607503608,0.9671309724415234,0.9666666666666667
4.2819976357577616e-05,0.15063565969467163,0.969139702889703,0.9663059163059163,0.9666929218589715,0.9666666666666667
1.594702409117114e-05,0.14375756680965424,0.9693889906389908,0.9670003607503608,0.9671309724415234,0.9666666666666667
2.710978249827652e-05,0.1439937949180603,0.969139702889703,0.9663059163059163,0.9666929218589715,0.9666666666666667
1.2641549067401078e-05,0.1436368227005005,0.969139702889703,0.9663059163059163,0.9666929218589715,0.9666666666666667
1.8774867224162033e-05,0.14533951878547668,0.969139702889703,0.9663059163059163,0.9666929218589715,0.9666666666666667
8.754730174587166e-06,0.14539191126823425,0.9678576516076515,0.9649170274170275,0.9653016175111454,0.9649999999999999
2.6787122005581903e-05,0.14395008981227875,0.9704023291523293,0.9683892496392498,0.9684627944984094,0.9683333333333333
2.303560595843616e-05,0.1537473201751709,0.969139702889703,0.9663059163059163,0.9666929218589715,0.9666666666666667
1.7298857462340795e-05,0.14776204526424408,0.969139702889703,0.9663059163059163,0.9666929218589715,0.9666666666666667
2.0854870570019557e-05,0.14784306287765503,0.9704023291523293,0.9683892496392498,0.9684627944984094,0.9683333333333333
1.916468120081542e-05,0.15125137567520142,0.969139702889703,0.9663059163059163,0.9666929218589715,0.9666666666666667
1.0828574488641607e-05,0.1507253646850586,0.969139702889703,0.9663059163059163,0.9666929218589715,0.9666666666666667
8.470813384064968e-06,0.14595896005630493,0.9712230362230363,0.9676948051948052,0.9682754026773858,0.9683333333333333
1.2756387396469412e-05,0.1486230492591858,0.969139702889703,0.9663059163059163,0.9666929218589715,0.9666666666666667
1.1628468679229323e-05,0.14562298357486725,0.969139702889703,0.9663059163059163,0.9666929218589715,0.9666666666666667
8.906722020659194e-06,0.14845341444015503,0.9712230362230363,0.9676948051948052,0.9682754026773858,0.9683333333333333
1.1665821015564385e-05,0.14794808626174927,0.969139702889703,0.9663059163059163,0.9666929218589715,0.9666666666666667
2.5573770599862655e-05,0.14947167038917542,0.9704023291523293,0.9683892496392498,0.9684627944984094,0.9683333333333333
1.108646390927485e-05,0.14840857684612274,0.9704023291523293,0.9683892496392498,0.9684627944984094,0.9683333333333333
1.034736619232035e-05,0.1465674489736557,0.969139702889703,0.9663059163059163,0.9666929218589715,0.9666666666666667
4.5865775239425e-05,0.14747831225395203,0.969139702889703,0.9663059163059163,0.9666929218589715,0.9666666666666667
1.109480847105715e-05,0.15064045786857605,0.9712230362230363,0.9676948051948052,0.9682754026773858,0.9683333333333333
8.158087688059368e-06,0.14639198780059814,0.969139702889703,0.9663059163059163,0.9666929218589715,0.9666666666666667
4.141986344545027e-05,0.14531511068344116,0.969139702889703,0.9663059163059163,0.9666929218589715,0.9666666666666667
8.014241783390238e-06,0.14788813889026642,0.969139702889703,0.9663059163059163,0.9666929218589715,0.9666666666666667
1.0265112033872962e-05,0.15012775361537933,0.969139702889703,0.9663059163059163,0.9666929218589715,0.9666666666666667
2.0031531661857116e-05,0.1441730260848999,0.9704023291523293,0.9683892496392498,0.9684627944984094,0.9683333333333333
9.632905327331779e-06,0.14845581352710724,0.9708063695563696,0.9683892496392495,0.9685183186843683,0.9683333333333333
9.13063681669731e-06,0.14981523156166077,0.9704023291523293,0.9683892496392498,0.9684627944984094,0.9683333333333333
1.0158816986442313e-05,0.14775709807872772,0.970671041921042,0.9683892496392495,0.9685222767893494,0.9683333333333333
1.2230674405107797e-05,0.1500210464000702,0.9704023291523293,0.9683892496392498,0.9684627944984094,0.9683333333333333
1.3205210256235963e-05,0.1488594114780426,0.969139702889703,0.9663059163059163,0.9666929218589715,0.9666666666666667
6.363590557612042e-06,0.14955450594425201,0.969139702889703,0.9663059163059163,0.9666929218589715,0.9666666666666667
7.951656925797579e-06,0.14996325969696045,0.9704023291523293,0.9683892496392498,0.9684627944984094,0.9683333333333333
7.991989429948868e-06,0.14827637374401093,0.9704023291523293,0.9683892496392498,0.9684627944984094,0.9683333333333333
6.947716068831748e-06,0.15060222148895264,0.970671041921042,0.9683892496392495,0.9685222767893494,0.9683333333333333
8.864800120041613e-06,0.14749586582183838,0.969139702889703,0.9663059163059163,0.9666929218589715,0.9666666666666667
8.120139521376283e-06,0.14809894561767578,0.969139702889703,0.9663059163059163,0.9666929218589715,0.9666666666666667
9.663701064255292e-06,0.15645769238471985,0.969139702889703,0.9663059163059163,0.9666929218589715,0.9666666666666667
1.909653366756932e-05,0.15417134761810303,0.9704023291523293,0.9683892496392498,0.9684627944984094,0.9683333333333333
8.204181973781033e-06,0.1498541384935379,0.9704023291523293,0.9683892496392498,0.9684627944984094,0.9683333333333333
5.8617194819513925e-06,0.15014123916625977,0.969139702889703,0.9663059163059163,0.9666929218589715,0.9666666666666667
6.4478318459274915e-06,0.15249991416931152,0.969139702889703,0.9663059163059163,0.9666929218589715,0.9666666666666667
5.280375418692529e-06,0.14938026666641235,0.9704023291523293,0.9683892496392498,0.9684627944984094,0.9683333333333333
8.40703650813642e-06,0.1546141356229782,0.9704023291523293,0.9683892496392498,0.9684627944984094,0.9683333333333333
7.429718796932623e-06,0.1531534492969513,0.9704023291523293,0.9683892496392498,0.9684627944984094,0.9683333333333333
3.9857227373355876e-05,0.16090673208236694,0.9686735024235026,0.9670003607503609,0.9669635159991311,0.9666666666666667
1.1701981378564597e-05,0.15438207983970642,0.9708063695563696,0.9683892496392495,0.9685183186843683,0.9683333333333333
8.82546107069023e-06,0.15599074959754944,0.9674108761608763,0.9649170274170276,0.9651936433596932,0.965
1.7589529479759374e-05,0.1571139246225357,0.969139702889703,0.9663059163059163,0.9666929218589715,0.9666666666666667
1.0833740314334742e-05,0.15780910849571228,0.9703595941095942,0.9678210678210678,0.9681625874590719,0.9683333333333333
6.835460716558828e-06,0.1556408405303955,0.9736307673807674,0.971756253006253,0.9717300750509236,0.9716666666666666
8.352796214694536e-06,0.1526314616203308,0.969139702889703,0.9663059163059163,0.9666929218589715,0.9666666666666667
0.00011555632245337695,0.1757744550704956,0.9684293946793948,0.966967291967292,0.9670207060936186,0.9666666666666667
1.1921525154908371e-05,0.20090775191783905,0.9682762607762608,0.9666305916305916,0.9666399769903831,0.9666666666666667
2.052267396853343e-05,0.18885323405265808,0.9682762607762608,0.9666305916305916,0.9666399769903831,0.9666666666666667
5.020499268463634e-06,0.17961274087429047,0.9688923576423578,0.9667688792688794,0.9671680442311529,0.9666666666666667
9.810725823437375e-06,0.1875234693288803,0.9699892237392239,0.9684824434824435,0.9686007613041085,0.9683333333333333
1.0469754622969655e-05,0.18159610033035278,0.9687693325193326,0.966967291967292,0.9671310957040081,0.9666666666666667
1.275996394175157e-05,0.17949603497982025,0.9687693325193326,0.966967291967292,0.9671310957040081,0.9666666666666667
1.571178430500216e-05,0.17962674796581268,0.9688923576423578,0.9667688792688794,0.9671680442311529,0.9666666666666667
6.358027476949246e-06,0.1797270029783249,0.970154983904984,0.9688522126022128,0.9689379168705908,0.9683333333333333
5.218784082217098e-06,0.17802640795707703,0.9683031320531321,0.9676617364117366,0.9674016898441676,0.9666666666666667
1.0686119646644935e-05,0.18487517535686493,0.9670563695563695,0.9651154401154401,0.9651703113902826,0.965
7.000565418024962e-06,0.17958477139472961,0.9683031320531321,0.9676617364117366,0.9674016898441676,0.9666666666666667
1.1530518664907655e-05,0.18713107705116272,0.9653275428275429,0.9637265512265514,0.9636710328910043,0.9633333333333334
5.178451542538672e-06,0.18237173557281494,0.9670405057905059,0.9655784030784033,0.9656318172047298,0.965
7.608731600328156e-06,0.18107490241527557,0.9653275428275429,0.9637265512265514,0.9636710328910043,0.9633333333333334
7.99139329406747e-06,0.18210898339748383,0.9670563695563695,0.9651154401154401,0.9651703113902826,0.965
3.2383203425467855e-06,0.17488855123519897,0.9674108761608763,0.9649170274170276,0.9651936433596932,0.965
7.017056113056697e-06,0.17294536530971527,0.9674108761608763,0.9649170274170276,0.9651936433596932,0.965
4.744529706594373e-06,0.18067006766796112,0.9653275428275429,0.9637265512265514,0.9636710328910043,0.9633333333333334
6.216963093663708e-06,0.17742326855659485,0.9653275428275429,0.9637265512265514,0.9636710328910043,0.9633333333333334
5.3056080998222415e-06,0.17322194576263428,0.9674108761608763,0.9649170274170276,0.9651936433596932,0.965
4.3012698730156744e-06,0.1793501377105713,0.9653275428275429,0.9637265512265514,0.9636710328910043,0.9633333333333334
5.16295432125465e-06,0.1767309159040451,0.9653275428275429,0.9637265512265514,0.9636710328910043,0.9633333333333334
5.96662373790006e-06,0.18180739879608154,0.97000185000185,0.968713924963925,0.9685242287147883,0.9683333333333333
4.272460948584467e-06,0.17646920680999756,0.9670405057905059,0.9655784030784033,0.9656318172047298,0.965
1.3876954968831493e-05,0.1757722944021225,0.9670405057905059,0.9655784030784033,0.9656318172047298,0.965
1.84228022585368e-05,0.19570109248161316,0.9682762607762608,0.9666305916305916,0.9666399769903831,0.9666666666666667
1.0964472970442785e-05,0.1864650547504425,0.9665901690901691,0.9658098845598847,0.9654409055304422,0.965
1.263280689537775e-05,0.1755269467830658,0.9686735024235026,0.9670003607503609,0.9669635159991311,0.9666666666666667
6.12835086262938e-06,0.16783949732780457,0.9683031320531321,0.9676617364117366,0.9674016898441676,0.9666666666666667
4.788637179823733e-06,0.17088618874549866,0.970154983904984,0.9688522126022128,0.9689379168705908,0.9683333333333333
3.921190850538399e-06,0.17528873682022095,0.9702207052207052,0.9692821067821068,0.9687477524677237,0.9683333333333333
3.8079421192567984e-06,0.18062913417816162,0.9670563695563695,0.9651154401154401,0.9651703113902826,0.965
7.387598262909023e-06,0.17770634591579437,0.9702207052207052,0.9692821067821068,0.9687477524677237,0.9683333333333333
5.484024690360911e-06,0.17283979058265686,0.9723040385540386,0.970472582972583,0.9702703629364126,0.9699999999999999
6.88652204180092e-06,0.16713927686214447,0.970154983904984,0.9688522126022128,0.9689379168705908,0.9683333333333333
2.417564428943327e-06,0.16873043775558472,0.966858881858882,0.9658098845598846,0.9655003878213823,0.965
5.9396028149194535e-06,0.1774335354566574,0.9702207052207052,0.9692821067821068,0.9687477524677237,0.9683333333333333
6.913145464082504e-06,0.17356503009796143,0.969139702889703,0.9663059163059163,0.9666929218589715,0.9666666666666667
2.636313435999682e-06,0.17397992312908173,0.969139702889703,0.9663059163059163,0.9666929218589715,0.9666666666666667
2.2510687358590076e-06,0.16846923530101776,0.970154983904984,0.9688522126022128,0.9689379168705908,0.9683333333333333
3.7395954279872967e-06,0.168756902217865,0.9686735024235026,0.9670003607503609,0.9669635159991311,0.9666666666666667
2.8667847331576013e-06,0.16810767352581024,0.9739707052207053,0.9725559163059163,0.9720957597618094,0.9716666666666666
3.292759245709931e-06,0.17028725147247314,0.9723040385540386,0.970472582972583,0.9702703629364126,0.9699999999999999
3.934303885936667e-06,0.16995762288570404,0.9723377085877086,0.970472582972583,0.9703476736147462,0.9699999999999999
1.1255144710749695e-05,0.16880178451538086,0.970671041921042,0.9683892496392495,0.9685222767893494,0.9683333333333333
5.197326225688433e-06,0.17564426362514496,0.9685877085877087,0.9671987734487734,0.9669996663206607,0.9666666666666667
9.468992588542354e-06,0.1665116548538208,0.9754521867021868,0.9744077681577682,0.9740701606332691,0.9733333333333333
3.69628269917636e-06,0.16903649270534515,0.9739707052207053,0.9725559163059163,0.9720957597618094,0.9716666666666666
2.5341907961736374e-06,0.17347761988639832,0.9739707052207053,0.9725559163059163,0.9720957597618094,0.9716666666666666
4.156231888430284e-06,0.1738596260547638,0.9739707052207053,0.9725559163059163,0.9720957597618094,0.9716666666666666
5.827347494620956e-06,0.1725568026304245,0.9739707052207053,0.9725559163059163,0.9720957597618094,0.9716666666666666
4.5790275038370964e-06,0.17322075366973877,0.9739707052207053,0.9725559163059163,0.9720957597618094,0.9716666666666666
4.7125418577801765e-06,0.17698583006858826,0.9739707052207053,0.9725559163059163,0.9720957597618094,0.9716666666666666
2.6702880890165184e-06,0.17585235834121704,0.9739707052207053,0.9725559163059163,0.9720957597618094,0.9716666666666666
2.9359261001597283e-06,0.1711258739233017,0.9708063695563696,0.9683892496392495,0.9685183186843683,0.9683333333333333
4.491607361008694e-06,0.17224451899528503,0.9739707052207053,0.9725559163059163,0.9720957597618094,0.9716666666666666
5.638201987068214e-06,0.17362485826015472,0.9739707052207053,0.9725559163059163,0.9720957597618094,0.9716666666666666
1.8304586054303702e-06,0.17903004586696625,0.9739707052207053,0.9725559163059163,0.9720957597618094,0.9716666666666666
5.389650761837099e-06,0.18056581914424896,0.9739707052207053,0.9725559163059163,0.9720957597618094,0.9716666666666666
3.010233241340643e-06,0.18568822741508484,0.9739707052207053,0.9725559163059163,0.9720957597618094,0.9716666666666666
2.8489033390144414e-06,0.17534105479717255,0.9739707052207053,0.9725559163059163,0.9720957597618094,0.9716666666666666
2.028942107064798e-06,0.1794348657131195,0.9739707052207053,0.9725559163059163,0.9720957597618094,0.9716666666666666
6.584326461241592e-06,0.1779041886329651,0.9739707052207053,0.9725559163059163,0.9720957597618094,0.9716666666666666
4.957119705532402e-06,0.18070700764656067,0.9723377085877086,0.970472582972583,0.9703476736147462,0.9699999999999999
1.7415483801149396e-05,0.18934708833694458,0.9718747456247456,0.9699044011544012,0.9699951992916837,0.9699999999999999
1.6915798243625584e-06,0.19118951261043549,0.9754858567358567,0.9740710678210678,0.9736902763563261,0.9733333333333333
9.27786026020764e-06,0.1863282173871994,0.9754858567358567,0.9740710678210678,0.9736902763563261,0.9733333333333333
2.5779008427188424e-06,0.18558859825134277,0.9754858567358567,0.9740710678210678,0.9736902763563261,0.9733333333333333
6.529490136131244e-06,0.1933223307132721,0.9754858567358567,0.9740710678210678,0.9736902763563261,0.9733333333333333
0.0018222202403232284,0.5271603465080261,0.9283550531712296,0.9140086003321297,0.913222264083639,0.9133333333333334
0.44968821203807846,4.3580522537231445,0.6516860227401274,0.5249679405561758,0.46771841274348164,0.5283333333333333
0.30496962616841,8.87281608581543,0.7654589969017368,0.5406056797233267,0.5551943153374878,0.5383333333333334
0.11180471039066713,0.3687743842601776,0.8919191687941687,0.8859413734413734,0.8806192026222422,0.8833333333333333
0.02854271576507017,0.23896217346191406,0.9426501507751509,0.9346591534826829,0.9342898764868973,0.9366666666666666
0.006877200477902079,0.2397896647453308,0.9407330486277855,0.9366434491434492,0.9355767914036829,0.9366666666666666
0.006649596954957815,0.20219141244888306,0.955185138935139,0.952826479076479,0.9517350316522144,0.9516666666666667
0.0011266097444604384,0.1949819028377533,0.9482134763384763,0.9449098124098124,0.9433864116811123,0.9433333333333332
0.0033804445683927042,0.3856624960899353,0.9306057712210963,0.9183507696007696,0.9170145694770353,0.9216666666666667
0.002673779206816107,0.38171860575675964,0.935299630924631,0.9250014500749795,0.9230553845082716,0.9216666666666667
0.0021720867947199927,0.20485518872737885,0.9567176804676806,0.9536604136604137,0.9527249505474593,0.9533333333333331
0.0009970813058923038,0.2079978585243225,0.954995744995745,0.9491949254449255,0.9481113186932385,0.9466666666666667
0.0007258186277188846,0.18332503736019135,0.9645735745735746,0.964580327080327,0.9634727482070762,0.9633333333333334
0.00047678262262706994,0.1918644905090332,0.9648976486476487,0.9622661135161136,0.9622921487165779,0.9616666666666666
0.0005100208453162244,0.17964589595794678,0.9646198708698709,0.9639658489658491,0.9630401516214434,0.9633333333333333
0.0002757897943107916,0.19315066933631897,0.9675329762829762,0.9655531505531506,0.9652936058974669,0.965
0.00047647884260489565,0.18602757155895233,0.9701054963554964,0.9693620731120731,0.9683975907847672,0.9666666666666668
0.00035982310972334136,0.20248036086559296,0.9640144577644577,0.964500962000962,0.9628395555581023,0.9633333333333334
0.00020666907312261174,0.19183766841888428,0.9651896714396715,0.9646272246272248,0.963716985317885,0.9633333333333333
0.00015737851405598727,0.19328078627586365,0.9666070503570504,0.9655531505531506,0.9647894042167945,0.965
0.00018291940394495518,0.1845674216747284,0.9651896714396715,0.9646272246272248,0.963716985317885,0.9633333333333333
0.0004084847392581044,0.19750773906707764,0.9640785603285603,0.962960557960558,0.9622549970137914,0.9616666666666666
0.00047953039120329777,0.1912093162536621,0.964308423058423,0.9632714045214046,0.9626228412953298,0.9633333333333333
0.00029734373492829036,0.1802571713924408,0.9693689643689645,0.9665121452621452,0.9669976501560722,0.9666666666666668
0.00047084382026696403,0.2104773223400116,0.9588473100973101,0.9556253006253006,0.9552664399774823,0.9550000000000001
0.00019443531990267124,0.19502460956573486,0.9651008713508714,0.9632046657046657,0.9621263837755611,0.9616666666666666
0.0004799837864387276,0.20517180860042572,0.9691533466533467,0.9676827801827802,0.9669980597359563,0.9666666666666667
0.00023745706077230958,0.19244667887687683,0.9723014948014949,0.9709235209235209,0.9705742912710315,0.9699999999999999
0.00016259819415154197,0.18730853497982025,0.9728570503570504,0.9707972582972584,0.9707240440274608,0.9699999999999999
0.00013035317412383543,0.18118077516555786,0.9710051985051985,0.9690716690716691,0.9687030895739784,0.9683333333333333
0.00012223422292360434,0.17648208141326904,0.9713877788877788,0.9688401875901876,0.9689509947189423,0.9683333333333333
0.0003210770159209157,0.19420886039733887,0.9680544455544456,0.9655994468494469,0.9652715640094605,0.965
0.0001424702015810908,0.2042444795370102,0.9666655566655568,0.9642105579605579,0.963816798967739,0.9633333333333334
6.525576119050432e-05,0.2054365873336792,0.9652766677766677,0.9625438912938913,0.9622753547775534,0.9616666666666666
0.0001453431434962719,0.21346575021743774,0.9659711122211122,0.9639327801827803,0.9635365278897495,0.9633333333333334
7.848421716971643e-05,0.21133384108543396,0.9666655566655568,0.9639327801827803,0.9637301198192748,0.9633333333333334
0.0001533000713986136,0.20927219092845917,0.9666655566655568,0.9639327801827803,0.9637301198192748,0.9633333333333334
9.972075577024953e-05,0.2059648334980011,0.9634070096570096,0.9625438912938913,0.9615365278897494,0.9616666666666666
4.349291331588271e-05,0.20150117576122284,0.9652766677766679,0.9646272246272246,0.9634523420414971,0.9633333333333334
0.00020418157456939903,0.18051928281784058,0.9546626059126059,0.9541895141895141,0.952836499160309,0.9533333333333335
0.00026038269273461384,0.1803378313779831,0.9581047193547194,0.9575102212602213,0.9563801957458011,0.9566666666666667
0.0003665521665917974,0.23305341601371765,0.9621959984459983,0.9545855533355533,0.955685203684574,0.9533333333333333
6.64520266582258e-05,0.21715235710144043,0.9645829633329633,0.960453157953158,0.9602156250477245,0.9583333333333331
0.00010577052914110634,0.20178437232971191,0.9669442594442595,0.9638395863395862,0.9634628100985395,0.9633333333333333
7.607539451252403e-05,0.1997886598110199,0.968319550819551,0.9663858826358825,0.9655661239386953,0.9649999999999999
8.319348266165132e-05,0.19287548959255219,0.9661309986309986,0.9643025493025492,0.9637334554530453,0.9633333333333333
4.2966703555672815e-05,0.19178873300552368,0.9673314648314649,0.9643025493025492,0.9641534679348428,0.9633333333333333
7.975359794916888e-05,0.1967497318983078,0.9696715321715322,0.96625962000962,0.965913380970163,0.9649999999999999
5.8646798493100505e-05,0.19578969478607178,0.9640077515077516,0.9615037277537276,0.9603143778883223,0.9599999999999999
