training_loss,validation_loss,precision,recall,f1,accuracy
0.41748662541309994,2.1838717460632324,0.7337468484809326,0.6384076000252471,0.611999296988571,0.6433333333333333
0.15170324159165224,0.6257790923118591,0.832552276918892,0.8019061956561958,0.7793737179458115,0.8016666666666667
0.08462702032799523,1.0599865913391113,0.8638398037574525,0.7985018685018686,0.7801491172654792,0.7949999999999999
0.05456128243046502,0.5299570560455322,0.889777772608655,0.861835618085618,0.8546115421937907,0.8633333333333333
0.044940753219028316,0.4079385995864868,0.9077921054898944,0.8842644855144854,0.8817085589407075,0.8850000000000001
0.05066784529481083,0.17483192682266235,0.9518436655936656,0.9478133141368437,0.9467191565140242,0.9466666666666667
0.03502242499962449,0.21461614966392517,0.9488005975505974,0.9448940737911325,0.9452074976763248,0.945
0.030850531902009,0.6791023015975952,0.906508939319008,0.8418475505975507,0.8532408217219546,0.8400000000000002
0.037742682334889345,0.3084908127784729,0.914771203741792,0.9037313612313612,0.8971321550451186,0.9033333333333334
0.05704049420698235,0.35925453901290894,0.9195242257742259,0.90378996003996,0.899767741390324,0.8999999999999999
0.018373931098418932,0.16722968220710754,0.9573026510526509,0.9522759810995104,0.9518677040461697,0.9500000000000001
0.01984792094056805,0.29176169633865356,0.9373701298701298,0.9243412605912605,0.9248392492214211,0.9266666666666667
0.01441052216978278,0.18285058438777924,0.9529508624903363,0.9492086317821612,0.9475302851260539,0.9466666666666667
0.027793582684050005,0.29735246300697327,0.9383688356850121,0.9232429607429607,0.9220825448578581,0.9216666666666667
0.029008489102125168,0.17628678679466248,0.9450807090512973,0.9369495645966234,0.9358330628430559,0.9366666666666666
0.023521911100639652,0.21239382028579712,0.9537479187479189,0.9483862433862433,0.9474828175221602,0.9466666666666667
0.016592828008773115,0.18737509846687317,0.9403464128464128,0.9360704573204575,0.9346110105168973,0.9349999999999999
0.02055755581144088,0.3345673084259033,0.9331961094461095,0.9091605154105155,0.906303334232181,0.9116666666666666
0.031460218825183496,0.3938886523246765,0.9274613118363119,0.9157353294853295,0.9046504790035549,0.915
0.024520372768165544,0.5946668982505798,0.9336239278151043,0.9103130665630665,0.9019876815462967,0.9083333333333332
0.038866033602971584,0.1549631953239441,0.963794749640338,0.964330021830022,0.9625112330401723,0.9616666666666666
0.03254618471449552,0.3363029360771179,0.9314411164314415,0.9258198337610102,0.9219227952202078,0.9199999999999999
0.046245571502367966,0.2822996973991394,0.9423859324226972,0.9194438431938433,0.9195994658798874,0.9183333333333334
0.027717078856464166,0.313400000333786,0.9213505897697073,0.9113374125874126,0.9068995602365394,0.9116666666666666
0.014251564971345942,0.16071265935897827,0.957076442076442,0.9517839105339104,0.9516000520026746,0.9533333333333331
0.00484294411095713,0.2008862942457199,0.9493987031487031,0.9425450937950939,0.9405242126087238,0.9433333333333334
0.006872221982121118,0.5385265350341797,0.9268234445866024,0.8928405554140847,0.8857201517757042,0.8933333333333334
0.01935501482451703,0.3417353630065918,0.9263587046481784,0.9133987472222765,0.910559485562476,0.9133333333333334
0.027249916427535936,0.31214630603790283,0.9177195027195028,0.9145146057646056,0.9097314422721371,0.9133333333333332
0.0346127752297131,2.4514241218566895,0.832040751626665,0.6829515092750387,0.6898425362296745,0.6816666666666666
0.02394084369492096,0.1481247842311859,0.9458141395641396,0.9484923110658405,0.9440325127559038,0.945
0.016147379714918014,0.22417597472667694,0.9449749555999557,0.9418470418470418,0.9399366040985703,0.94
0.0099444109146134,0.2167205661535263,0.9524018574018575,0.95301834059187,0.9495578444760927,0.9500000000000001
0.006780382343398135,0.4116717278957367,0.9268739416901183,0.904805796055796,0.8984623040816418,0.9033333333333333
0.030914946265208226,0.6185232400894165,0.9351955451955453,0.9025381100381101,0.9014471509924453,0.9033333333333333
0.010821546035003848,0.14567117393016815,0.9584193584193584,0.9553148703148703,0.9549864247576658,0.9533333333333333
0.0019518574490575702,0.12809060513973236,0.9706611906611907,0.9708772246272246,0.9694154503724207,0.9683333333333334
0.003069987720967523,0.12078651040792465,0.9689829614829616,0.9677086339586339,0.9668163627663223,0.9649999999999999
0.005153887709335929,0.14851568639278412,0.9752695915195915,0.9738732563732563,0.9731752365896038,0.9733333333333333
0.008746986245265967,0.18067717552185059,0.9628789266289268,0.9596608946608947,0.9593425250422492,0.96
0.002188531650972436,0.16393554210662842,0.964304861804862,0.9621602934102933,0.9618497435963866,0.9616666666666666
0.0010934929205177468,0.14519496262073517,0.9630800218300218,0.9636544011544012,0.9621324631053815,0.9633333333333333
0.0006809399525688301,0.12308333814144135,0.9665626965626966,0.9655525493025493,0.9647167968504368,0.9649999999999999
0.000476259490975887,0.11869581043720245,0.968120906870907,0.9674044011544011,0.9665511383488649,0.9666666666666667
0.0003204073494392408,0.13519826531410217,0.9719899544899545,0.9708766233766234,0.9700262556347239,0.9699999999999999
0.00012023647635335995,0.12995854020118713,0.9720719558219559,0.9715710678210678,0.9703566050238969,0.9700000000000001
0.00013278881639659326,0.12767723202705383,0.97361753986754,0.9734229196729197,0.9720398408913432,0.9716666666666667
0.0002614241842214445,0.13202311098575592,0.965668636918637,0.9641636604136604,0.9629203276254104,0.9633333333333333
8.995552919562518e-05,0.12455739080905914,0.9684410034410035,0.9682251082251082,0.9666172067621873,0.9666666666666667
0.0001319891196089884,0.12448054552078247,0.9645773670773671,0.9646266233766233,0.963144407892969,0.9633333333333333
7.024069608026669e-05,0.12284355610609055,0.9654127354127354,0.9641636604136604,0.9634678609887333,0.9633333333333334
6.983001996256159e-05,0.12475334107875824,0.9654127354127354,0.9641636604136604,0.9634678609887333,0.9633333333333334
6.416579105916753e-05,0.12501007318496704,0.9669583194583194,0.9660155122655123,0.9651510968561796,0.965
0.0001380489278896372,0.11713774502277374,0.968893513893514,0.9668951418951419,0.9662653143519552,0.9666666666666667
6.696701067691417e-05,0.1123921275138855,0.97497816997817,0.9718825156325157,0.9718182285685524,0.9716666666666666
9.127159982350956e-05,0.11366056650876999,0.968893513893514,0.9668951418951419,0.9662653143519552,0.9666666666666667
4.6776334102105466e-05,0.11662012338638306,0.9732862507862509,0.9700306637806638,0.9701890650801211,0.9699999999999999
6.114244448932975e-05,0.11269886791706085,0.97497816997817,0.9718825156325157,0.9718182285685524,0.9716666666666666
5.29905163375588e-05,0.11073148250579834,0.9712744662744663,0.9682840307840309,0.968272003315166,0.9683333333333333
4.830002804586305e-05,0.10734666883945465,0.9698871961371962,0.9684102934102934,0.9676942974414243,0.9683333333333333
5.226631950942343e-05,0.11252808570861816,0.9708824971324973,0.9679473304473305,0.9681165917332839,0.9683333333333333
5.2902499949899116e-05,0.11441279947757721,0.9675740000740002,0.9645803270803271,0.9647499089701815,0.965
5.5443247106268245e-05,0.11281856894493103,0.9708824971324973,0.9679473304473305,0.9681165917332839,0.9683333333333333
6.713509651490313e-05,0.10928475856781006,0.9723497335997336,0.9697991822991824,0.9697579172693462,0.9700000000000001
3.4349560830075156e-05,0.11182455718517303,0.9731489806489807,0.9693362193362193,0.9698067626734548,0.9699999999999999
6.287932421855658e-05,0.11040997505187988,0.9708824971324973,0.9679473304473305,0.9681165917332839,0.9683333333333333
3.541549055322927e-05,0.11259526014328003,0.9721645484145486,0.9693362193362193,0.9695737722339426,0.9699999999999999
2.4417241396198126e-05,0.11179646104574203,0.9731489806489807,0.9693362193362193,0.9698067626734548,0.9699999999999999
3.103435047554134e-05,0.10786401480436325,0.9689043826543827,0.966432178932179,0.9664546182043026,0.9666666666666667
3.1340917113690615e-05,0.11124224960803986,0.9731489806489807,0.9693362193362193,0.9698067626734548,0.9699999999999999
6.276766517506378e-05,0.11434291303157806,0.9731489806489807,0.9693362193362193,0.9698067626734548,0.9699999999999999
3.071327982221798e-05,0.11290435492992401,0.9731489806489807,0.9693362193362193,0.9698067626734548,0.9699999999999999
3.058711704776821e-05,0.1123640239238739,0.9726080863580865,0.9700306637806638,0.9700008434576891,0.9699999999999999
3.5061637352858575e-05,0.10743140429258347,0.9708824971324973,0.9679473304473305,0.9681165917332839,0.9683333333333333
2.8862754372009174e-05,0.10735782980918884,0.9689043826543827,0.966432178932179,0.9664546182043026,0.9666666666666667
1.947621499690892e-05,0.10748129338026047,0.9708824971324973,0.9679473304473305,0.9681165917332839,0.9683333333333333
4.140496279584719e-05,0.1079043596982956,0.9708824971324973,0.9679473304473305,0.9681165917332839,0.9683333333333333
2.5585293656149588e-05,0.10858140885829926,0.9708824971324973,0.9679473304473305,0.9681165917332839,0.9683333333333333
0.00015922675993351731,0.11386530846357346,0.9687991637991639,0.9668362193362193,0.9664307679784946,0.9666666666666667
2.698401609298647e-05,0.10756535828113556,0.9694634994634993,0.9683633958633959,0.967638515047304,0.9683333333333334
3.401259563891775e-05,0.11407420039176941,0.9699743774743775,0.9680266955266955,0.967659163040223,0.9683333333333333
3.373066592378867e-05,0.11272099614143372,0.967996262996263,0.966511544011544,0.9659971895112417,0.9666666666666667
3.0484199157854164e-05,0.10943752527236938,0.9696965996965997,0.9683633958633959,0.9676933491021383,0.9683333333333333
6.859640296852376e-05,0.10919085144996643,0.9753573741073741,0.9733507696007697,0.972879184745135,0.9733333333333333
2.6846925180734615e-05,0.109006866812706,0.9731672031672032,0.9719618807118807,0.9711847403006906,0.9716666666666667
2.508799222293116e-05,0.10867147892713547,0.9748338698338698,0.9733507696007697,0.9728524471171388,0.9733333333333333
1.7747680279474782e-05,0.11158876866102219,0.9699743774743775,0.9680266955266955,0.967659163040223,0.9683333333333333
2.5865038215518627e-05,0.1071205735206604,0.9748338698338698,0.9733507696007697,0.9728524471171388,0.9733333333333333
2.17733778905919e-05,0.10815954208374023,0.9744492544492545,0.9733507696007697,0.9726419208013493,0.9733333333333333
2.155800651356306e-05,0.10920535773038864,0.97247113997114,0.9718356180856181,0.970979947272368,0.9716666666666667
2.1094878358477825e-05,0.10888718068599701,0.9700138750138749,0.9692562530062531,0.9682943717099808,0.9683333333333334
2.7912457975768728e-05,0.1061255931854248,0.9777362914862914,0.9768229918229919,0.9760109438491648,0.9766666666666666
1.75897280977703e-05,0.11195247620344162,0.968521386021386,0.9671729196729197,0.9664649540404099,0.9666666666666667
2.078215279273839e-05,0.10768675059080124,0.9711638361638361,0.9702152477152478,0.9693346746382007,0.9700000000000001
2.6914079758929194e-05,0.11007895320653915,0.9682882857882857,0.9671729196729197,0.9664101199855756,0.9666666666666665
1.7794171943326848e-05,0.10756170749664307,0.9719919894919894,0.9707714045214045,0.9699563452389621,0.9700000000000001
1.836736986623085e-05,0.10738512128591537,0.9750653513153513,0.9742436267436267,0.9733381043429921,0.9733333333333333
1.487274975412826e-05,0.10788622498512268,0.976115921115921,0.9747396584896585,0.9742437514649648,0.975
1.0737180635563467e-05,0.11056345701217651,0.976269055019055,0.97497113997114,0.9743696183131024,0.975
1.7986297943177004e-05,0.10314925014972687,0.9748338698338698,0.9733507696007697,0.9728524471171388,0.9733333333333333
1.2950897314567555e-05,0.10424526035785675,0.9700779775779775,0.9684896584896584,0.9677863772109155,0.9683333333333333
2.1592179858013576e-05,0.10737943649291992,0.9764542402042401,0.975434102934103,0.9746196395013388,0.975
1.7519593143333623e-05,0.1081928163766861,0.9716999666999668,0.970110028860029,0.9695434147646282,0.9699999999999999
1.1950929945214739e-05,0.10541310161352158,0.9731672031672032,0.9719618807118807,0.9711847403006906,0.9716666666666667
3.754437030541643e-05,0.10527358949184418,0.9744936082436083,0.9721139971139973,0.9718116687979261,0.9716666666666666
2.7793645424859886e-05,0.101593017578125,0.9759003034003034,0.9741973304473305,0.9735257210855078,0.9733333333333332
1.1893312224250016e-05,0.10128533095121384,0.9754836367336369,0.9744751082251083,0.9735076041471667,0.9733333333333333
2.3607810637334598e-05,0.10391765087842941,0.9744936082436083,0.9721139971139973,0.9718116687979261,0.9716666666666666
1.6910632335035796e-05,0.10241582244634628,0.9767600917600919,0.973502886002886,0.973501839738097,0.9733333333333332
1.489162445977854e-05,0.10003741085529327,0.9767600917600919,0.973502886002886,0.973501839738097,0.9733333333333332
1.0186433759902988e-05,0.10110156983137131,0.9744936082436083,0.9721139971139973,0.9718116687979261,0.9716666666666666
1.2989640320408094e-05,0.09837804734706879,0.9756688219188221,0.9733044733044732,0.9730400638596546,0.9733333333333332
1.5469392299867952e-05,0.1018400639295578,0.9768725256225257,0.9756655844155846,0.9747891393055136,0.975
1.5553037523356277e-05,0.10203440487384796,0.9744936082436083,0.9721139971139973,0.9718116687979261,0.9716666666666666
9.639660447646747e-06,0.09887410700321198,0.972410274910275,0.9710028860028861,0.9701258450431368,0.9699999999999999
1.8398761805353086e-05,0.09801613539457321,0.9757756595256596,0.973502886002886,0.9732688492985848,0.9733333333333332
9.565750701767683e-06,0.09817302227020264,0.9744936082436083,0.9721139971139973,0.9718116687979261,0.9716666666666666
1.610855260499496e-05,0.10702820867300034,0.9767600917600919,0.973502886002886,0.973501839738097,0.9733333333333332
1.3782183430066652e-05,0.1003902405500412,0.9751717726717728,0.972113997113997,0.9719998904203582,0.9716666666666666
1.3710657858230965e-05,0.10330428928136826,0.9759003034003034,0.9741973304473305,0.9735257210855078,0.9733333333333332
1.1626879294605411e-05,0.10406593978404999,0.9767600917600919,0.973502886002886,0.973501839738097,0.9733333333333332
8.250077589385304e-06,0.10259365290403366,0.9757756595256596,0.973502886002886,0.9732688492985848,0.9733333333333332
1.1540849863915051e-05,0.09973418712615967,0.9726080863580865,0.9700306637806638,0.9700008434576891,0.9699999999999999
8.956988674905611e-06,0.0977812111377716,0.9759003034003034,0.9741973304473305,0.9735257210855078,0.9733333333333332
3.5356680901562264e-05,0.09937113523483276,0.9803162578162578,0.9788269600769602,0.9782260577858445,0.9783333333333335
1.6237298495980212e-05,0.10492420196533203,0.9706299718799719,0.9685155122655124,0.9683388699287078,0.9683333333333333
1.009265578962489e-05,0.09982521831989288,0.9723303085803087,0.9703673641173642,0.9700350295196043,0.9699999999999999
1.2522339905747989e-05,0.10257069766521454,0.9750990213490215,0.9744751082251083,0.9732970778313773,0.9733333333333333
1.230299477583685e-05,0.10075408220291138,0.9718068043068043,0.9703084415584416,0.9697722002035585,0.9699999999999999
1.0799566799353974e-05,0.10146814584732056,0.9782273282273283,0.9753547378547379,0.9751431652741593,0.975
8.468230466481449e-06,0.10593067854642868,0.97487456987457,0.9714195526695528,0.97169101439786,0.9716666666666666
8.653402327733298e-06,0.10481518507003784,0.9745967920967922,0.971756253006253,0.9717252004597752,0.9716666666666666
1.2474457273962495e-05,0.10125597566366196,0.9706047193547195,0.9682840307840309,0.9681507777951991,0.9683333333333333
7.692178115803472e-06,0.10151030123233795,0.9770703370703372,0.9753547378547379,0.9750876323997412,0.975
8.711020157647908e-06,0.09865184873342514,0.9749601324601325,0.973145141895142,0.9729238412470552,0.9733333333333332
2.4109681694047442e-05,0.10654132813215256,0.9723303085803087,0.9703673641173642,0.9700350295196043,0.9699999999999999
9.679595682617522e-06,0.09878729283809662,0.9754036704036705,0.973965848965849,0.9734199255832929,0.9733333333333332
6.8740050238602635e-06,0.09865806996822357,0.9762634587634588,0.9732714045214047,0.9733960442358821,0.9733333333333332
8.959571583015228e-06,0.09895122051239014,0.9728712028712029,0.9696729196729198,0.96984094873537,0.9699999999999999
9.126861831039909e-06,0.09688542783260345,0.9736780811780812,0.971756253006253,0.971532536899229,0.9716666666666666
3.556847640595606e-05,0.11179119348526001,0.971155094905095,0.9685155122655124,0.9681207783118748,0.9683333333333333
1.0799964371699389e-05,0.10394085943698883,0.976593129093129,0.9754930254930256,0.9746719425015952,0.975
8.11556974629942e-06,0.10855959355831146,0.9735055222555223,0.9715578403078403,0.9712634245813327,0.9716666666666666
1.04178983614626e-05,0.10773389786481857,0.9735055222555223,0.9715578403078403,0.9712634245813327,0.9716666666666666
9.26613824958622e-06,0.1074860543012619,0.9694295056795058,0.9664321789321789,0.9662365265874696,0.9666666666666667
5.673964759959442e-06,0.10236018896102905,0.973797545047545,0.9722192159692161,0.9716763550556666,0.9716666666666667
5.498329779622206e-06,0.10316479206085205,0.973797545047545,0.9722192159692161,0.9716763550556666,0.9716666666666667
8.56777027517334e-06,0.10259275883436203,0.9752042402042402,0.9743025493025493,0.9733904073432483,0.9733333333333333
8.842746410664404e-06,0.10143887996673584,0.9752042402042402,0.9743025493025493,0.9733904073432483,0.9733333333333333
1.3030171620205996e-05,0.10371565818786621,0.9751258926258927,0.9736411736411738,0.9730306169655328,0.9733333333333332
1.0674993276893474e-05,0.10450097918510437,0.9751258926258927,0.9736411736411738,0.9730306169655328,0.9733333333333332
6.85294467454393e-06,0.10963647067546844,0.9723303085803087,0.9703673641173642,0.9700350295196043,0.9699999999999999
9.822050818305192e-06,0.10366499423980713,0.9737370037370039,0.9724506974506975,0.971749081807186,0.9716666666666666
6.868441786878066e-06,0.10485363006591797,0.9756225256225256,0.9745340307840308,0.9735599071474231,0.9733333333333332
5.616346977414348e-06,0.0971062183380127,0.976593129093129,0.9754930254930256,0.9746719425015952,0.975
6.719827576754748e-06,0.10401542484760284,0.9745967920967922,0.971756253006253,0.9717252004597752,0.9716666666666666
5.945563259501796e-06,0.10693522542715073,0.9723303085803087,0.9703673641173642,0.9700350295196043,0.9699999999999999
7.896423336243666e-06,0.10646511614322662,0.9737370037370039,0.9724506974506975,0.971749081807186,0.9716666666666666
6.0129165907104225e-06,0.10195393860340118,0.9749727587227587,0.9734096921596921,0.9729047501173951,0.9733333333333333
4.61578364744734e-06,0.10359396785497665,0.9728712028712029,0.9696729196729198,0.96984094873537,0.9699999999999999
8.808573104109504e-06,0.10219957679510117,0.9767925592925594,0.9750300625300626,0.974698323781981,0.9749999999999998
4.468361500660952e-06,0.10391479730606079,0.9745967920967922,0.971756253006253,0.9717252004597752,0.9716666666666666
4.96387481992618e-06,0.10319121181964874,0.9728712028712029,0.9696729196729198,0.96984094873537,0.9699999999999999
6.764332392587373e-06,0.10529813170433044,0.9737370037370039,0.9724506974506975,0.971749081807186,0.9716666666666666
4.6392281281744845e-06,0.10163909196853638,0.9745967920967922,0.971756253006253,0.9717252004597752,0.9716666666666666
6.370941832756216e-06,0.10798563063144684,0.9745967920967922,0.971756253006253,0.9717252004597752,0.9716666666666666
6.107687982629765e-06,0.10392078757286072,0.9756956931956933,0.9729467291967292,0.9729578690257772,0.9733333333333332
5.519787454962473e-06,0.102787546813488,0.9734003034003034,0.9715578403078404,0.9711463652411276,0.9716666666666666
7.019837757601029e-06,0.10117276012897491,0.9728712028712029,0.9696729196729198,0.96984094873537,0.9699999999999999
4.5557817145436275e-06,0.10235808789730072,0.9785712435712437,0.9774380711880712,0.9766879314241889,0.9766666666666667
4.3221314408962525e-06,0.10346609354019165,0.9745967920967922,0.971756253006253,0.9717252004597752,0.9716666666666666
3.6438306570592736e-06,0.1054728627204895,0.9737370037370039,0.9724506974506975,0.971749081807186,0.9716666666666666
5.877812687534363e-06,0.10360017418861389,0.9737370037370039,0.9724506974506975,0.971749081807186,0.9716666666666666
7.459918646664694e-06,0.1002265065908432,0.9737370037370039,0.9724506974506975,0.971749081807186,0.9716666666666666
3.929535578114003e-06,0.10086121410131454,0.9736780811780812,0.971756253006253,0.971532536899229,0.9716666666666666
4.140933346737559e-06,0.10109882056713104,0.9756225256225256,0.9745340307840308,0.9735599071474231,0.9733333333333332
5.313356685595257e-06,0.09925767779350281,0.9720114145114146,0.9703673641173642,0.9698648300827809,0.9699999999999999
4.142125433759247e-06,0.09977956116199493,0.9737370037370039,0.9724506974506975,0.971749081807186,0.9716666666666666
4.632870340988878e-06,0.10074945539236069,0.9756956931956933,0.9738395863395864,0.973451696186271,0.9733333333333332
6.474256482628486e-06,0.09636369347572327,0.9780746105746106,0.9764189514189515,0.9760896281298072,0.9766666666666667
6.56048455501453e-06,0.09851749986410141,0.9766857216857218,0.9752284752284753,0.9748080929714603,0.975
1.0179280958292717e-05,0.09901711344718933,0.9754036704036705,0.9738395863395864,0.9734167886236342,0.9733333333333332
4.7024090529627456e-06,0.1036263257265091,0.9756956931956933,0.9738395863395864,0.973451696186271,0.9733333333333332
6.627837831748214e-06,0.10251401364803314,0.973970103970104,0.971756253006253,0.9715674444618658,0.9716666666666666
6.469090716147245e-06,0.09984030574560165,0.973970103970104,0.971756253006253,0.9715674444618658,0.9716666666666666
3.8540363552404715e-06,0.1015160083770752,0.9772891922891923,0.9759229196729198,0.9752276139638713,0.975
4.277229306145121e-06,0.09799119830131531,0.9775812150812152,0.9759229196729198,0.975262521526508,0.9749999999999998
6.647507367082047e-06,0.10205785930156708,0.9786444111444111,0.9764189514189515,0.9764033536200031,0.9766666666666666
2.9810269381869148e-06,0.09858435392379761,0.9756956931956933,0.9738395863395864,0.973451696186271,0.9733333333333332
5.522767715149257e-06,0.0969913899898529,0.9756956931956933,0.9738395863395864,0.973451696186271,0.9733333333333332
2.7736028016533965e-06,0.09768237918615341,0.9756367706367707,0.973145141895142,0.9732351512783141,0.9733333333333332
3.839731216241186e-06,0.10508744418621063,0.9756956931956933,0.9738395863395864,0.973451696186271,0.9733333333333332
6.09417762357604e-06,0.10495355725288391,0.9792478817478818,0.9773118085618085,0.9769302283429563,0.9766666666666667
2.989768984681026e-06,0.10378269851207733,0.9792478817478819,0.9774380711880712,0.976933365302615,0.9766666666666667
3.4948190309099423e-06,0.10069519281387329,0.9802379102379103,0.9788269600769602,0.9782897620878043,0.9783333333333334
4.014968858712109e-06,0.09627195447683334,0.9769777444777445,0.9752284752284753,0.9749088766869297,0.9749999999999998
4.224379916687819e-06,0.09859420359134674,0.9773623598623599,0.9752284752284753,0.9751194030027192,0.9749999999999998
3.9315223740269784e-06,0.10191333293914795,0.9786444111444111,0.9766173641173642,0.9765107073505453,0.9766666666666667
3.39269640647899e-06,0.09941259026527405,0.9754036704036705,0.9738395863395864,0.9734167886236342,0.9733333333333332
3.852844230323171e-06,0.10387416929006577,0.9821965996965999,0.980215848965849,0.9799923764668893,0.98
5.598465638930368e-06,0.10379614681005478,0.9754036704036705,0.9738395863395864,0.9734167886236342,0.9733333333333332
2.340078329628644e-06,0.10037548840045929,0.9773623598623599,0.9752284752284753,0.9751194030027192,0.9749999999999998
7.017851001952143e-06,0.09997560828924179,0.9773623598623599,0.9752284752284753,0.9751194030027192,0.9749999999999998
4.455248550527813e-06,0.0987243801355362,0.9783523883523885,0.9767436267436268,0.9764789367475672,0.9766666666666667
4.688104058440483e-06,0.1011798232793808,0.9802379102379103,0.9788269600769602,0.9782897620878043,0.9783333333333334
4.043181753843328e-06,0.09863029420375824,0.9802379102379103,0.9788269600769602,0.9782897620878043,0.9783333333333334
4.083712913901157e-06,0.0978228896856308,0.9770703370703372,0.9753547378547379,0.9750876323997412,0.975
3.4054119832186793e-06,0.09723600745201111,0.9770703370703372,0.9753547378547379,0.9750876323997412,0.975
3.076394437565947e-06,0.09917396306991577,0.9770703370703372,0.9753547378547379,0.9750876323997412,0.975
2.597173057949931e-06,0.10008370876312256,0.978955858955859,0.9774380711880712,0.9768984577399782,0.9766666666666667
2.574523295587975e-06,0.09599368274211884,0.9766857216857218,0.9752284752284753,0.9748080929714603,0.975
2.7783711639510025e-06,0.09897790849208832,0.9773623598623599,0.9752284752284753,0.9751194030027192,0.9749999999999998
2.44975088511031e-06,0.09550827741622925,0.9766857216857218,0.9752284752284753,0.9748080929714603,0.975
3.039638208690576e-06,0.0968589037656784,0.9770703370703372,0.9753547378547379,0.9750876323997412,0.975
4.460811607505851e-06,0.10522519797086716,0.974073287823288,0.9719877344877346,0.9717120793895132,0.9716666666666666
4.028479272240777e-06,0.09529121965169907,0.9783523883523885,0.9767436267436268,0.9764789367475672,0.9766666666666667
2.786318454184311e-06,0.09665197134017944,0.9770703370703372,0.9753547378547379,0.9750876323997412,0.975
5.436738241826333e-06,0.0947570726275444,0.9782008732008732,0.9764189514189515,0.9762190277157283,0.9766666666666666
6.098349823939013e-06,0.09895303100347519,0.9754036704036705,0.9738395863395864,0.9734167886236342,0.9733333333333332
3.098249451956766e-06,0.10443773120641708,0.974073287823288,0.9719877344877346,0.9717120793895132,0.9716666666666666
1.5207131601376507e-06,0.10196051001548767,0.9773623598623599,0.9752284752284753,0.9751194030027192,0.9749999999999998
2.5200843746612613e-06,0.1007891446352005,0.9773623598623599,0.9752284752284753,0.9751194030027192,0.9749999999999998
2.4827321354337073e-06,0.09881122410297394,0.9754036704036705,0.9738395863395864,0.9734167886236342,0.9733333333333332
1.6359488318092492e-06,0.10157343000173569,0.9783523883523885,0.9767436267436268,0.9764789367475672,0.9766666666666667
2.6909510104644596e-06,0.10237675905227661,0.9790290265290266,0.9767436267436268,0.9767902467788261,0.9766666666666667
3.0295054429529955e-06,0.10451748967170715,0.9756956931956933,0.9738395863395864,0.973451696186271,0.9733333333333332
3.5878022354533337e-06,0.09911628067493439,0.973970103970104,0.971756253006253,0.9715674444618658,0.9716666666666666
1.5457471326622378e-06,0.09471440315246582,0.9756367706367707,0.973145141895142,0.9732351512783141,0.9733333333333332
3.08593113373945e-06,0.09701329469680786,0.9752521552521554,0.973145141895142,0.9730246249625245,0.9733333333333332
3.184874816023845e-06,0.09774330258369446,0.9773623598623599,0.9753547378547379,0.9751225399623779,0.9749999999999998
2.1592776100476385e-06,0.0957421287894249,0.9786444111444111,0.9766173641173642,0.9765107073505453,0.9766666666666667
3.656943616666316e-06,0.1008160263299942,0.9773623598623599,0.9752284752284753,0.9751194030027192,0.9749999999999998
2.339680991762331e-06,0.09680868685245514,0.9773623598623599,0.9753547378547379,0.9751225399623779,0.9749999999999998
2.5022029686757228e-06,0.09736597537994385,0.9809145484145486,0.9788269600769602,0.9786010721190631,0.9783333333333334
2.3074944775676918e-06,0.10069210827350616,0.9756956931956933,0.9738395863395864,0.973451696186271,0.9733333333333332
2.6051203221300057e-06,0.09773604571819305,0.9803110778110778,0.9781325156325157,0.9781815511266522,0.9783333333333334
1.6419092716546402e-06,0.09617191553115845,0.9770703370703372,0.9753547378547379,0.9750876323997412,0.975
2.367099147212078e-06,0.09834322333335876,0.9786444111444111,0.9767436267436268,0.9765797204630365,0.9766666666666667
3.2440821868817693e-06,0.09499891847372055,0.9756367706367707,0.973145141895142,0.9732351512783141,0.9733333333333332
2.3837884389384576e-06,0.09342872351408005,0.9736780811780812,0.971756253006253,0.971532536899229,0.9716666666666666
1.639127721849339e-06,0.09663592278957367,0.973970103970104,0.971756253006253,0.9715674444618658,0.9716666666666666
1.6828377849738747e-06,0.09347166866064072,0.973970103970104,0.971756253006253,0.9715674444618658,0.9716666666666666
3.4077962425271835e-06,0.09434923529624939,0.9736780811780812,0.971756253006253,0.971532536899229,0.9716666666666666
1.2207031344265336e-06,0.09996676445007324,0.973970103970104,0.971756253006253,0.9715674444618658,0.9716666666666666
3.066857680996312e-06,0.10039528459310532,0.973970103970104,0.971756253006253,0.9715674444618658,0.9716666666666666
2.058744443663348e-06,0.09654766321182251,0.9752521552521554,0.973145141895142,0.9730246249625245,0.9733333333333332
1.8465518820676152e-06,0.09373905509710312,0.9756367706367707,0.973145141895142,0.9732351512783141,0.9733333333333332
1.8171469283364179e-06,0.09780631959438324,0.973970103970104,0.971756253006253,0.9715674444618658,0.9716666666666666
1.5532970500942156e-06,0.09916838258504868,0.9756367706367707,0.973145141895142,0.9732351512783141,0.9733333333333332
1.8310546797313994e-06,0.09713879227638245,0.9749601324601325,0.973145141895142,0.9729238412470552,0.9733333333333332
2.198616679531066e-06,0.09716002643108368,0.9756367706367707,0.973145141895142,0.9732351512783141,0.9733333333333332
2.0559628571466724e-06,0.09512805193662643,0.9749601324601325,0.973145141895142,0.9729238412470552,0.9733333333333332
1.4356772020107655e-06,0.09484019130468369,0.9756367706367707,0.973145141895142,0.9732351512783141,0.9733333333333332
1.825491603213436e-06,0.09641170501708984,0.9756367706367707,0.973145141895142,0.9732351512783141,0.9733333333333332
1.2926260589315082e-06,0.09953285753726959,0.9756367706367707,0.973145141895142,0.9732351512783141,0.9733333333333332
1.7523765715547295e-06,0.09533446282148361,0.9790290265290266,0.9767436267436268,0.9767902467788261,0.9766666666666667
1.9005934692728488e-06,0.10158205032348633,0.973970103970104,0.971756253006253,0.9715674444618658,0.9716666666666666
1.369714738075345e-06,0.09838046878576279,0.9756367706367707,0.973145141895142,0.9732351512783141,0.9733333333333332
1.0073184905460646e-06,0.10261547565460205,0.9736780811780812,0.971756253006253,0.971532536899229,0.9716666666666666
3.4113725308297185e-06,0.10377147048711777,0.9756367706367707,0.973145141895142,0.9732351512783141,0.9733333333333332
1.4102458851065573e-06,0.10283147543668747,0.976918821918822,0.9745340307840308,0.9746264556261401,0.9749999999999998
2.050995811705055e-06,0.10530173778533936,0.973970103970104,0.971756253006253,0.9715674444618658,0.9716666666666666
9.783108959974622e-07,0.10047715157270432,0.9756367706367707,0.973145141895142,0.9732351512783141,0.9733333333333332
2.264579118597491e-06,0.10070033371448517,0.9756367706367707,0.973145141895142,0.9732351512783141,0.9733333333333332
3.703435199990205e-06,0.0994994044303894,0.9756367706367707,0.973145141895142,0.9732351512783141,0.9733333333333332
7.514158930632675e-07,0.09649503231048584,0.9749601324601325,0.973145141895142,0.9729238412470552,0.9733333333333332
1.1491775235109951e-06,0.1011066883802414,0.973970103970104,0.971756253006253,0.9715674444618658,0.9716666666666666
1.2060006397973666e-06,0.09670606255531311,0.9756367706367707,0.973145141895142,0.9732351512783141,0.9733333333333332
1.780192062206254e-06,0.09791659563779831,0.9736780811780812,0.971756253006253,0.971532536899229,0.9716666666666666
1.5465418338559782e-06,0.09349849820137024,0.9753305028305029,0.9731451418951419,0.9731245063084013,0.9733333333333332
1.3995170379625204e-06,0.09909999370574951,0.9773623598623599,0.9752284752284753,0.9751194030027192,0.9749999999999998
1.505613302773175e-06,0.09904121607542038,0.9749601324601325,0.973145141895142,0.9729238412470552,0.9733333333333332
1.6947587280213838e-06,0.10107703506946564,0.9756367706367707,0.973145141895142,0.9732351512783141,0.9733333333333332
9.477138481391497e-07,0.0978262722492218,0.976918821918822,0.9745340307840308,0.9746264556261401,0.9749999999999998
1.1686484118200724e-06,0.10209804028272629,0.9756367706367707,0.973145141895142,0.9732351512783141,0.9733333333333332
1.3450781496023485e-06,0.09752249717712402,0.9756367706367707,0.973145141895142,0.9732351512783141,0.9733333333333332
1.0820229838041466e-06,0.104591503739357,0.9790290265290266,0.9767436267436268,0.9767902467788261,0.9766666666666667
1.4058748873206166e-06,0.10323014855384827,0.973970103970104,0.971756253006253,0.9715674444618658,0.9716666666666666
7.24395113967565e-07,0.10653401911258698,0.9756367706367707,0.973145141895142,0.9732351512783141,0.9733333333333332
1.7921129611409015e-06,0.100970558822155,0.9790290265290266,0.9767436267436268,0.9767902467788261,0.9766666666666667
9.286403616452313e-07,0.09770135581493378,0.9786444111444111,0.9766173641173642,0.9765107073505453,0.9766666666666667
9.787082634697224e-07,0.09867724776268005,0.9756367706367707,0.973145141895142,0.9732351512783141,0.9733333333333332
1.1436144428481991e-06,0.09757846593856812,0.9803110778110778,0.9781325156325157,0.9781815511266522,0.9783333333333334
9.004274901987704e-07,0.09495601058006287,0.9773623598623599,0.9752284752284753,0.9751194030027192,0.9749999999999998
1.1324882708644661e-06,0.10630306601524353,0.973970103970104,0.971756253006253,0.9715674444618658,0.9716666666666666
1.4595190738949289e-06,0.09988497942686081,0.9773623598623599,0.9752284752284753,0.9751194030027192,0.9749999999999998
9.91821295907395e-07,0.10259269177913666,0.9786444111444111,0.9766173641173642,0.9765107073505453,0.9766666666666667
8.614857964772682e-07,0.10414766520261765,0.9773623598623599,0.9752284752284753,0.9751194030027192,0.9749999999999998
7.518132611276466e-07,0.1040472537279129,0.973970103970104,0.971756253006253,0.9715674444618658,0.9716666666666666
1.3792514727365794e-06,0.09979166835546494,0.976918821918822,0.9745340307840308,0.9746264556261401,0.9749999999999998
1.1003017347614257e-06,0.09485110640525818,0.9749601324601325,0.973145141895142,0.9729238412470552,0.9733333333333332
9.608268604447783e-07,0.09809817373752594,0.9773623598623599,0.9752284752284753,0.9751194030027192,0.9749999999999998
7.088979098549922e-07,0.09751516580581665,0.9773623598623599,0.9752284752284753,0.9751194030027192,0.9749999999999998
7.275740235475799e-07,0.09882625192403793,0.9756367706367707,0.973145141895142,0.9732351512783141,0.9733333333333332
2.1660328274701137e-06,0.09871740639209747,0.9756367706367707,0.973145141895142,0.9732351512783141,0.9733333333333332
1.1793772062655232e-06,0.10228021442890167,0.9790290265290266,0.9767436267436268,0.9767902467788261,0.9766666666666667
1.5830993748503868e-06,0.09568600356578827,0.9791326266326266,0.9772065897065897,0.9769174609495185,0.9766666666666667
7.95920686987491e-07,0.09769308567047119,0.9756367706367707,0.973145141895142,0.9732351512783141,0.9733333333333332
1.780589413987362e-06,0.09835853427648544,0.9756367706367707,0.973145141895142,0.9732351512783141,0.9733333333333332
9.57250583984622e-07,0.09806501120328903,0.9790290265290266,0.9767436267436268,0.9767902467788261,0.9766666666666667
7.383028677310222e-07,0.10011305660009384,0.9790290265290266,0.9767436267436268,0.9767902467788261,0.9766666666666667
8.467833267170969e-07,0.09490644931793213,0.9786444111444111,0.9764189514189515,0.9764033536200031,0.9766666666666666
1.4408429528008544e-06,0.10517211258411407,0.9803110778110778,0.9781325156325157,0.9781815511266522,0.9783333333333334
1.4730294140008482e-06,0.10613085329532623,0.9773623598623599,0.9752284752284753,0.9751194030027192,0.9749999999999998
2.0762284700381883e-06,0.10324689000844955,0.9803110778110778,0.9781325156325157,0.9781815511266522,0.9783333333333334
1.2616316246531294e-06,0.09580971300601959,0.9803110778110778,0.9781325156325157,0.9781815511266522,0.9783333333333334
1.1010964682256486e-06,0.09355859458446503,0.9803110778110778,0.9781325156325157,0.9781815511266522,0.9783333333333334
8.658568132110153e-07,0.09292085468769073,0.9821965996965999,0.980215848965849,0.9799923764668893,0.98
8.634726071932164e-07,0.09680112451314926,0.9803110778110778,0.9781325156325157,0.9781815511266522,0.9783333333333334
6.381670646741592e-07,0.09842958301305771,0.9803110778110778,0.9781325156325157,0.9781815511266522,0.9783333333333334
7.458527910841894e-07,0.09463276714086533,0.9803110778110778,0.9781325156325157,0.9781815511266522,0.9783333333333334
9.218851761971791e-07,0.09369546175003052,0.9803110778110778,0.9781325156325157,0.9781815511266522,0.9783333333333334
8.122126367027249e-07,0.09445357322692871,0.976918821918822,0.9745340307840308,0.9746264556261401,0.9749999999999998
8.563200596019745e-07,0.09782292693853378,0.976918821918822,0.9745340307840308,0.9746264556261401,0.9749999999999998
9.568532289468596e-07,0.09532960504293442,0.9803110778110778,0.9781325156325157,0.9781815511266522,0.9783333333333334
5.567073868562034e-07,0.09653075039386749,0.9786444111444111,0.9766173641173642,0.9765107073505453,0.9766666666666667
5.575021149913558e-07,0.09776686131954193,0.9786444111444111,0.9766173641173642,0.9765107073505453,0.9766666666666667
1.2826919473241105e-06,0.09475469589233398,0.976918821918822,0.9745340307840308,0.9746264556261401,0.9749999999999998
5.54720566074233e-07,0.09837417304515839,0.9803110778110778,0.9781325156325157,0.9781815511266522,0.9783333333333334
1.4015038551917769e-06,0.09556818008422852,0.9849938024938026,0.9825968013468015,0.9826872618284411,0.9833333333333334
6.15119940761133e-07,0.10070358216762543,0.9834786509786512,0.9814063251563253,0.9812763270841732,0.9816666666666666
6.65982563615349e-07,0.09484253823757172,0.976918821918822,0.9745340307840308,0.9746264556261401,0.9749999999999998
4.6094258573011376e-07,0.0938001200556755,0.9786444111444111,0.9764189514189515,0.9764033536200031,0.9766666666666666
5.916754493758466e-07,0.10098730027675629,0.9803110778110778,0.9781325156325157,0.9781815511266522,0.9783333333333334
7.259845800078324e-07,0.09935522079467773,0.9790290265290266,0.9767436267436268,0.9767902467788261,0.9766666666666667
4.784266112167757e-07,0.1000504344701767,0.9773623598623599,0.9752284752284753,0.9751194030027192,0.9749999999999998
8.634726175552979e-07,0.09687107056379318,0.9803110778110778,0.9781325156325157,0.9781815511266522,0.9783333333333334
5.793571607644784e-07,0.09562729299068451,0.9773623598623599,0.9752284752284753,0.9751194030027192,0.9749999999999998
4.2597452439470845e-07,0.09957379102706909,0.9786444111444111,0.9764189514189515,0.9764033536200031,0.9766666666666666
5.129973074483966e-07,0.09566938877105713,0.9773623598623599,0.9752284752284753,0.9751194030027192,0.9749999999999998
7.057189940577283e-07,0.09379243850708008,0.9786444111444111,0.9764189514189515,0.9764033536200031,0.9766666666666666
5.547205592648652e-07,0.09967504441738129,0.9786444111444111,0.9764189514189515,0.9764033536200031,0.9766666666666666
5.773703294723968e-07,0.09712525457143784,0.9803110778110778,0.977934102934103,0.97807419739611,0.9783333333333334
7.927417756311191e-07,0.09902271628379822,0.9803110778110778,0.9781325156325157,0.9781815511266522,0.9783333333333334
6.488958993836983e-07,0.09865185618400574,0.9773623598623599,0.9752284752284753,0.9751194030027192,0.9749999999999998
3.6279360108674535e-07,0.09618647396564484,0.976918821918822,0.9745340307840308,0.9746264556261401,0.9749999999999998
5.324681605263967e-07,0.09591276943683624,0.9799264624264624,0.9778078403078405,0.9777946579678293,0.9783333333333334
4.5816103474057474e-07,0.10163881629705429,0.9786444111444111,0.9766173641173642,0.9765107073505453,0.9766666666666667
4.990895624186938e-07,0.09798842668533325,0.9773623598623599,0.9752284752284753,0.9751194030027192,0.9749999999999998
4.339218143319575e-07,0.0978710949420929,0.9790290265290266,0.9767436267436268,0.9767902467788261,0.9766666666666667
6.42538066900992e-07,0.09653650224208832,0.9773623598623599,0.9752284752284753,0.9751194030027192,0.9749999999999998
5.209446000501808e-07,0.10032179206609726,0.9790290265290266,0.9767436267436268,0.9767902467788261,0.9766666666666667
6.039937388753932e-07,0.0986083373427391,0.9790290265290266,0.9767436267436268,0.9767902467788261,0.9766666666666667
6.906191600819511e-07,0.09826187789440155,0.9790290265290266,0.9767436267436268,0.9767902467788261,0.9766666666666667
1.959800716377913e-06,0.09126690030097961,0.976918821918822,0.9745340307840308,0.9746264556261401,0.9749999999999998
6.989637949909403e-07,0.08794891089200974,0.9760997335997336,0.9728084415584416,0.9730726829093239,0.9733333333333332
6.755193067882933e-07,0.08868702501058578,0.975172188922189,0.9724837662337663,0.9727082765553607,0.9733333333333333
9.88245012637871e-07,0.08719190955162048,0.9785854885854888,0.9758507696007697,0.9761899456717048,0.9766666666666666
1.1785825114370614e-06,0.08903834223747253,0.9756367706367707,0.973145141895142,0.9732351512783141,0.9733333333333332
4.537900271846714e-07,0.0912049263715744,0.9756367706367707,0.973145141895142,0.9732351512783141,0.9733333333333332
3.4729639660409833e-07,0.08661439269781113,0.976918821918822,0.9743356180856182,0.974519101895598,0.975
6.612141925099735e-07,0.0875435620546341,0.976918821918822,0.9743356180856182,0.974519101895598,0.975
5.082289374532442e-07,0.08541768044233322,0.976918821918822,0.9743356180856182,0.974519101895598,0.975
6.242593147594752e-07,0.08464550971984863,0.977104007104007,0.9749969937469939,0.9748764768143764,0.975
7.27971389391513e-07,0.09223179519176483,0.9803110778110778,0.977934102934103,0.97807419739611,0.9783333333333334
8.889039181762352e-07,0.09037449210882187,0.9809145484145486,0.9788269600769602,0.9786010721190631,0.9783333333333334
6.330013212855571e-07,0.09703405946493149,0.9809145484145486,0.9788269600769602,0.9786010721190631,0.9783333333333334
5.543231999342405e-07,0.10124360024929047,0.9809145484145486,0.9788269600769602,0.9786010721190631,0.9783333333333334
2.84512838177875e-07,0.09405229985713959,0.9821965996965999,0.980215848965849,0.9799923764668893,0.98
1.4682611160961774e-06,0.09536390006542206,0.9809145484145486,0.9788269600769602,0.9786010721190631,0.9783333333333334
5.654494035223223e-07,0.09368441998958588,0.9809145484145486,0.9788269600769602,0.9786010721190631,0.9783333333333334
3.306070956258604e-07,0.09591898322105408,0.9803110778110778,0.9781325156325157,0.9781815511266522,0.9783333333333334
4.200140662676451e-07,0.09211432933807373,0.9809145484145486,0.9788269600769602,0.9786010721190631,0.9783333333333334
4.3988227312515466e-07,0.0909305140376091,0.9803110778110778,0.9781325156325157,0.9781815511266522,0.9783333333333334
3.655751567392211e-07,0.08997928351163864,0.9790290265290266,0.9767436267436268,0.9767902467788261,0.9766666666666667
5.694230314675272e-07,0.08790784329175949,0.9837117512117514,0.9814063251563252,0.9814033112111572,0.9816666666666668
4.4186909805195757e-07,0.09361215680837631,0.9790290265290266,0.9767436267436268,0.9767902467788261,0.9766666666666667
7.621447308814311e-07,0.0923050045967102,0.9809145484145486,0.9788269600769602,0.9786010721190631,0.9783333333333334
3.4769376104174893e-07,0.08985559642314911,0.9790290265290266,0.9767436267436268,0.9767902467788261,0.9766666666666667
2.7616818905803103e-07,0.09564279019832611,0.9837117512117514,0.9814063251563252,0.9814033112111572,0.9816666666666668
3.0835469562913903e-07,0.0943424329161644,0.9809145484145486,0.9788269600769602,0.9786010721190631,0.9783333333333334
3.6875407342466343e-07,0.09944595396518707,0.9809145484145486,0.9788269600769602,0.9786010721190631,0.9783333333333334
3.075599632751391e-07,0.09366150200366974,0.9790290265290266,0.9767436267436268,0.9767902467788261,0.9766666666666667
1.9947687546206794e-07,0.08987204730510712,0.9803110778110778,0.9781325156325157,0.9781815511266522,0.9783333333333334
8.559227151483384e-07,0.08958809822797775,0.9798675398675399,0.977934102934103,0.9778898714918353,0.9783333333333335
3.969669317704927e-07,0.09305387735366821,0.9821965996965999,0.980215848965849,0.9799923764668893,0.98
3.143151598994365e-07,0.09180879592895508,0.9809145484145486,0.9788269600769602,0.9786010721190631,0.9783333333333334
4.47829562322255e-07,0.0913027673959732,0.9790290265290266,0.9767436267436268,0.9767902467788261,0.9766666666666667
2.40802762840886e-07,0.08849042654037476,0.9790290265290266,0.9767436267436268,0.9767902467788261,0.9766666666666667
2.9166539457688617e-07,0.0906934067606926,0.9821965996965999,0.980215848965849,0.9799923764668893,0.98
4.1286150527971205e-07,0.09121464937925339,0.9790290265290266,0.9767436267436268,0.9767902467788261,0.9766666666666667
2.6981035849971136e-07,0.09273304790258408,0.9821965996965999,0.980215848965849,0.9799923764668893,0.98
2.3444493398490826e-07,0.09593300521373749,0.9821965996965999,0.980215848965849,0.9799923764668893,0.98
5.058447440179729e-07,0.09673155844211578,0.9837117512117514,0.9814063251563252,0.9814033112111572,0.9816666666666668
2.2133191405574829e-07,0.10076209157705307,0.9809145484145486,0.9788269600769602,0.9786010721190631,0.9783333333333334
2.04642613817659e-07,0.09492848813533783,0.9790290265290266,0.9767436267436268,0.9767902467788261,0.9766666666666667
3.552436830626486e-07,0.09707926958799362,0.9809145484145486,0.9788269600769602,0.9786010721190631,0.9783333333333334
7.772445547911863e-07,0.09845206141471863,0.9809145484145486,0.9788269600769602,0.9786010721190631,0.9783333333333334
2.2252400677658102e-07,0.09704937040805817,0.9790290265290266,0.9767436267436268,0.9767902467788261,0.9766666666666667
2.511342380717707e-07,0.09861793369054794,0.9790290265290266,0.9767436267436268,0.9767902467788261,0.9766666666666667
1.2914339649524228e-07,0.09530234336853027,0.9821965996965999,0.980215848965849,0.9799923764668893,0.98
3.4888585487280466e-07,0.09815098345279694,0.9809145484145486,0.9788269600769602,0.9786010721190631,0.9783333333333334
2.2729237973232822e-07,0.10143138468265533,0.9821965996965999,0.980215848965849,0.9799923764668893,0.98
2.3841858302435054e-07,0.09636074304580688,0.9790290265290266,0.9767436267436268,0.9767902467788261,0.9766666666666667
2.5629997687145095e-07,0.09601688385009766,0.9790290265290266,0.9767436267436268,0.9767902467788261,0.9766666666666667
2.3325284688920553e-07,0.0984201431274414,0.9790290265290266,0.9767436267436268,0.9767902467788261,0.9766666666666667
3.50475312549392e-07,0.09572052955627441,0.9821965996965999,0.980215848965849,0.9799923764668893,0.98
3.6875406987194975e-07,0.10089390724897385,0.9809145484145486,0.9788269600769602,0.9786010721190631,0.9783333333333334
3.4689903201841804e-07,0.09681743383407593,0.9809145484145486,0.9788269600769602,0.9786010721190631,0.9783333333333334
3.631909647102323e-07,0.09631522744894028,0.9809145484145486,0.9788269600769602,0.9786010721190631,0.9783333333333334
