training_loss,validation_loss,precision,recall,f1,accuracy
1.6807902803023655,1.0181211233139038,0.8614224844356423,0.8471580924522102,0.8388710025046993,0.84
0.7766878828406334,0.5724205374717712,0.9217332204832204,0.9210778573278574,0.9168054482970355,0.9183333333333333
0.4721955607334773,0.4143636226654053,0.9306664948112316,0.929087717837718,0.9261816442231998,0.9266666666666666
0.3591813084979852,0.3343360424041748,0.9431628556628556,0.9434010896510897,0.9416850437524102,0.9416666666666665
0.28622114410003024,0.2865699529647827,0.9482306119806121,0.9471362433862435,0.9463561521249971,0.9466666666666667
0.2512685588250558,0.2579353153705597,0.9480311817811818,0.9472625060125061,0.9463151468339919,0.9466666666666667
0.21919573781390986,0.23774731159210205,0.95430173992674,0.9510323472823474,0.9510402561815559,0.9516666666666668
0.19675560078273216,0.21944481134414673,0.950583906833907,0.9507689995189995,0.9494251366357975,0.9500000000000001
0.17777468574543795,0.20647399127483368,0.9559885484885484,0.9544125781625782,0.9540934281348425,0.9550000000000001
0.15999535750597715,0.20117655396461487,0.9491245097495097,0.9487908850408849,0.9469441301676079,0.9483333333333334
0.15557999443262815,0.18532076478004456,0.9529902504902505,0.9521578884078883,0.9510185637400942,0.9516666666666667
0.14396132404605547,0.17786167562007904,0.955387482887483,0.954863516113516,0.9538194049697281,0.955
0.13174173732598624,0.1720133274793625,0.9509263421763423,0.9507689995189995,0.949179606945255,0.9500000000000001
0.12143759615719318,0.16541025042533875,0.9596653809153809,0.9573959836459837,0.957627509798697,0.9583333333333334
0.11054696049541235,0.16314208507537842,0.9602112702112703,0.958771645021645,0.9586872713766644,0.96
0.10831566186000903,0.16158729791641235,0.9529081566581566,0.9514363876863876,0.950796174459891,0.9516666666666668
0.10330360569059849,0.1566191464662552,0.9586961186961186,0.9575811688311688,0.9572763366323963,0.9583333333333334
0.09731048159301281,0.15410271286964417,0.9580255855255855,0.9562055074555075,0.9560916105758839,0.9566666666666667
0.09376255050301552,0.14909452199935913,0.9597472897472897,0.9591756854256855,0.958757323306242,0.96
0.0867619151249528,0.1464255154132843,0.9591675454175453,0.9577326839826839,0.9574424742460144,0.9583333333333334
0.08521083199108641,0.1453191637992859,0.9581537906537906,0.9577074314574315,0.9569277978610101,0.9583333333333334
0.08244039677083492,0.13750553131103516,0.9609474321974322,0.9587848725348724,0.9590188141465231,0.96
0.07534146727994084,0.13530564308166504,0.9626988289488289,0.9606246993746993,0.9606095970177835,0.9616666666666666
0.07569940543423097,0.14118069410324097,0.9615682928182928,0.9591816979316978,0.9589609143563131,0.9583333333333334
0.07001516890401642,0.13172242045402527,0.9619791782291783,0.960300024050024,0.9603856571800328,0.9616666666666668
0.06800773134455085,0.1336168497800827,0.9646178358678359,0.961192881192881,0.9617787016966921,0.9616666666666668
0.06677910111223657,0.13025084137916565,0.9661751211751212,0.9632040644540644,0.9637749282503174,0.965
0.06699658821647365,0.136225163936615,0.9624121480371479,0.9587307599807601,0.958942761811212,0.9583333333333334
0.06718233771001299,0.12734349071979523,0.9649140211640211,0.9634686147186148,0.9635755403949867,0.965
0.060834575444459915,0.1275913566350937,0.9673503348503348,0.965657166907167,0.96589794899923,0.9666666666666667
0.06078739324584603,0.13191375136375427,0.9685491822991822,0.9657623857623857,0.9657669966182776,0.9666666666666667
0.05967147136107087,0.12760227918624878,0.9639282014282015,0.9619534632034633,0.962234913630447,0.9633333333333333
0.055155950443198286,0.12765997648239136,0.9643306230806231,0.9625216450216448,0.9621694092995973,0.9633333333333334
0.05239429627545178,0.12432696670293808,0.9669316331816331,0.9640969215969215,0.9645368490780278,0.965
0.0527412216955175,0.1207074224948883,0.9691707366707368,0.9659096921596921,0.9666070799955128,0.9683333333333333
0.05577577270256976,0.12436261773109436,0.9637336274836273,0.9615175565175565,0.9613169520691507,0.9616666666666668
0.052825010769690074,0.12239575386047363,0.9671631146631147,0.9647913660413661,0.9648062201114654,0.965
0.04535217940186461,0.12197764962911606,0.9673894161394162,0.9650889850889851,0.965527673563165,0.9666666666666667
0.0434368298544238,0.1250365972518921,0.9644005531505532,0.9625216450216448,0.962134321580299,0.9633333333333334
0.04826860137594243,0.12039713561534882,0.969428811928812,0.9674037999038,0.9674337582192497,0.9683333333333333
0.047055252672483526,0.12107204645872116,0.9630809005809007,0.9609944684944685,0.9609871232732542,0.9616666666666668
0.04528930876404047,0.11737968027591705,0.9687672975172975,0.9656120731120731,0.966103760427548,0.9666666666666667
0.040306252505009375,0.11964158713817596,0.9663801476301477,0.9638985088985089,0.9640892735409382,0.965
0.03989761237365504,0.11987333744764328,0.9700449087949087,0.9674037999038,0.9674128208587983,0.9683333333333333
0.040797267419596515,0.11770480871200562,0.9714535002035003,0.9688858826358825,0.9693643203185426,0.9699999999999999
0.03705604413213829,0.12003539502620697,0.9659711122211122,0.9642352092352091,0.9640727848883276,0.965
0.037354158625627555,0.11526750773191452,0.9703128815628815,0.9684559884559883,0.9685995130147999,0.9699999999999999
0.038201959881310664,0.11928178369998932,0.969789886039886,0.9668025493025493,0.9673715666953542,0.9683333333333333
0.03816155747820934,0.11990325152873993,0.9679511692011692,0.9652994227994228,0.9656762120885153,0.9666666666666667
0.03632542622896532,0.11806903779506683,0.9676188626188625,0.9650889850889851,0.9652927677093334,0.9666666666666667
0.0337954091373831,0.11698359251022339,0.9693411680911682,0.9665710678210678,0.9670465488339585,0.9683333333333333
0.033587774727493525,0.11703483760356903,0.971618982868983,0.9687926887926888,0.9691282026636943,0.9699999999999999
0.03654082538560033,0.11687920987606049,0.9700449087949087,0.9674037999038,0.9674128208587983,0.9683333333333333
0.03708512134229144,0.12013532221317291,0.9684204915454916,0.9649086099086098,0.965303712812121,0.965
0.03454020223580301,0.11564074456691742,0.9703128815628815,0.9684559884559883,0.9685995130147999,0.9699999999999999
0.03072501610343655,0.11574713885784149,0.9734850797350797,0.9701815776815775,0.9706198000145593,0.9716666666666666
0.032587777667989336,0.11844669282436371,0.9703673641173641,0.9672775372775372,0.9674264482777292,0.9683333333333333
0.03176392257834474,0.1149442046880722,0.9699383486883487,0.9676954064454063,0.9679533855742745,0.9683333333333333
0.03069047466851771,0.12076905369758606,0.9703673641173641,0.9672775372775372,0.9674264482777292,0.9683333333333333
0.03146080059620241,0.1124766618013382,0.9708343508343509,0.9679930254930253,0.9685998336187011,0.9699999999999999
0.030626078601926565,0.12467168271541595,0.9697985810485811,0.965194203944204,0.9656000619721352,0.9666666666666667
0.0304456944965447,0.12400215864181519,0.969169487919488,0.966087061087061,0.9660402492858857,0.9666666666666665
0.02703418388652305,0.11571873724460602,0.9694707144707145,0.9664778739778739,0.9669977975473555,0.9683333333333333
0.029256132741769154,0.11356773972511292,0.9667595830095831,0.9637722462722462,0.9640382333620208,0.965
0.026293163381827373,0.11855064332485199,0.9724533337033336,0.9686664261664261,0.9692529569810496,0.9699999999999999
0.025521444583622117,0.11769960820674896,0.9698402985902984,0.9676022126022126,0.9675141873991429,0.9683333333333333
0.026446046812149387,0.11539405584335327,0.9682969345469346,0.9661802549302548,0.9663617014698026,0.9666666666666667
0.029524946856933337,0.11492639034986496,0.9735368335368336,0.9709692159692159,0.9713387211900022,0.9716666666666666
0.023376218508929014,0.1138874739408493,0.9709720372220373,0.9685612073112072,0.9690378766097458,0.9699999999999999
0.02453532376481841,0.11353009939193726,0.9735368335368336,0.9709692159692159,0.9713387211900022,0.9716666666666666
0.023108610572914284,0.11665238440036774,0.9734850797350797,0.9701815776815775,0.9706198000145593,0.9716666666666666
0.021927943686023355,0.1145554706454277,0.9713887038887039,0.9690241702741703,0.9692797278633417,0.9700000000000001
0.021178860877019662,0.11358170211315155,0.9748819698819698,0.9719282106782106,0.9725764418058356,0.9733333333333333
0.021085386048071086,0.11443173885345459,0.9732603970103971,0.9703078403078402,0.970719886768166,0.9716666666666666
0.021595359779894352,0.1171882376074791,0.972915279165279,0.9708760221260221,0.9708512781130451,0.9716666666666667
0.023360182414762676,0.11851360648870468,0.9715662578162579,0.9676142376142377,0.9677137405825654,0.9683333333333333
0.020461653592064977,0.1177002340555191,0.9714085451585451,0.9694871332371333,0.9694721358128501,0.9700000000000001
0.02186055318452418,0.11463316529989243,0.9744893532393534,0.972264911014911,0.9725666599179408,0.9733333333333333
0.01998226682189852,0.11447472870349884,0.9751597476597477,0.9719282106782106,0.9725660898389618,0.9733333333333333
0.020147570098439854,0.11499379575252533,0.974848716098716,0.972264911014911,0.972679114968611,0.9733333333333333
0.022545037053835888,0.1128951907157898,0.9764901302401302,0.9737800625300624,0.9742707990730829,0.975
0.021760315362674493,0.11907303333282471,0.9688476800976802,0.9659818422318421,0.9662820954801369,0.9666666666666667
0.02087322378065437,0.11680614948272705,0.9705583768083769,0.9674037999037998,0.9676310721562662,0.9683333333333333
0.019353747426066548,0.11805734038352966,0.974848716098716,0.972264911014911,0.972679114968611,0.9733333333333333
0.0206498914049007,0.11763463914394379,0.9700701613201613,0.9680982443482443,0.9679853572722958,0.9683333333333334
0.01851369704430302,0.11422380059957504,0.9764901302401302,0.9737800625300624,0.9742707990730829,0.975
0.01654277431468169,0.11480402946472168,0.974848716098716,0.972264911014911,0.972679114968611,0.9733333333333333
0.019554953963961452,0.11734561622142792,0.9724865874865877,0.9688979076479076,0.9696075627009804,0.9700000000000001
0.01921485038474202,0.11542294919490814,0.9745709383209383,0.972264911014911,0.9726894669354847,0.9733333333333333
0.01814174112708618,0.11916972696781158,0.9732603970103969,0.9708760221260221,0.9711771656508722,0.9716666666666667
0.017121751753923792,0.11528640240430832,0.974848716098716,0.972264911014911,0.972679114968611,0.9733333333333333
0.018051227399458487,0.11570107936859131,0.974848716098716,0.972264911014911,0.972679114968611,0.9733333333333333
0.018579574922720592,0.11386406421661377,0.9729826192326193,0.9708760221260221,0.971187517617746,0.9716666666666667
0.017189306129390996,0.11535563319921494,0.974767131017131,0.972264911014911,0.9725563079510672,0.9733333333333333
0.017129600009260077,0.11666222661733627,0.9688312150812152,0.9661201298701299,0.966422056911894,0.9666666666666668
0.015768737182952464,0.11625003814697266,0.9729680504680506,0.9692225829725829,0.969934006409777,0.9699999999999999
0.015372279449366033,0.11705359816551208,0.9719508732008734,0.9693608706108706,0.9698206745842364,0.9700000000000001
0.016453000134788454,0.11517693102359772,0.9736081048581049,0.971338985088985,0.9712445987263144,0.9716666666666667
0.01679278302860136,0.1159731075167656,0.9737220187220187,0.9707377344877344,0.9713112014101605,0.9716666666666666
0.014741498666505018,0.11417622864246368,0.9727721815221816,0.9710022847522848,0.9710741718841956,0.9716666666666667
0.016652137429142993,0.114555224776268,0.9704217541717542,0.967370731120731,0.9679974772850328,0.9683333333333333
0.014544124229966352,0.11545787751674652,0.9729826192326193,0.9708760221260221,0.971187517617746,0.9716666666666667
0.014846821509612104,0.11845958232879639,0.9729826192326193,0.9708760221260221,0.971187517617746,0.9716666666666667
0.014310013929692408,0.11718578636646271,0.9732603970103969,0.9708760221260221,0.9711771656508722,0.9716666666666667
0.014842482361321649,0.11750026047229767,0.972228650978651,0.9693608706108706,0.9698103226173626,0.9700000000000001
0.013927056027265886,0.11692136526107788,0.9749018111518111,0.9723911736411736,0.9727688497553441,0.9733333333333333
0.014694055173701296,0.11692049354314804,0.972228650978651,0.9693608706108706,0.9698103226173626,0.9700000000000001
0.014977625454775989,0.1170126423239708,0.9732603970103969,0.9708760221260221,0.9711771656508722,0.9716666666666667
0.012702119090439131,0.11880774796009064,0.9703767991267992,0.9679719817219817,0.9681052927793403,0.9683333333333334
0.0147907097513477,0.11775215715169907,0.9724865874865877,0.9688979076479076,0.9696075627009804,0.9700000000000001
0.014134518899178753,0.11805691570043564,0.9732603970103969,0.9708760221260221,0.9711771656508722,0.9716666666666667
0.014341903675813228,0.12525203824043274,0.9715102027602028,0.9677405002405002,0.967646208812135,0.9683333333333333
0.011866624059621245,0.11624041199684143,0.9738700651200651,0.9708760221260221,0.9714020067218344,0.9716666666666667
0.01123976098218312,0.11634200811386108,0.9729826192326193,0.9708760221260221,0.971187517617746,0.9716666666666667
0.012519678566604853,0.11882170289754868,0.9720182132682132,0.9694871332371332,0.9696969768838123,0.9700000000000001
0.01756079273764044,0.11914821714162827,0.9704217541717542,0.967370731120731,0.9679974772850328,0.9683333333333333
0.013372200812834004,0.1161104291677475,0.9749018111518111,0.9723911736411736,0.9727688497553441,0.9733333333333333
0.012631373014301062,0.1208394467830658,0.9708902671402672,0.9679719817219817,0.9683235440768083,0.9683333333333334
0.014518677819675455,0.12013725936412811,0.9726570189070189,0.9695592833092833,0.9700470315394263,0.9699999999999999
0.013584305784509828,0.11904197931289673,0.9754583842083843,0.972264911014911,0.9729039560395732,0.9733333333333333
0.011479724392605325,0.1185358464717865,0.9746240333740334,0.9723911736411736,0.9727792017222178,0.9733333333333333
0.01106267284679537,0.12324383109807968,0.9693246105746106,0.9665037277537278,0.9667975572094791,0.9666666666666667
0.01111751823918894,0.11992397159337997,0.9751597476597477,0.9719282106782106,0.9725660898389618,0.9733333333333333
0.010471311630681157,0.11685987561941147,0.9765937303437303,0.9742430254930254,0.9744583997172053,0.975
0.01191059012974923,0.1270783543586731,0.972228650978651,0.9693608706108706,0.9698103226173626,0.9700000000000001
0.01214051250523577,0.11896000802516937,0.9750524013024013,0.9725895863395863,0.9730159106442814,0.9733333333333332
0.011745624030785015,0.12260892242193222,0.9732603970103969,0.9708760221260221,0.9711771656508722,0.9716666666666667
0.011678723191531995,0.11826407164335251,0.9729573667073668,0.9708760221260221,0.971108357946111,0.9716666666666667
0.009946849992653975,0.12165506929159164,0.9732603970103969,0.9708760221260221,0.9711771656508722,0.9716666666666667
0.010640194193304827,0.12125599384307861,0.972228650978651,0.9693608706108706,0.9698103226173626,0.9700000000000001
0.010646480048308149,0.12536901235580444,0.9725316812816813,0.9695460557960559,0.9698980419156084,0.9699999999999999
0.011535879806615412,0.11725866049528122,0.9681652606652608,0.9663185425685427,0.9662337469015915,0.9666666666666667
0.011130827750700215,0.1187620609998703,0.9724323361823363,0.9696855459355459,0.970147118293033,0.9699999999999999
0.010676175394716362,0.12347713112831116,0.971871508121508,0.9692093554593555,0.9695753349872568,0.9699999999999999
0.009426289102217803,0.11906465142965317,0.972228650978651,0.9693608706108706,0.9698103226173626,0.9700000000000001
0.010244640541107705,0.12121254205703735,0.9695282957782957,0.9668284030784031,0.9671343528851494,0.9666666666666667
0.009128217216736326,0.12065301835536957,0.9673914511414513,0.964340428090428,0.9646641439516995,0.965
0.010574611350117872,0.12000453472137451,0.9738389850889851,0.9712127224627225,0.9713770655616799,0.9716666666666667
0.010064437063798929,0.12200423330068588,0.972228650978651,0.9693608706108706,0.9698103226173626,0.9700000000000001
0.008504947579543417,0.12149687111377716,0.9716015466015465,0.9690241702741703,0.9694551256302164,0.9699999999999999
0.011752446240279824,0.12241437286138535,0.9676439763939765,0.964188912938913,0.9647144508784367,0.965
0.012287120014661923,0.12015347927808762,0.9718462555962555,0.9692093554593555,0.9694961753156216,0.9699999999999999
0.009931773490582904,0.12510429322719574,0.9708397620897621,0.967694203944204,0.9682084919537471,0.9683333333333333
0.008890672062989324,0.12081868946552277,0.972228650978651,0.9693608706108706,0.9698103226173626,0.9700000000000001
0.008643104636576027,0.12544283270835876,0.972228650978651,0.9693608706108706,0.9698103226173626,0.9700000000000001
0.008768156733519087,0.12146633863449097,0.9658657083657084,0.9629515392015392,0.9631733160337617,0.9633333333333334
0.009394372949221482,0.12392072379589081,0.971871508121508,0.9692093554593555,0.9695753349872568,0.9699999999999999
0.00829717656597495,0.12376203387975693,0.972228650978651,0.9693608706108706,0.9698103226173626,0.9700000000000001
0.008668932491370166,0.12145936489105225,0.972228650978651,0.9693608706108706,0.9698103226173626,0.9700000000000001
0.009653708024416119,0.12411616742610931,0.9708397620897621,0.967694203944204,0.9682084919537471,0.9683333333333333
0.009106487986476472,0.12302190065383911,0.9699348799348799,0.9675090187590188,0.9677842818541095,0.9683333333333333
0.007573719999830549,0.12272059172391891,0.972228650978651,0.9693608706108706,0.9698103226173626,0.9700000000000001
0.008111511648166925,0.12557518482208252,0.9708397620897621,0.967694203944204,0.9682084919537471,0.9683333333333333
0.007862193422624841,0.12276720255613327,0.9738700651200651,0.9708760221260221,0.9714020067218344,0.9716666666666667
0.007621660062189524,0.12665852904319763,0.973178811928812,0.9708760221260221,0.9710543586333283,0.9716666666666667
0.011153068519585455,0.13147257268428802,0.9725316812816813,0.9695460557960559,0.9698980419156084,0.9699999999999999
0.008934904568983862,0.12483793497085571,0.9721470658970658,0.9693608706108706,0.9696875155998187,0.9700000000000001
0.007658876274945214,0.1251874417066574,0.9708397620897621,0.967694203944204,0.9682084919537471,0.9683333333333333
0.007267236311842377,0.12495560944080353,0.9699601324601325,0.9675090187590188,0.9678634415257447,0.9683333333333333
0.008353393389067302,0.12159224599599838,0.9715937303437304,0.9693608706108706,0.9694458683888846,0.9700000000000001
0.008292890367253372,0.12854763865470886,0.970808682058682,0.9679719817219817,0.9682007370592643,0.9683333333333334
0.007487496671577294,0.12463602423667908,0.9706995319495321,0.967370731120731,0.967987125318159,0.9683333333333333
0.008327562391059473,0.12369327247142792,0.9715684778184778,0.9692093554593555,0.9695065272824954,0.9699999999999999
0.007023697748081759,0.12886258959770203,0.9739205701705703,0.9712127224627225,0.9714998725792238,0.9716666666666667
0.007321854131684328,0.12677201628684998,0.9705619843119844,0.967694203944204,0.9682188439206209,0.9683333333333333
0.00742396140897957,0.1270078718662262,0.9739205701705703,0.9712127224627225,0.9714998725792238,0.9716666666666667
0.007893010353048643,0.12724341452121735,0.9699348799348799,0.9675090187590188,0.9677842818541095,0.9683333333333333
0.00819419296264338,0.12641823291778564,0.9708397620897621,0.967845719095719,0.9680686733885011,0.9683333333333333
0.006995100275768588,0.12542250752449036,0.9703515466015467,0.9679719817219817,0.9680261331077052,0.9683333333333333
0.007254395614533375,0.12777584791183472,0.9738700651200651,0.9708760221260221,0.9714020067218344,0.9716666666666667
0.008467988237195337,0.125703364610672,0.97378848003848,0.9708760221260221,0.9712791997042904,0.9716666666666667
0.006854481131692107,0.13114038109779358,0.9670308395308395,0.964651875901876,0.964771516446226,0.965
0.0065308168025997775,0.12781880795955658,0.9738389850889851,0.9712127224627225,0.9713770655616799,0.9716666666666667
0.007777228078339249,0.12316201627254486,0.9715937303437304,0.9693608706108706,0.9694458683888846,0.9700000000000001
0.007272441100212745,0.1285867691040039,0.9724811762311761,0.9692093554593555,0.9698001760582189,0.9699999999999999
0.005900619182890902,0.12676702439785004,0.9721470658970658,0.9693608706108706,0.9696875155998187,0.9700000000000001
0.006044077861588448,0.12792034447193146,0.972228650978651,0.9693608706108706,0.9698103226173626,0.9700000000000001
0.007273115722152094,0.12614884972572327,0.9722033984533985,0.9693608706108706,0.9697311629457275,0.9700000000000001
0.005741633280801277,0.12531493604183197,0.9722033984533985,0.9693608706108706,0.9697311629457275,0.9700000000000001
0.006504643863687913,0.12626659870147705,0.9722033984533985,0.9693608706108706,0.9697311629457275,0.9700000000000001
0.007405139661083619,0.1266539990901947,0.9731535594035594,0.9708760221260221,0.9709751989616932,0.9716666666666667
0.008097933595612025,0.13643105328083038,0.9717524605024606,0.9676142376142377,0.9680171715738369,0.9683333333333333
0.0071105633008604245,0.13031286001205444,0.9708397620897621,0.967694203944204,0.9682084919537471,0.9683333333333333
0.00796395777433645,0.132723867893219,0.9703767991267992,0.9679719817219817,0.9681052927793403,0.9683333333333334
0.007516004436183721,0.13095587491989136,0.9689996114996116,0.9661922799422799,0.9663585012189468,0.9666666666666667
0.006646369739125173,0.12854929268360138,0.9738700651200651,0.9708760221260221,0.9714020067218344,0.9716666666666667
0.007539906800957397,0.12844939529895782,0.972228650978651,0.9693608706108706,0.9698103226173626,0.9700000000000001
0.007140564538228015,0.12869611382484436,0.9721470658970658,0.9693608706108706,0.9696875155998187,0.9700000000000001
0.006558669148944318,0.12897679209709167,0.9739205701705703,0.9712127224627225,0.9714998725792238,0.9716666666666667
0.0066390851910303654,0.1255512684583664,0.9715937303437304,0.9693608706108706,0.9694458683888846,0.9700000000000001
0.006265921498804043,0.13453370332717896,0.9708397620897621,0.967694203944204,0.9682084919537471,0.9683333333333333
0.0067549093898075325,0.13254213333129883,0.9738389850889851,0.9712127224627225,0.9713770655616799,0.9716666666666667
0.006430293996042262,0.1346679925918579,0.9710165297665297,0.9683555796055797,0.9684871071713402,0.9683333333333333
0.005209621468869348,0.13126540184020996,0.972228650978651,0.9693608706108706,0.9698103226173626,0.9700000000000001
0.004996812043827958,0.1342882215976715,0.9693246105746106,0.9665037277537278,0.9667975572094791,0.9666666666666667
0.005719959216852051,0.13127659261226654,0.972228650978651,0.9693608706108706,0.9698103226173626,0.9700000000000001
0.004833042796235532,0.13380074501037598,0.972228650978651,0.9693608706108706,0.9698103226173626,0.9700000000000001
0.0051945735613116995,0.13170382380485535,0.9708397620897621,0.967694203944204,0.9682084919537471,0.9683333333333333
0.005145021908295651,0.12917885184288025,0.9739205701705703,0.9712127224627225,0.9714998725792238,0.9716666666666667
0.005481363245053217,0.13345995545387268,0.9721470658970658,0.9693608706108706,0.9696875155998187,0.9700000000000001
0.004547758910727377,0.13040563464164734,0.972228650978651,0.9693608706108706,0.9698103226173626,0.9700000000000001
0.005272026717041929,0.13448616862297058,0.9721470658970658,0.9693608706108706,0.9696875155998187,0.9700000000000001
0.004852466105755108,0.13223110139369965,0.9693246105746106,0.9665037277537278,0.9667975572094791,0.9666666666666667
0.005530028172264186,0.13469377160072327,0.9705619843119843,0.967694203944204,0.968143655950696,0.9683333333333333
0.005330762229277752,0.12981358170509338,0.9708397620897621,0.967845719095719,0.9680686733885011,0.9683333333333333
0.005434670902711029,0.13628657162189484,0.9693246105746106,0.9665037277537278,0.9667975572094791,0.9666666666666667
0.006353332340950146,0.13831575214862823,0.9700637325637326,0.9679719817219817,0.967990655696437,0.9683333333333333
0.006227919215840909,0.131412535905838,0.9705619843119843,0.967694203944204,0.968143655950696,0.9683333333333333
0.004280112741980702,0.13754487037658691,0.9693246105746106,0.9665037277537278,0.9667975572094791,0.9666666666666667
0.004859676885340984,0.1337169110774994,0.9721470658970658,0.9693608706108706,0.9696875155998187,0.9700000000000001
0.004568228046991862,0.13042765855789185,0.9732603970103969,0.9708760221260221,0.9711771656508722,0.9716666666666667
0.004939802679776524,0.13363775610923767,0.9699601324601325,0.9675090187590188,0.9678634415257447,0.9683333333333333
0.0044455901176358266,0.13149937987327576,0.972228650978651,0.9693608706108706,0.9698103226173626,0.9700000000000001
0.0047358670077907545,0.13738492131233215,0.9724500962000963,0.9695460557960559,0.9697752348980644,0.9699999999999999
0.005420350668525013,0.12974905967712402,0.9754341029341029,0.9735738335738335,0.9735609246125466,0.9733333333333333
0.004881001291020463,0.13174012303352356,0.9687101324601324,0.9664568302068303,0.9664344490032334,0.9666666666666667
0.004365861483771975,0.13393086194992065,0.9693498630998629,0.966688912938913,0.9668204405046735,0.9666666666666667
0.0041409878904232755,0.1297173947095871,0.9705619843119844,0.967845719095719,0.9680790253553749,0.9683333333333333
0.004841248975329411,0.13666537404060364,0.9724500962000963,0.9695460557960559,0.9697752348980644,0.9699999999999999
0.00453474451690757,0.13100489974021912,0.9705367317867318,0.967694203944204,0.9681396842489858,0.9683333333333333
0.0049885272164829075,0.1349894255399704,0.9738389850889851,0.9712127224627225,0.9713770655616799,0.9716666666666667
0.005447301499467964,0.13386665284633636,0.9691730954230953,0.9661790524290526,0.9665376481776402,0.9666666666666667
0.003825499593707112,0.1335858553647995,0.9738389850889851,0.9712127224627225,0.9713770655616799,0.9716666666666667
0.004483996861381456,0.13871446251869202,0.9724500962000963,0.9695460557960559,0.9697752348980644,0.9699999999999999
0.0053770993545185775,0.13487251102924347,0.9738389850889851,0.9712127224627225,0.9713770655616799,0.9716666666666667
0.005226062712608837,0.13994060456752777,0.969011544011544,0.9665037277537278,0.9664465653507471,0.9666666666666667
0.005745531195619454,0.13660161197185516,0.9735107022607022,0.971444203944204,0.9715881003951403,0.9716666666666667
0.004931820585625246,0.13655292987823486,0.9735634273134273,0.9710612073112074,0.971264884949118,0.9716666666666666
0.0048070756408075494,0.13683688640594482,0.970758177008177,0.967694203944204,0.9680856849362032,0.9683333333333333
0.0036701274608882764,0.13105368614196777,0.9721218133718134,0.9697775372775373,0.9699862697315248,0.9700000000000001
0.004343877551339877,0.13257409632205963,0.9734818422318422,0.9710612073112074,0.971142077931574,0.9716666666666666
0.003581043114536442,0.13219790160655975,0.9735107022607022,0.971444203944204,0.9715881003951403,0.9716666666666667
0.0042893051480253535,0.13332855701446533,0.9678094590594589,0.964663900913901,0.9648751586204137,0.965
0.004500867498184864,0.1366375982761383,0.970758177008177,0.967694203944204,0.9680856849362032,0.9683333333333333
0.003957357645655672,0.13389219343662262,0.9725316812816813,0.9695460557960559,0.9698980419156084,0.9699999999999999
0.0039943746936235884,0.13676756620407104,0.9708397620897621,0.967694203944204,0.9682084919537471,0.9683333333333333
0.003483201357691238,0.13321658968925476,0.9708397620897621,0.967694203944204,0.9682084919537471,0.9683333333333333
0.003545252009644173,0.133171945810318,0.9738389850889851,0.9712127224627225,0.9713770655616799,0.9716666666666667
0.004065578963491134,0.1320205181837082,0.9708397620897621,0.967694203944204,0.9682084919537471,0.9683333333333333
0.006948832407942973,0.14212770760059357,0.9635662485662485,0.9610533910533912,0.9607900212601047,0.9616666666666668
0.005847925599179386,0.1306827962398529,0.966904576904577,0.9643272005772006,0.9645303136001414,0.965
0.0035305939309182577,0.13890120387077332,0.9724500962000963,0.9695460557960559,0.9697752348980644,0.9699999999999999
0.003973008371152294,0.13583438098430634,0.9721470658970658,0.9693608706108706,0.9696875155998187,0.9700000000000001
0.0032197671631971994,0.1336669623851776,0.9678094590594589,0.964663900913901,0.9648751586204137,0.965
0.0038296889882379523,0.13549423217773438,0.9721470658970658,0.9693608706108706,0.9696875155998187,0.9700000000000001
0.002744112260794888,0.13496463000774384,0.970758177008177,0.967694203944204,0.9680856849362032,0.9683333333333333
0.0035053072933806106,0.13822340965270996,0.9708397620897621,0.967694203944204,0.9682084919537471,0.9683333333333333
0.003414623116744527,0.14356490969657898,0.9724500962000963,0.9695460557960559,0.9697752348980644,0.9699999999999999
0.0026464281351460763,0.1344829499721527,0.9691730954230953,0.9661790524290526,0.9665376481776402,0.9666666666666667
0.002867644167660425,0.13444781303405762,0.9678094590594589,0.964663900913901,0.9648751586204137,0.965
0.004368566476235476,0.138786181807518,0.9709349446849447,0.9683555796055797,0.9683643001537963,0.9683333333333333
0.004109377121494617,0.14157921075820923,0.9710165297665297,0.9683555796055797,0.9684871071713402,0.9683333333333333
0.003363693855741682,0.13708408176898956,0.9708397620897621,0.967694203944204,0.9682084919537471,0.9683333333333333
0.004097170055805084,0.13609130680561066,0.9669045769045769,0.9643272005772007,0.9645907670860222,0.965
0.0025289382077365494,0.13964834809303284,0.9710165297665297,0.9683555796055797,0.9684871071713402,0.9683333333333333
0.003731340356656195,0.13890716433525085,0.9708397620897621,0.967694203944204,0.9682084919537471,0.9683333333333333
0.0028739617870693714,0.13530029356479645,0.970758177008177,0.967694203944204,0.9680856849362032,0.9683333333333333
0.0038519588730802448,0.14261195063591003,0.9707834295334296,0.9678793891293892,0.9681085682313978,0.9683333333333333
0.002902829287146839,0.13648556172847748,0.9691730954230953,0.9661790524290526,0.9665376481776402,0.9666666666666667
0.0027000278132618405,0.1372082531452179,0.9724500962000963,0.9695460557960559,0.9697752348980644,0.9699999999999999
0.0031122388754738495,0.1325494647026062,0.9695013782513783,0.9665157527657527,0.966564708582275,0.9666666666666667
0.002740014300798066,0.13900333642959595,0.9708397620897621,0.967694203944204,0.9682084919537471,0.9683333333333333
0.0031469992973143235,0.1396350860595703,0.9724500962000963,0.9695460557960559,0.9697752348980644,0.9699999999999999
0.0031892008604093767,0.1384020447731018,0.9662943075443075,0.9634734247234248,0.9634642238761457,0.9633333333333334
0.003081848260383898,0.13865917921066284,0.9691167628667628,0.9663305675805676,0.9663541822664854,0.9666666666666667
0.004282473569522456,0.14665882289409637,0.9679862267362266,0.9653252765752766,0.9651537738380068,0.965
0.004230657087949415,0.1431606113910675,0.9735107022607022,0.971444203944204,0.9715881003951403,0.9716666666666667
0.0033516629822164155,0.14370641112327576,0.9662943075443075,0.9634734247234248,0.9634642238761457,0.9633333333333334
0.003527405657223426,0.1442182958126068,0.9691730954230953,0.9661790524290526,0.9665376481776402,0.9666666666666667
0.004633138557740797,0.14958655834197998,0.9724500962000963,0.9695460557960559,0.9697752348980644,0.9699999999999999
0.0034808557878326005,0.13885891437530518,0.9704803992303992,0.9684139009139009,0.968254767061807,0.9683333333333333
0.0033041531181273362,0.1381320059299469,0.9678094590594589,0.964663900913901,0.9648751586204137,0.965
0.0031731596342676007,0.14007121324539185,0.9695013782513783,0.9665157527657527,0.966564708582275,0.9666666666666667
0.0035050839748388776,0.14498811960220337,0.9708397620897621,0.967694203944204,0.9682084919537471,0.9683333333333333
0.00345350703234241,0.13973693549633026,0.9678094590594589,0.964663900913901,0.9648751586204137,0.965
0.005392764707115323,0.14857840538024902,0.9632820882820882,0.9618530543530545,0.9610558224523765,0.9616666666666666
0.0033735318429535255,0.14373701810836792,0.9678094590594589,0.964663900913901,0.9648751586204137,0.965
0.0035286585480207577,0.14247626066207886,0.9708397620897621,0.967694203944204,0.9682084919537471,0.9683333333333333
0.002356804921873845,0.1432255506515503,0.9708397620897621,0.967694203944204,0.9682084919537471,0.9683333333333333
0.0027509099527378567,0.14216263592243195,0.970758177008177,0.967694203944204,0.9680856849362032,0.9683333333333333
0.002828419630532153,0.14659294486045837,0.9724500962000963,0.9695460557960559,0.9697752348980644,0.9699999999999999
0.002845067734597251,0.145328551530838,0.9708397620897621,0.967694203944204,0.9682084919537471,0.9683333333333333
0.002167514804265617,0.14040642976760864,0.9725064287564288,0.9695460557960559,0.9698188822439732,0.9699999999999999
0.002745021180696009,0.1459590047597885,0.9724500962000963,0.9695460557960559,0.9697752348980644,0.9699999999999999
0.0021205136144999415,0.13943149149417877,0.9708650146150145,0.9680309042809044,0.9682271981395014,0.9683333333333333
0.0025446665725515536,0.1437714695930481,0.9678094590594589,0.964663900913901,0.9648751586204137,0.965
0.002509020923753269,0.1426616907119751,0.9694508732008731,0.9661790524290524,0.9664668427248856,0.9666666666666667
0.002334350259237302,0.14546285569667816,0.9676579439079438,0.9649885762385764,0.9651267134333722,0.965
0.0023513768464908935,0.14879243075847626,0.9724500962000963,0.9695460557960559,0.9697752348980644,0.9699999999999999
0.0021247770346235484,0.1427023708820343,0.9675316812816813,0.964663900913901,0.9648855105872874,0.965
0.002595379310757077,0.14179196953773499,0.9690915103415102,0.9667472342472343,0.9666529363981914,0.9666666666666667
0.003518404560357643,0.14389821887016296,0.9668229918229917,0.9648953823953824,0.9647060553065736,0.965
0.003083863453260468,0.14344090223312378,0.9678094590594589,0.964663900913901,0.9648751586204137,0.965
0.0017747246408058952,0.14414545893669128,0.970758177008177,0.967694203944204,0.9680856849362032,0.9683333333333333
0.0024936635284878625,0.1408250629901886,0.967727873977874,0.964663900913901,0.9647523516028698,0.965
0.0019631425796736344,0.1423250287771225,0.9704551467051465,0.9682623857623859,0.968315425955418,0.9683333333333333
0.002704819099259718,0.14333392679691315,0.970758177008177,0.967694203944204,0.9680856849362032,0.9683333333333333
0.0017742783359911603,0.1407863199710846,0.9708397620897621,0.967694203944204,0.9682084919537471,0.9683333333333333
0.002556324739998672,0.14130288362503052,0.9711748436748436,0.9684139009139009,0.9686412404917587,0.9683333333333333
0.0021387093850838332,0.1450703740119934,0.9697564935064934,0.9669919432419433,0.9668885519597819,0.9666666666666667
0.002118835662258789,0.1501767635345459,0.9710165297665297,0.9683555796055797,0.9684871071713402,0.9683333333333333
0.00257149930378849,0.1452200710773468,0.9690915103415102,0.9667472342472343,0.9666529363981914,0.9666666666666667
0.002603162569963994,0.14933040738105774,0.9724500962000963,0.9695460557960559,0.9697752348980644,0.9699999999999999
0.0025701898121042177,0.14495721459388733,0.9678094590594589,0.964663900913901,0.9648751586204137,0.965
0.0024803366153112925,0.14655104279518127,0.9708397620897621,0.967694203944204,0.9682084919537471,0.9683333333333333
0.001678112717248344,0.14254331588745117,0.9691730954230953,0.9661790524290526,0.9665376481776402,0.9666666666666667
0.0018873627341235988,0.14049243927001953,0.9678094590594589,0.964663900913901,0.9648751586204137,0.965
0.004173961851241377,0.14970776438713074,0.9721723184223184,0.9695460557960559,0.9697103988950132,0.9699999999999999
0.004311283305772425,0.14519846439361572,0.968296657046657,0.9664568302068303,0.9660159954619729,0.9666666666666667
0.003492567741583722,0.14693817496299744,0.970381609131609,0.9682040644540645,0.9681872835381832,0.9683333333333333
0.005028105103216755,0.14233380556106567,0.970758177008177,0.967694203944204,0.9680856849362032,0.9683333333333333
0.0028436166661170623,0.14462213218212128,0.970758177008177,0.967694203944204,0.9680856849362032,0.9683333333333333
0.003018125903812082,0.14177601039409637,0.9678094590594589,0.964663900913901,0.9648751586204137,0.965
0.003151543982918762,0.14643827080726624,0.9662943075443075,0.9634734247234248,0.9634642238761457,0.9633333333333334
0.0026488511454469212,0.146093487739563,0.9655409405409404,0.9628120490620491,0.9629282775287957,0.9633333333333334
0.002665428290735387,0.15200501680374146,0.9719044612794613,0.9674627224627225,0.9681982852776364,0.9683333333333333
0.0019507687466102652,0.143032506108284,0.9704803992303992,0.9684139009139009,0.968254767061807,0.9683333333333333
0.0019015535775300425,0.14477920532226562,0.9678094590594589,0.964663900913901,0.9648751586204137,0.965
0.0035101891068431237,0.1446901261806488,0.9725637325637325,0.9700805675805676,0.9702430711553743,0.9699999999999999
0.002289266230945941,0.14458036422729492,0.9694508732008731,0.9661790524290524,0.9664668427248856,0.9666666666666667
0.0021078820160861747,0.14818578958511353,0.9708397620897621,0.967694203944204,0.9682084919537471,0.9683333333333333
0.0027045034051601156,0.15276789665222168,0.9678094590594589,0.964663900913901,0.9648751586204137,0.965
0.003313802126892066,0.14473848044872284,0.9707329244829244,0.9682623857623858,0.9682446205026634,0.9683333333333333
0.0024461416760459542,0.15175692737102509,0.9711153198653198,0.9672775372775373,0.9678840125894191,0.9683333333333333
0.002999870150233619,0.14618895947933197,0.9678094590594589,0.964663900913901,0.9648751586204137,0.965
0.0028040808174409904,0.14632317423820496,0.9661427923927923,0.9629972342472343,0.963208491953747,0.9633333333333334
0.0023404966147306063,0.14707456529140472,0.9694508732008731,0.9661790524290524,0.9664668427248856,0.9666666666666667
0.002156018146100299,0.148106187582016,0.9743019480519481,0.9712127224627225,0.9716328200373833,0.9716666666666666
0.002410357517267888,0.14633609354496002,0.9691730954230953,0.9661790524290526,0.9665376481776402,0.9666666666666667
0.0015494720501010306,0.15037208795547485,0.9675064287564287,0.9645123857623857,0.9648709815109734,0.965
0.001584224325294296,0.15481364727020264,0.9708397620897621,0.967694203944204,0.9682084919537471,0.9683333333333333
0.0018310854405475159,0.15361708402633667,0.9692430254930255,0.9665037277537278,0.9666747501919352,0.9666666666666667
0.0023870941398248155,0.14567188918590546,0.9678094590594589,0.964663900913901,0.9648751586204137,0.965
0.0016902228708204348,0.15051358938217163,0.970758177008177,0.967694203944204,0.9680856849362032,0.9683333333333333
0.0025940358791558538,0.15658381581306458,0.9678094590594589,0.964663900913901,0.9648751586204137,0.965
0.0020068760374366925,0.15152829885482788,0.9694197931697932,0.9665157527657527,0.966441901564731,0.9666666666666667
0.0018825846042697474,0.15151530504226685,0.9691167628667628,0.9663305675805676,0.9663541822664854,0.9666666666666667
0.0014999739287304692,0.15366744995117188,0.967727873977874,0.964663900913901,0.9647523516028698,0.965
0.001420552993901462,0.15173494815826416,0.967727873977874,0.964663900913901,0.9647523516028698,0.965
0.0013332611500421383,0.15474995970726013,0.9690915103415102,0.9661790524290526,0.9664148411600962,0.9666666666666667
0.0028064168873243034,0.1500655710697174,0.9695797258297257,0.9663305675805676,0.9666099367421888,0.9666666666666667
0.002487273286533309,0.15128883719444275,0.9691167628667628,0.9663305675805676,0.9663541822664854,0.9666666666666667
0.001750379031970321,0.1560007631778717,0.970758177008177,0.967694203944204,0.9680856849362032,0.9683333333333333
0.0015936678973957896,0.14960148930549622,0.967727873977874,0.964663900913901,0.9647523516028698,0.965
0.0017654475620171677,0.14964306354522705,0.967727873977874,0.964663900913901,0.9647523516028698,0.965
0.0015983546157561552,0.1532142162322998,0.9678094590594589,0.964663900913901,0.9648751586204137,0.965
0.002549394989425006,0.157900869846344,0.9691167628667628,0.9663305675805676,0.9663541822664854,0.9666666666666667
0.0021579977619694546,0.15427467226982117,0.9662127224627225,0.9634734247234248,0.9633414168586018,0.9633333333333334
0.0025204588564520236,0.15902340412139893,0.9619248344248345,0.9597234247234248,0.9590626956998273,0.9599999999999999
0.0033073117059151023,0.1546519696712494,0.969726430976431,0.9656108706108707,0.9662821819258035,0.9666666666666667
0.0017768142970453482,0.15070247650146484,0.969369288119288,0.9661790524290524,0.9663440357073417,0.9666666666666667
0.0017057293395434197,0.154543936252594,0.9662127224627225,0.9634734247234248,0.9633414168586018,0.9633333333333334
0.0028174087795681166,0.15742801129817963,0.9615554815554814,0.9592935305435306,0.9587085401050941,0.96
0.001826229593765068,0.15259170532226562,0.9712000962000961,0.9679972342472342,0.9683424863600526,0.9683333333333333
0.0013969466563139576,0.1533907949924469,0.967727873977874,0.964663900913901,0.9647523516028698,0.965
0.0022824305730561414,0.16601288318634033,0.9666261978761979,0.962905242905243,0.9633232104229726,0.9633333333333334
0.0016985064066830091,0.15588617324829102,0.9662943075443075,0.9634734247234248,0.9634642238761457,0.9633333333333334
0.0018555993944270692,0.15751756727695465,0.969726430976431,0.9656108706108707,0.9662821819258035,0.9666666666666667
0.0019350909108955723,0.1521558165550232,0.9697516835016836,0.965947570947571,0.9663008881115579,0.9666666666666667
0.0017008242854596272,0.1469019502401352,0.9712000962000961,0.9679972342472342,0.9683424863600526,0.9683333333333333
0.0017885137519139487,0.1563795804977417,0.9695749158249157,0.9656108706108707,0.9662100318536534,0.9666666666666667
0.0024531725624304577,0.15429121255874634,0.9679357216857216,0.9649885762385763,0.9650559079806177,0.965
0.0019219451908914682,0.15488848090171814,0.9678094590594589,0.964663900913901,0.9648751586204137,0.965
0.00184132518916158,0.15728244185447693,0.9694197931697932,0.9665157527657527,0.966441901564731,0.9666666666666667
0.0018024078017333522,0.154924675822258,0.9704551467051465,0.9682623857623859,0.968315425955418,0.9683333333333333
0.001718192956711088,0.15877094864845276,0.9681461593961593,0.9651400913900914,0.9653218090154647,0.965
0.0018078770614617194,0.15609893202781677,0.967727873977874,0.964663900913901,0.9647523516028698,0.965
0.0019306444834607344,0.1548229455947876,0.9662127224627225,0.9634734247234248,0.9633414168586018,0.9633333333333334
0.001971724588656798,0.1662120670080185,0.9712668350168351,0.9674627224627225,0.9678995818155146,0.9683333333333333
0.0012178666256659199,0.15766829252243042,0.9678094590594589,0.964663900913901,0.9648751586204137,0.965
0.0020304299772154386,0.15746115148067474,0.9694508732008731,0.9661790524290524,0.9664668427248856,0.9666666666666667
0.002748922421839476,0.15758685767650604,0.9696613109113108,0.9663305675805676,0.9667327437597327,0.9666666666666667
0.001420096503958727,0.1565207839012146,0.9678094590594589,0.964663900913901,0.9648751586204137,0.965
0.0021521205599128734,0.15601857006549835,0.9721470658970658,0.9693608706108706,0.9696875155998187,0.9700000000000001
0.002273555517604109,0.1593143790960312,0.9679357216857216,0.9649885762385763,0.9650559079806177,0.965
0.0015534535947760257,0.15938343107700348,0.9662943075443075,0.9634734247234248,0.9634642238761457,0.9633333333333334
0.002354826710264509,0.1547665297985077,0.9690915103415102,0.9667472342472343,0.9666529363981914,0.9666666666666667
0.0017617700044259739,0.15652720630168915,0.9678094590594589,0.964663900913901,0.9648751586204137,0.965
0.0011221314938059852,0.1555831879377365,0.9691167628667628,0.9663305675805676,0.9663541822664854,0.9666666666666667
0.0017053148979660666,0.15593001246452332,0.9681461593961593,0.9651400913900914,0.9653218090154647,0.965
0.001490475311584305,0.15864232182502747,0.968308682058682,0.9648490860990862,0.964911113811033,0.965
0.0018355247690730418,0.15456116199493408,0.9712000962000961,0.9679972342472342,0.9683424863600526,0.9683333333333333
0.0011238296792726032,0.16293549537658691,0.967727873977874,0.964663900913901,0.9647523516028698,0.965
0.002090299319509844,0.15190665423870087,0.9744155844155844,0.9717472342472343,0.9721006562946931,0.9716666666666667
0.001253864686683907,0.16266760230064392,0.970758177008177,0.967694203944204,0.9680856849362032,0.9683333333333333
0.0016156832437748865,0.1565590500831604,0.967727873977874,0.964663900913901,0.9647523516028698,0.965
0.0011336874607271359,0.15795515477657318,0.9678094590594589,0.964663900913901,0.9648751586204137,0.965
0.0014422329962447595,0.16737505793571472,0.9683986846486846,0.9649885762385764,0.9654535108189931,0.965
0.001439426065189764,0.15404058992862701,0.970295214045214,0.9682287157287157,0.9682961900637563,0.9683333333333333
0.003574579672810311,0.15969878435134888,0.9697875735375735,0.966655242905243,0.9669134931199365,0.9666666666666667
0.0012238951154965132,0.16545400023460388,0.969726430976431,0.9656108706108707,0.9662821819258035,0.9666666666666667
0.0013553252113827814,0.16193842887878418,0.967727873977874,0.964663900913901,0.9647523516028698,0.965
0.0033892389983520843,0.18714629113674164,0.9675189393939395,0.9617015392015392,0.962500613093784,0.9616666666666668
0.002409948308923049,0.161052405834198,0.968351972101972,0.9664105339105339,0.9658596280441415,0.9666666666666667
0.0018245675407039623,0.16563187539577484,0.9665274077774076,0.9632750120250121,0.9634838542725878,0.9633333333333334
0.0011044608375717264,0.1695418655872345,0.9649306711806712,0.9620845358345359,0.9619501125107758,0.9616666666666668
0.0021036625245566634,0.16920986771583557,0.9665446127946128,0.962905242905243,0.9632004034054287,0.9633333333333334
0.002103700678465733,0.16144418716430664,0.9712716450216451,0.9681824194324194,0.96829948670405,0.9683333333333333
0.002218283416974979,0.16045965254306793,0.9656672031672032,0.9631367243867244,0.9631090268889997,0.9633333333333334
0.0013340021566060993,0.15896277129650116,0.9697875735375735,0.966655242905243,0.9669134931199365,0.9666666666666667
