training_loss,validation_loss,precision,recall,f1,accuracy
1.4398411835233371,0.7000607252120972,0.8932970732970732,0.8734229196729196,0.8597838917768442,0.8700000000000001
0.5150805326799551,0.3701137900352478,0.9329691835941835,0.9326641414141413,0.930036102129065,0.93
0.3234250470995903,0.2754093110561371,0.9394897694897696,0.9375330687830689,0.935529093392664,0.9366666666666666
0.2386377745618423,0.21473506093025208,0.9482861814111815,0.9473346560846562,0.9462136305119165,0.9466666666666667
0.1868399471665422,0.20257842540740967,0.9529233266733268,0.9512896825396825,0.9496584354819985,0.9500000000000001
0.15494148650517067,0.18717597424983978,0.9385433738374914,0.9358327320827321,0.9335384341457035,0.935
0.12655991657326618,0.15659457445144653,0.9571116383616384,0.9547120009620009,0.9547720289115339,0.9550000000000001
0.11619355343282223,0.1503324955701828,0.9560915010915011,0.9556301106301106,0.9542288766030073,0.9549999999999997
0.09521082136780024,0.13500568270683289,0.9547716403966405,0.9529443241943243,0.9523209807963768,0.9533333333333331
0.09081385858977835,0.14140212535858154,0.9542396492396493,0.9542412217412218,0.9525238467649851,0.9533333333333331
0.08421356525893013,0.14766791462898254,0.9630014892514892,0.960848780848781,0.95953748936361,0.96
0.07699067456026872,0.13735204935073853,0.967835729085729,0.9648170348170347,0.9642831601471952,0.965
0.06564422355343898,0.12748441100120544,0.9591956423206424,0.9571109908609908,0.9567817719084668,0.9566666666666664
0.06038057501427829,0.12318780273199081,0.9634846634846634,0.9625685425685426,0.9623535113056695,0.9633333333333334
0.059028404648415744,0.13377265632152557,0.9587380906130906,0.9550138287638287,0.9546776914993496,0.9550000000000001
0.05263237236067653,0.12015154212713242,0.9637397787397787,0.9625685425685426,0.9621892812861762,0.9633333333333334
0.0547634792358925,0.12388725578784943,0.9650148462648461,0.9623701298701298,0.9621870054113949,0.9633333333333333
0.050557592418044806,0.12874142825603485,0.9591166934916934,0.9554569504569504,0.9552458128326528,0.9550000000000001
0.0417515275379022,0.13990280032157898,0.9619104044104044,0.9598244348244349,0.958766296552112,0.96
0.039187177239606776,0.13721251487731934,0.9621754865504865,0.9577254689754691,0.9579090012534577,0.9566666666666667
0.04106037140203019,0.1251293122768402,0.9604096829096829,0.9590301827801828,0.9582100429462569,0.9583333333333334
0.043861854705028236,0.13187198340892792,0.966269055019055,0.9612848725348724,0.961346400205708,0.9616666666666668
0.03453297261148691,0.11662402004003525,0.9665604765604764,0.9640175565175566,0.9640889544581608,0.9633333333333334
0.03082473420848449,0.11306252330541611,0.968195878195878,0.9651160413660413,0.9654035964650225,0.965
0.03507837812261035,0.11934685707092285,0.9684708347208346,0.9666299903799903,0.9664072711379662,0.9666666666666665
0.029039231323016185,0.11814334988594055,0.9700511063011062,0.9658555796055796,0.9658661458614075,0.9666666666666667
0.029277033715819318,0.13267424702644348,0.9603822103822104,0.9590554353054354,0.9580861260687169,0.9583333333333334
0.027139183056230348,0.11924643814563751,0.9651667776667776,0.9626286676286676,0.9624424169936576,0.9616666666666668
0.026778064474153023,0.1559925079345703,0.9642630249867093,0.9547749472749473,0.9545361812632195,0.9533333333333333
0.02933739630195002,0.11871948838233948,0.9720288507788507,0.9688516113516114,0.9688980439335356,0.9699999999999999
0.02309202942221115,0.11968379467725754,0.9689633052133052,0.9644666907166908,0.9644317710574675,0.9649999999999999
0.021045848533200722,0.13601303100585938,0.9635783198283198,0.9590558515558515,0.9585381036520668,0.9583333333333334
0.028285666562927265,0.11711323261260986,0.9695482757982757,0.9662722462722462,0.9661154372558105,0.9666666666666667
0.020946575910784304,0.11266347020864487,0.9694896307396307,0.9674639249639249,0.9676283677128789,0.9683333333333333
0.019217402499634773,0.11662143468856812,0.9714186276686276,0.9679858104858104,0.9678307698534961,0.9683333333333333
0.023946727742441,0.12547846138477325,0.9660784585784586,0.9638912938912939,0.9633721522051267,0.9633333333333334
0.01814375468529761,0.12449666112661362,0.9641340141340141,0.9623761423761423,0.9616322953165283,0.9616666666666668
0.017634382529649884,0.11449482291936874,0.9751175213675215,0.9731577681577681,0.9731607389459724,0.9733333333333333
0.018247182946652174,0.11270260810852051,0.9755667943167943,0.9726358826358826,0.9728457351582044,0.9733333333333333
0.015022211358882487,0.12852072715759277,0.9632393532393532,0.9602928090428091,0.960021951681013,0.96
0.018104761276238907,0.11754396557807922,0.9685550098050096,0.9663395863395863,0.9661171436453215,0.9666666666666665
0.016801709056987118,0.12215879559516907,0.9676948976948977,0.965186988936989,0.9650322956255676,0.965
0.017270151894384373,0.12129506468772888,0.9673765586265586,0.964546657046657,0.9646286587152563,0.9649999999999999
0.01842244192569827,0.12811164557933807,0.9676812539312539,0.9634944684944685,0.9634331149970264,0.9633333333333333
0.017144936524952453,0.123675636947155,0.9702369852369852,0.9684950697450696,0.968275166520545,0.9683333333333333
0.013529996096622199,0.12260165810585022,0.9688480963480962,0.9663654401154401,0.9666894211112703,0.9666666666666667
0.01273465323417137,0.11656233668327332,0.9708403633403634,0.9693488455988456,0.9694213858863319,0.9699999999999999
0.011882494727615267,0.14925409853458405,0.9618757168757167,0.9583597883597883,0.9577221556793684,0.9583333333333334
0.014752035300868252,0.13054636120796204,0.9686061623561623,0.9648833573833574,0.9646334434042515,0.9649999999999999
0.013875020570897808,0.12879489362239838,0.9684604747104747,0.9648833573833574,0.9646810624518705,0.9649999999999999
0.012575985844402263,0.1227717399597168,0.9703563566063566,0.9674506974506974,0.9677071213602825,0.9683333333333333
0.011765264886586616,0.1252012550830841,0.9690585340585339,0.9667021404521404,0.9667866815904799,0.9666666666666667
0.012822701983774701,0.12666428089141846,0.9686622174122174,0.9647570947570947,0.9647009751746819,0.965
0.018802519363816828,0.1260160207748413,0.9682131757131757,0.9663654401154401,0.966385420368673,0.9666666666666667
0.014552783502343422,0.12708663940429688,0.970830327080327,0.9677873977873978,0.9677470162031789,0.9683333333333333
0.014430307957809418,0.12377125024795532,0.9712687312687313,0.9695472582972582,0.9696580948083956,0.9699999999999999
0.013788651510064179,0.13182340562343597,0.9690193602693603,0.964340428090428,0.9644993028278979,0.965
0.011515600238150606,0.1300538182258606,0.9703123265623265,0.966550024050024,0.9665386475911895,0.9666666666666665
0.010270435949981524,0.1283634752035141,0.9682131757131757,0.9663654401154401,0.966385420368673,0.9666666666666667
0.008610646929203844,0.13277937471866608,0.9685165297665298,0.9647570947570947,0.9647485942223009,0.965
0.0096927856017525,0.12976184487342834,0.9674954674954676,0.965186988936989,0.9649192351967176,0.965
0.011343626150240501,0.1318519413471222,0.9714991952491953,0.9684487734487734,0.968762723081631,0.9683333333333333
0.00937087923133125,0.13137266039848328,0.9726579439079438,0.9698707311207312,0.970078791275812,0.9699999999999999
0.009980106066601971,0.1240231990814209,0.9677848077848078,0.9661670274170274,0.9661487114466093,0.9666666666666667
0.011720309625767792,0.12864629924297333,0.9668495393495392,0.9648502886002887,0.9647229308114467,0.965
0.009455243634874932,0.131802037358284,0.9652612202612202,0.9634613997113998,0.9632209814937078,0.9633333333333334
0.010586456696425254,0.12572714686393738,0.9717783142783142,0.9696855459355459,0.9697337408478095,0.9699999999999999
0.007830534091529747,0.1292611062526703,0.9692294742294741,0.9668284030784031,0.9668666697885189,0.9666666666666667
0.01070875181661298,0.13489006459712982,0.9700511063011062,0.9658555796055796,0.9658661458614075,0.9666666666666667
0.008125717712876698,0.13088536262512207,0.9710165297665297,0.9683555796055797,0.9684871071713402,0.9683333333333333
0.01062037473214635,0.132741317152977,0.9694220131720132,0.9663985088985089,0.9662953253819229,0.9666666666666667
0.0061731475628524395,0.1377098113298416,0.9668495393495392,0.9648502886002887,0.9647229308114467,0.965
0.009633261720106626,0.13238966464996338,0.9658177933177933,0.963335137085137,0.963356087777937,0.9633333333333334
0.005253027988752971,0.13891303539276123,0.9688484200984201,0.9647570947570947,0.9650044061659532,0.965
0.009132305063152065,0.13382960855960846,0.9687480112480111,0.9665037277537278,0.9665402260797222,0.9666666666666667
0.007041176431812346,0.12952300906181335,0.9738389850889851,0.9712127224627225,0.9713770655616799,0.9716666666666667
0.011140267529602474,0.1350095570087433,0.9712943075443076,0.9677873977873978,0.9680194763217601,0.9683333333333333
0.00846522513408369,0.1391688883304596,0.9667543105043105,0.9634944684944685,0.9629284135662294,0.9633333333333333
0.006604160657540585,0.13797348737716675,0.9709912772412772,0.9683555796055797,0.968407947499705,0.9683333333333333
0.007359450954633455,0.13612613081932068,0.9693498630998629,0.966688912938913,0.9668204405046735,0.9666666666666667
0.006559343872747074,0.13882207870483398,0.9697985810485811,0.9662722462722463,0.9663801731696693,0.9666666666666667
0.005987147674507772,0.14020811021327972,0.9676948976948977,0.965186988936989,0.9650322956255676,0.965
0.006767416266181196,0.13905979692935944,0.9686622174122174,0.9647570947570947,0.9647009751746819,0.965
0.006073802525255208,0.13574989140033722,0.9709912772412772,0.9683555796055797,0.968407947499705,0.9683333333333333
0.0070744850527262315,0.1314917951822281,0.9652612202612202,0.9634613997113998,0.9632209814937078,0.9633333333333334
0.005249906685397339,0.1474350094795227,0.9681165824915824,0.9626737614237614,0.9631240255542539,0.9633333333333334
0.0063059111998882145,0.13907316327095032,0.9676696451696452,0.9651869889369888,0.9650450323616183,0.965
0.006092596673018609,0.13508743047714233,0.9690585340585339,0.9667021404521404,0.9667866815904799,0.9666666666666667
0.005367148361983709,0.13715828955173492,0.96758806008806,0.9653132515632517,0.9652749856840471,0.965
0.004828184503518666,0.13739830255508423,0.9709349446849447,0.9683555796055797,0.9683643001537963,0.9683333333333333
0.006215820355767694,0.14032357931137085,0.9679221704221703,0.9667021404521404,0.9660695633861494,0.9666666666666667
0.0053174156152332825,0.13698530197143555,0.9709912772412772,0.9683555796055797,0.968407947499705,0.9683333333333333
0.00568184933217708,0.14102506637573242,0.9710165297665297,0.9683555796055797,0.9684871071713402,0.9683333333333333
0.007541559452268605,0.14974629878997803,0.9676557239057239,0.9630904280904281,0.9633508113947112,0.9633333333333334
0.0053905569851243245,0.1608588993549347,0.9649664918414919,0.9586712361712362,0.9586669126811361,0.9583333333333334
0.005891346430871636,0.13413965702056885,0.9710165297665297,0.9683555796055797,0.9684871071713402,0.9683333333333333
0.0074115636574182036,0.13535043597221375,0.9726579439079438,0.9698707311207312,0.970078791275812,0.9699999999999999
0.005915835194173269,0.13790923357009888,0.9703894253894253,0.9680188792688793,0.968131910184194,0.9683333333333333
0.009439013607334346,0.14625856280326843,0.9687668350168349,0.9647570947570947,0.9648815991484092,0.965
0.005901342898141593,0.1377251148223877,0.9706882469382468,0.9680188792688793,0.9683995932808246,0.9683333333333333
0.004482002492295578,0.15732640027999878,0.9674342786842787,0.9632419432419432,0.9634128604567603,0.9633333333333334
0.005598782733917081,0.13871614634990692,0.9642294742294742,0.9619462481962482,0.9618541384601982,0.9616666666666668
0.0062821319346160935,0.14571969211101532,0.9726579439079438,0.9698707311207312,0.970078791275812,0.9699999999999999
0.004325545582105406,0.14799216389656067,0.9699031986531986,0.9662722462722463,0.9665607971433966,0.9666666666666667
0.004373095415454979,0.1389664262533188,0.9686896899396898,0.9665037277537278,0.9664331029810009,0.9666666666666667
0.004579195869155228,0.1422145813703537,0.9725763588263588,0.9698707311207312,0.969955984258268,0.9699999999999999
0.004329314489344445,0.1428220272064209,0.9661991711991712,0.9637981000481001,0.9635333364551856,0.9633333333333334
0.005476738554231512,0.14041385054588318,0.9709912772412772,0.9683555796055797,0.968407947499705,0.9683333333333333
0.004392675405445819,0.1420901119709015,0.9709912772412772,0.9683555796055797,0.968407947499705,0.9683333333333333
0.0035084657283732668,0.13823188841342926,0.9667530617530616,0.964651875901876,0.9647818684130997,0.965
0.00618747577633864,0.14683131873607635,0.9687227587227586,0.9665037277537278,0.9664610664080872,0.9666666666666667
0.005345774807210546,0.14393660426139832,0.969880166130166,0.966840428090428,0.9668079091763527,0.9666666666666667
0.005245531540519248,0.13931529223918915,0.9725064287564288,0.9695460557960559,0.9698188822439732,0.9699999999999999
0.004781231381154309,0.14416652917861938,0.9725763588263588,0.9698707311207312,0.969955984258268,0.9699999999999999
0.004418076035411407,0.1445096731185913,0.9726579439079438,0.9698707311207312,0.970078791275812,0.9699999999999999
0.0041572439537655255,0.14270314574241638,0.9709912772412772,0.9683555796055797,0.968407947499705,0.9683333333333333
0.005138443428829002,0.14507561922073364,0.9685107022607023,0.9648833573833574,0.9648017036291591,0.965
0.004521836298711908,0.1510399430990219,0.9647850297850297,0.9637981000481001,0.9628076586242446,0.9633333333333334
0.004761455022768739,0.15527260303497314,0.9688484200984201,0.9647570947570947,0.9650044061659532,0.965
0.003293799299475116,0.147499680519104,0.9709912772412772,0.9683555796055797,0.968407947499705,0.9683333333333333
0.004036374247031442,0.14051875472068787,0.9676579439079438,0.9649885762385763,0.9650662599474913,0.965
0.0032848130649654195,0.14858239889144897,0.962986087986088,0.959862914862915,0.9599787071282452,0.9600000000000001
0.003937960485927761,0.14404837787151337,0.9673591223591224,0.9649885762385763,0.9647985768508608,0.965
0.0034123775112675503,0.14792364835739136,0.9692294742294741,0.9668284030784031,0.9668666697885189,0.9666666666666667
0.003632041385571938,0.1511814445257187,0.9710165297665297,0.9683555796055797,0.9684871071713402,0.9683333333333333
0.0050367374302974595,0.1555158495903015,0.9621376771376772,0.9596314333814333,0.9586793603335422,0.96
0.0025541200739098713,0.14629052579402924,0.9725763588263588,0.9698707311207312,0.969955984258268,0.9699999999999999
0.0060598823086669045,0.1462750881910324,0.9709912772412772,0.9683555796055797,0.968407947499705,0.9683333333333333
0.003217195849477624,0.1464962363243103,0.9709096921596921,0.9683555796055797,0.9682851404821612,0.9683333333333333
0.004692005124525167,0.15094707906246185,0.9618485218485219,0.9600943963443963,0.9594691460016763,0.96
0.0034600623960917196,0.15272700786590576,0.9709349446849447,0.9683555796055797,0.9683643001537963,0.9683333333333333
0.004241441410461751,0.14835727214813232,0.9726579439079438,0.9698707311207312,0.970078791275812,0.9699999999999999
0.007331764623813797,0.1502184271812439,0.9692294742294741,0.9668284030784031,0.9668666697885189,0.9666666666666667
0.002994487622345332,0.14736154675483704,0.9675628075628074,0.9653132515632517,0.9651958260124119,0.965
0.004439566153450869,0.1493193656206131,0.9709349446849447,0.9683555796055797,0.9683643001537963,0.9683333333333333
0.005723910503244649,0.14653919637203217,0.9675628075628074,0.9653132515632517,0.9651958260124119,0.965
0.0031531167527039847,0.15733012557029724,0.9687668350168349,0.9647570947570947,0.9648815991484092,0.965
0.004145959709906795,0.15127913653850555,0.9709349446849447,0.9683555796055797,0.9683643001537963,0.9683333333333333
0.0055831131467130035,0.1546044945716858,0.9642294742294742,0.9619462481962482,0.9618541384601982,0.9616666666666668
0.003058369016798679,0.15433335304260254,0.9713137325637327,0.9680309042809044,0.968096036903077,0.9683333333333333
0.004477136482213003,0.14922252297401428,0.9642294742294742,0.9619462481962482,0.9618541384601982,0.9616666666666668
0.0033642241105553694,0.152165025472641,0.9709349446849447,0.9683555796055797,0.9683643001537963,0.9683333333333333
0.004203806958685163,0.1520751267671585,0.9676579439079438,0.9649885762385763,0.9650662599474913,0.965
0.0036943249870091677,0.15563254058361053,0.9687227587227586,0.9665037277537278,0.9664610664080872,0.9666666666666667
0.0026070118619827554,0.15676720440387726,0.9709349446849447,0.9683555796055797,0.9683643001537963,0.9683333333333333
0.002463941906171385,0.15323668718338013,0.9653894253894254,0.9631367243867244,0.9631193788558733,0.9633333333333334
0.003269665005063871,0.1547667682170868,0.9673591223591224,0.9649885762385763,0.9647985768508608,0.965
0.003568252475815825,0.15771831572055817,0.9709349446849447,0.9683555796055797,0.9683643001537963,0.9683333333333333
0.004083031900033045,0.15678668022155762,0.96758806008806,0.9653132515632517,0.9652749856840471,0.965
0.002827874809251322,0.15590748190879822,0.9673886298886298,0.9653132515632517,0.9651619252551971,0.965
0.004015490264767625,0.15289728343486786,0.9719666907166906,0.9698707311207312,0.9697311431873059,0.9699999999999999
0.0037776619331755987,0.1547638475894928,0.9709349446849447,0.9683555796055797,0.9683643001537963,0.9683333333333333
0.0026299213592816764,0.1524980664253235,0.9670813445813445,0.9649885762385764,0.9648693823036153,0.965
0.0066784324032293325,0.16137167811393738,0.96758806008806,0.9653132515632517,0.9652749856840471,0.965
0.0031445663310781433,0.15711309015750885,0.9709349446849447,0.9683555796055797,0.9683643001537963,0.9683333333333333
0.003670166688001094,0.15535816550254822,0.9710165297665297,0.9683555796055797,0.9684871071713402,0.9683333333333333
0.003908450375699128,0.16341793537139893,0.9673526936026935,0.9632419432419432,0.9632900534392165,0.9633333333333334
0.002174609966459684,0.1543746292591095,0.9709349446849447,0.9683555796055797,0.9683643001537963,0.9683333333333333
0.0033176968524154895,0.15440526604652405,0.9709349446849447,0.9683555796055797,0.9683643001537963,0.9683333333333333
0.003147875795548316,0.1576615273952484,0.9710165297665297,0.9683555796055797,0.9684871071713402,0.9683333333333333
0.003956691279502896,0.15975899994373322,0.9710165297665297,0.9683555796055797,0.9684871071713402,0.9683333333333333
0.002334860539122019,0.1560443490743637,0.9653894253894254,0.9631367243867244,0.9631193788558733,0.9633333333333334
0.003611158552909425,0.16474387049674988,0.9710165297665297,0.9683555796055797,0.9684871071713402,0.9683333333333333
0.0025621708531010277,0.15818330645561218,0.9693498630998629,0.9668404280904282,0.9668162633952333,0.9666666666666667
0.008047456239485959,0.15585100650787354,0.9693498630998629,0.9668404280904282,0.9668162633952333,0.9666666666666667
0.003159641993988771,0.16052860021591187,0.9710165297665297,0.9683555796055797,0.9684871071713402,0.9683333333333333
0.002295462868156998,0.15460385382175446,0.9693498630998629,0.9668404280904282,0.9668162633952333,0.9666666666666667
0.004731813286828886,0.16038376092910767,0.9724500962000963,0.9695460557960559,0.9697752348980644,0.9699999999999999
0.0031362361672411985,0.1594281792640686,0.9709349446849447,0.9683555796055797,0.9683643001537963,0.9683333333333333
0.002765631887693113,0.15878938138484955,0.9724500962000963,0.9695460557960559,0.9697752348980644,0.9699999999999999
0.002240888981759781,0.15966761112213135,0.9709349446849447,0.9683555796055797,0.9683643001537963,0.9683333333333333
0.003487925144630329,0.15324673056602478,0.9668819143819142,0.9649885762385764,0.9647563218747653,0.965
0.002782544346700888,0.1584654450416565,0.9710165297665297,0.9683555796055797,0.9684871071713402,0.9683333333333333
0.0027768615085127144,0.15722498297691345,0.9722192159692159,0.9696723184223184,0.969642768062699,0.9699999999999999
0.0024548245492042042,0.15977764129638672,0.9724500962000963,0.9695460557960559,0.9697752348980644,0.9699999999999999
0.0019393573165871203,0.16110610961914062,0.9710165297665297,0.9683555796055797,0.9684871071713402,0.9683333333333333
0.002571219030263213,0.1623675525188446,0.9710165297665297,0.9683555796055797,0.9684871071713402,0.9683333333333333
0.004732210848790904,0.20140384137630463,0.9595318760759937,0.9529699929699932,0.9527562905735701,0.9516666666666667
0.002267989231768297,0.1552286297082901,0.9693498630998629,0.9668404280904282,0.9668162633952333,0.9666666666666667
0.003909656554848577,0.16072383522987366,0.9709349446849447,0.9683555796055797,0.9683643001537963,0.9683333333333333
0.0021579979450810547,0.16198062896728516,0.9710165297665297,0.9683555796055797,0.9684871071713402,0.9683333333333333
0.0025878651892223084,0.17416143417358398,0.96871077996078,0.9654515392015393,0.9652507273548688,0.9649999999999999
0.001696404618996894,0.16138464212417603,0.9710165297665297,0.9683555796055797,0.9684871071713402,0.9683333333333333
0.0023489864494573944,0.16131874918937683,0.9709349446849447,0.9683555796055797,0.9683643001537963,0.9683333333333333
0.002845561735739466,0.16320644319057465,0.9709349446849447,0.9683555796055797,0.9683643001537963,0.9683333333333333
0.0021109712421700047,0.16547255218029022,0.9709349446849447,0.9683555796055797,0.9683643001537963,0.9683333333333333
0.0036817380290206834,0.16533403098583221,0.9709349446849447,0.9683555796055797,0.9683643001537963,0.9683333333333333
0.0015906639746390283,0.1652650088071823,0.9709349446849447,0.9683555796055797,0.9683643001537963,0.9683333333333333
0.0029326307145917476,0.16064484417438507,0.9679862267362266,0.9653252765752766,0.9651537738380068,0.965
0.002224211088711551,0.1722109317779541,0.9670813445813445,0.964837061087061,0.9646883742278703,0.965
0.0024555692143621854,0.1691529005765915,0.9710165297665297,0.9683555796055797,0.9684871071713402,0.9683333333333333
0.002385004624860206,0.17208550870418549,0.9638945313945313,0.9617147667147669,0.9611407865498479,0.9616666666666668
0.003133054417655027,0.1702459752559662,0.9710165297665297,0.9683555796055797,0.9684871071713402,0.9683333333333333
0.002003500073139245,0.16384434700012207,0.9679862267362266,0.9653252765752766,0.9651537738380068,0.965
0.0017836688954654771,0.16844676434993744,0.9658961408961408,0.9634613997113998,0.963585435722186,0.9633333333333334
0.0020043814705180316,0.17594800889492035,0.9699031986531986,0.9662722462722463,0.9665607971433966,0.9666666666666667
0.0034171449830561564,0.16776013374328613,0.9709349446849447,0.9683555796055797,0.9683643001537963,0.9683333333333333
0.0025230229778874977,0.1634841114282608,0.9696276408776408,0.966840428090428,0.9667454579424787,0.9666666666666667
0.0033633112604244766,0.16783146560192108,0.9709349446849447,0.9683555796055797,0.9683643001537963,0.9683333333333333
0.0020452344930769564,0.16330663859844208,0.9709349446849447,0.9683555796055797,0.9683643001537963,0.9683333333333333
0.001968588536935082,0.1622258722782135,0.9696276408776408,0.966840428090428,0.9667454579424787,0.9666666666666667
0.00261279061063154,0.16649910807609558,0.9724500962000963,0.9695460557960559,0.9697752348980644,0.9699999999999999
0.004656990880903322,0.1706322878599167,0.9699031986531986,0.9662722462722463,0.9665607971433966,0.9666666666666667
0.002364431968696105,0.15957164764404297,0.9709912772412772,0.9683555796055797,0.968407947499705,0.9683333333333333
0.0023484139959085346,0.1701025664806366,0.9621262996262997,0.9600943963443963,0.9594587940348026,0.96
0.0029347426801299057,0.16309155523777008,0.9709912772412772,0.9683555796055797,0.968407947499705,0.9683333333333333
0.0020732005529377298,0.15970058739185333,0.9692682780182779,0.9668404280904282,0.9666934563776893,0.9666666666666667
0.0029585149883738873,0.16341817378997803,0.9693498630998629,0.9668404280904282,0.9668162633952333,0.9666666666666667
0.0029678174541913904,0.1600572019815445,0.9692682780182779,0.9668404280904282,0.9666934563776893,0.9666666666666667
0.0023884970190313957,0.16019226610660553,0.9692682780182779,0.9668404280904282,0.9666934563776893,0.9666666666666667
0.00230515285996565,0.17332707345485687,0.9707680976430977,0.965947570947571,0.966519087282649,0.9666666666666667
0.0015043011226225644,0.15768198668956757,0.9724248436748438,0.9695460557960559,0.9696960752264293,0.9699999999999999
0.002624795808515046,0.17361000180244446,0.9706860269360269,0.966840428090428,0.9667292068783699,0.9666666666666667
0.002177172932230557,0.16545027494430542,0.9692682780182779,0.9668404280904282,0.9666934563776893,0.9666666666666667
0.0014550077661018197,0.1620178073644638,0.9676579439079438,0.9649885762385764,0.9651267134333722,0.965
0.0024241280492181736,0.16007083654403687,0.9676579439079438,0.9649885762385764,0.9651267134333722,0.965
0.002812763353479871,0.16508249938488007,0.9693498630998629,0.9668404280904282,0.9668162633952333,0.9666666666666667
0.001973188038391527,0.1880563348531723,0.9650850769600768,0.958949013949014,0.9588723132890137,0.9583333333333334
0.0021341860398630765,0.16534575819969177,0.9676579439079438,0.9649885762385764,0.9651267134333722,0.965
0.0014350616972175583,0.16986314952373505,0.9710165297665297,0.9683555796055797,0.9684871071713402,0.9683333333333333
0.0019999359780437467,0.16421853005886078,0.9668819143819142,0.9649885762385764,0.9647563218747653,0.965
0.002074313877528766,0.1657111942768097,0.9685233285233285,0.9665037277537278,0.9663480059792371,0.9666666666666667
0.002104391793788333,0.16190114617347717,0.9692682780182779,0.9668404280904282,0.9666934563776893,0.9666666666666667
0.001774847451694465,0.16157248616218567,0.9692682780182779,0.9668404280904282,0.9666934563776893,0.9666666666666667
0.0016849213801227354,0.1662820279598236,0.9724500962000963,0.9695460557960559,0.9697752348980644,0.9699999999999999
0.0017165361617420178,0.16545063257217407,0.9673591223591224,0.9649885762385763,0.9647985768508608,0.965
0.0017824868712826476,0.1649903655052185,0.9693498630998629,0.9668404280904282,0.9668162633952333,0.9666666666666667
0.0027962727872363757,0.16524402797222137,0.9676579439079438,0.9649885762385763,0.9650662599474913,0.965
0.0019296318569104187,0.16533857583999634,0.9679357216857216,0.9649885762385763,0.9650559079806177,0.965
0.002096444370787746,0.16733238101005554,0.9693498630998629,0.9668404280904282,0.9668162633952333,0.9666666666666667
0.0017675925155344885,0.16604065895080566,0.9696276408776408,0.966840428090428,0.9667454579424787,0.9666666666666667
0.002454238074278692,0.16628624498844147,0.964025789025789,0.9616215728715729,0.9615173427845277,0.9616666666666668
0.001623765345963572,0.16897952556610107,0.9693498630998629,0.9668404280904282,0.9668162633952333,0.9666666666666667
0.0014966392894469511,0.16792307794094086,0.9693498630998629,0.9668404280904282,0.9668162633952333,0.9666666666666667
0.0012313810099537175,0.16760003566741943,0.9656672031672032,0.9631367243867244,0.9631090268889997,0.9633333333333334
0.002766768169143082,0.1701648086309433,0.9676579439079438,0.9649885762385764,0.9651267134333722,0.965
0.0020226010832023653,0.16782604157924652,0.9692993580493581,0.9665037277537278,0.966718397537844,0.9666666666666667
0.0017292926786467433,0.16846154630184174,0.9709349446849447,0.9683555796055797,0.9683643001537963,0.9683333333333333
0.0024639188280464928,0.1680314987897873,0.9679357216857216,0.9649885762385763,0.9650559079806177,0.965
0.002335758506281612,0.1658523976802826,0.9673591223591224,0.9649885762385763,0.9647985768508608,0.965
0.002011450605399053,0.17045000195503235,0.9709349446849447,0.9683555796055797,0.9683643001537963,0.9683333333333333
0.004773125178568686,0.16823451220989227,0.9693498630998629,0.9668404280904282,0.9668162633952333,0.9666666666666667
0.0012426175198925193,0.1697233021259308,0.9693498630998629,0.9668404280904282,0.9668162633952333,0.9666666666666667
0.0020042477178018694,0.17835786938667297,0.9693498630998629,0.9668404280904282,0.9668162633952333,0.9666666666666667
0.0021829354688331173,0.17804281413555145,0.9710165297665297,0.9683555796055797,0.9684871071713402,0.9683333333333333
0.001961279684716525,0.1719294637441635,0.9676579439079438,0.9649885762385764,0.9651267134333722,0.965
0.0019834465141078303,0.17026647925376892,0.9693498630998629,0.9668404280904282,0.9668162633952333,0.9666666666666667
0.0022469938260959075,0.16844764351844788,0.9693498630998629,0.9668404280904282,0.9668162633952333,0.9666666666666667
0.0021991075888460423,0.168516606092453,0.9693498630998629,0.9668404280904282,0.9668162633952333,0.9666666666666667
0.001142204392332739,0.17107783257961273,0.9653894253894254,0.9631367243867245,0.9631798323417543,0.9633333333333334
0.0018918530258815736,0.17185327410697937,0.9693498630998629,0.9668404280904282,0.9668162633952333,0.9666666666666667
0.0030190749991258294,0.17353343963623047,0.9653894253894254,0.9631367243867245,0.9631798323417543,0.9633333333333334
0.0021698186901630834,0.17100289463996887,0.9645072520072521,0.9619462481962482,0.9618437864933246,0.9616666666666668
0.0018147849890131813,0.17305146157741547,0.9709349446849447,0.9683555796055797,0.9683643001537963,0.9683333333333333
0.0014160053954886582,0.16988562047481537,0.9670813445813445,0.9649885762385764,0.9648693823036153,0.965
0.00144558074195326,0.1699851006269455,0.9707834295334296,0.9680309042809044,0.9681043911219575,0.9683333333333333
0.0013377136941320107,0.1699637770652771,0.9676579439079438,0.9649885762385764,0.9651267134333722,0.965
0.0015904771717032418,0.17642496526241302,0.9653894253894254,0.9631367243867245,0.9631798323417543,0.9633333333333334
0.0016570807589838903,0.17313241958618164,0.9679046416546416,0.9653252765752766,0.9650309668204629,0.965
0.0012184866379053954,0.1744336187839508,0.9662943075443075,0.9634734247234248,0.9634642238761457,0.9633333333333334
0.001364991733377489,0.174533873796463,0.9693498630998629,0.9668404280904282,0.9668162633952333,0.9666666666666667
0.0014365656388690695,0.1734667867422104,0.9657177082177081,0.9634734247234248,0.9632068927463888,0.9633333333333334
0.0015083527347693841,0.17252638936042786,0.9657177082177081,0.9634734247234248,0.9632068927463888,0.9633333333333334
0.0013828186250369374,0.1756393015384674,0.9693498630998629,0.9668404280904282,0.9668162633952333,0.9666666666666667
0.0011732069336479374,0.17569582164287567,0.9653894253894254,0.9631367243867245,0.9631798323417543,0.9633333333333334
0.0009832147704097831,0.1701924055814743,0.9692682780182779,0.9668404280904282,0.9666934563776893,0.9666666666666667
0.0010858163756590027,0.1749175488948822,0.9676579439079438,0.9649885762385764,0.9651267134333722,0.965
0.0009436417276447173,0.16877177357673645,0.9679862267362266,0.9653252765752766,0.9651537738380068,0.965
0.0016631688849884085,0.17323260009288788,0.9679862267362266,0.9653252765752766,0.9651537738380068,0.965
0.002829281830296774,0.18002353608608246,0.9710165297665297,0.9683555796055797,0.9684871071713402,0.9683333333333333
0.0011803424240497407,0.17660753428936005,0.9693498630998629,0.9668404280904282,0.9668162633952333,0.9666666666666667
0.0010937224930482141,0.17391490936279297,0.9679357216857216,0.9649885762385763,0.9650559079806177,0.965
0.00123361882045477,0.17277924716472626,0.9693498630998629,0.9668404280904282,0.9668162633952333,0.9666666666666667
0.0012526806228076264,0.172275111079216,0.9679862267362266,0.9653252765752766,0.9651537738380068,0.965
0.0018080135499379442,0.174157977104187,0.9692682780182779,0.9668404280904282,0.9666934563776893,0.9666666666666667
0.002243416542720903,0.17348742485046387,0.9693498630998629,0.9668404280904282,0.9668162633952333,0.9666666666666667
0.001475646319401373,0.1783948540687561,0.9710165297665297,0.9683555796055797,0.9684871071713402,0.9683333333333333
0.001493499055262267,0.17483389377593994,0.9693498630998629,0.9668404280904282,0.9668162633952333,0.9666666666666667
0.0019239924052574982,0.17419438064098358,0.9692682780182779,0.9668404280904282,0.9666934563776893,0.9666666666666667
0.0015836368741778035,0.17255620658397675,0.9692682780182779,0.9668404280904282,0.9666934563776893,0.9666666666666667
0.0014674505776686904,0.17086361348628998,0.9692682780182779,0.9668404280904282,0.9666934563776893,0.9666666666666667
0.0013801093252065282,0.17252859473228455,0.9645072520072521,0.9619462481962482,0.9618437864933246,0.9616666666666668
0.0010315942927263677,0.1730014979839325,0.9693498630998629,0.9668404280904282,0.9668162633952333,0.9666666666666667
0.0022324434175970964,0.18563216924667358,0.9596893846893847,0.9559277296777298,0.9557683178443264,0.9566666666666666
0.0021685481503178985,0.1727522313594818,0.9676579439079438,0.9649885762385764,0.9651267134333722,0.965
0.0016210786076650645,0.17433416843414307,0.9642294742294742,0.9619462481962482,0.9618541384601982,0.9616666666666668
0.0026883157042902894,0.17293807864189148,0.9696276408776408,0.966840428090428,0.9667454579424787,0.9666666666666667
0.0015200292206524562,0.18075940012931824,0.9710165297665297,0.9683555796055797,0.9684871071713402,0.9683333333333333
0.0011218639738217462,0.17439892888069153,0.9679862267362266,0.9653252765752766,0.9651537738380068,0.965
0.0013778086213278584,0.17647455632686615,0.9709349446849447,0.9683555796055797,0.9683643001537963,0.9683333333333333
0.0015840713216069464,0.17295269668102264,0.9618485218485219,0.9600943963443963,0.9594691460016763,0.96
0.0014733858758215017,0.1757047027349472,0.9679862267362266,0.9653252765752766,0.9651537738380068,0.965
0.001597292321700176,0.17477606236934662,0.9692682780182779,0.9668404280904282,0.9666934563776893,0.9666666666666667
0.001517575628289099,0.1714940071105957,0.9693498630998629,0.9668404280904282,0.9668162633952333,0.9666666666666667
0.0012097066877079972,0.1744799017906189,0.9662943075443075,0.9634734247234248,0.9634642238761457,0.9633333333333334
0.0012191913362282019,0.18257871270179749,0.9710165297665297,0.9683555796055797,0.9684871071713402,0.9683333333333333
0.0017467755266504053,0.17582008242607117,0.9679862267362266,0.9653252765752766,0.9651537738380068,0.965
0.001088575610992848,0.17001812160015106,0.9671204258704259,0.964663900913901,0.964179716123753,0.965
0.0013267852167094436,0.17304347455501556,0.9679862267362266,0.9653252765752766,0.9651537738380068,0.965
0.0016839148847793695,0.18012921512126923,0.9710165297665297,0.9683555796055797,0.9684871071713402,0.9683333333333333
0.0015109609691232133,0.1730283945798874,0.9657177082177081,0.9634734247234248,0.9632068927463888,0.9633333333333334
0.0012484482322179247,0.18009507656097412,0.9693498630998629,0.9668404280904282,0.9668162633952333,0.9666666666666667
0.0007446606796293054,0.17779242992401123,0.9710165297665297,0.9683555796055797,0.9684871071713402,0.9683333333333333
0.0014148772364327062,0.17783614993095398,0.9693498630998629,0.9668404280904282,0.9668162633952333,0.9666666666666667
0.0017494173140827722,0.1762913316488266,0.9662943075443075,0.9634734247234248,0.9634642238761457,0.9633333333333334
0.001987801068025874,0.1756579875946045,0.9662127224627225,0.9634734247234248,0.9633414168586018,0.9633333333333334
0.0011943624849664047,0.1796274036169052,0.9679862267362266,0.9653252765752766,0.9651537738380068,0.965
0.001438736357158632,0.17916981875896454,0.9651343563843563,0.9622829485329486,0.9621989834804706,0.9616666666666668
0.0009676872881148787,0.17468677461147308,0.9709349446849447,0.9683555796055797,0.9683643001537963,0.9683333333333333
0.0015860720365405239,0.17809444665908813,0.9692682780182779,0.9668404280904282,0.9666934563776893,0.9666666666666667
0.0012610837062917806,0.18064628541469574,0.9628658378658378,0.9604310966810967,0.9602521023888526,0.9600000000000001
0.0029647313373667807,0.17753414809703827,0.9679046416546416,0.9653252765752766,0.9650309668204629,0.965
0.001705813591494613,0.17804120481014252,0.9712017149517148,0.9685070947570948,0.9686738485345522,0.9683333333333333
0.0013992591981756657,0.17413106560707092,0.9707834295334296,0.9680309042809044,0.9681043911219575,0.9683333333333333
0.0015073331536162489,0.17481932044029236,0.9711201298701297,0.9685070947570948,0.9685510415170082,0.9683333333333333
0.003064644789750067,0.17462800443172455,0.9679862267362266,0.9653252765752766,0.9651537738380068,0.965
0.001391887530189706,0.1748647689819336,0.9692682780182779,0.9668404280904282,0.9666934563776893,0.9666666666666667
0.0012725033799749024,0.17325302958488464,0.9679046416546416,0.9653252765752766,0.9650309668204629,0.965
0.0011560403315039973,0.17730824649333954,0.9693498630998629,0.9668404280904282,0.9668162633952333,0.9666666666666667
0.0016638218033525238,0.17530229687690735,0.9662943075443075,0.9634734247234248,0.9634642238761457,0.9633333333333334
0.0017195131410214042,0.17970363795757294,0.9693498630998629,0.9668404280904282,0.9668162633952333,0.9666666666666667
0.001100453091567033,0.17524532973766327,0.9662943075443075,0.9634734247234248,0.9634642238761457,0.9633333333333334
0.0016674414206742465,0.1871052384376526,0.9699031986531986,0.9662722462722463,0.9665607971433966,0.9666666666666667
0.0011750790326914284,0.1748504638671875,0.9679862267362266,0.9653252765752766,0.9651537738380068,0.965
0.001004562467035915,0.1750253438949585,0.9679862267362266,0.9653252765752766,0.9651537738380068,0.965
0.0017616675340832444,0.18605995178222656,0.9710165297665297,0.9683555796055797,0.9684871071713402,0.9683333333333333
0.0012785929429810494,0.176548570394516,0.9679862267362266,0.9653252765752766,0.9651537738380068,0.965
0.00117347111881827,0.17389771342277527,0.9683414270914271,0.9653252765752766,0.9652994681865997,0.965
0.001737713018277039,0.17810305953025818,0.9692682780182779,0.9668404280904282,0.9666934563776893,0.9666666666666667
0.001792774676384094,0.1842414140701294,0.9709349446849447,0.9683555796055797,0.9683643001537963,0.9683333333333333
0.001105118772102287,0.17701499164104462,0.9679862267362266,0.9653252765752766,0.9651537738380068,0.965
0.0014063714897929458,0.18135665357112885,0.9679862267362266,0.9653252765752766,0.9651537738380068,0.965
0.001954050221684156,0.17693540453910828,0.9724500962000963,0.9695460557960559,0.9697752348980644,0.9699999999999999
0.0018167692869610619,0.1771879643201828,0.9693498630998629,0.9668404280904282,0.9668162633952333,0.9666666666666667
0.0007541778456167473,0.17833885550498962,0.9709349446849447,0.9683555796055797,0.9683643001537963,0.9683333333333333
0.001440659428529519,0.18120113015174866,0.9621202871202871,0.9592015392015393,0.9590046494139912,0.96
0.0015065646615160706,0.18039155006408691,0.9693498630998629,0.9668404280904282,0.9668162633952333,0.9666666666666667
0.0009689292498175442,0.17931829392910004,0.9662943075443075,0.9634734247234248,0.9634642238761457,0.9633333333333334
0.0018501793783798348,0.17466019093990326,0.9662943075443075,0.9634734247234248,0.9634642238761457,0.9633333333333334
0.0017509221155099415,0.18090006709098816,0.9676579439079438,0.9649885762385764,0.9651267134333722,0.965
0.0008994986922819711,0.17710213363170624,0.9679862267362266,0.9653252765752766,0.9651537738380068,0.965
0.0008432389343700682,0.17811620235443115,0.9676579439079438,0.9649885762385764,0.9651267134333722,0.965
0.001226090345880948,0.17762862145900726,0.9647176897176896,0.9620977633477633,0.9621096875281716,0.9616666666666668
0.0009027275652139602,0.1797342300415039,0.9727867965367966,0.9700222462722463,0.9702218852931151,0.9699999999999999
0.0024982916881223596,0.1766628623008728,0.966232841232841,0.9632882395382395,0.9635206222724396,0.9633333333333334
0.0009733974305466594,0.1765102595090866,0.9708397620897621,0.967694203944204,0.9682084919537471,0.9683333333333333
0.0013746371999635205,0.18029528856277466,0.9663591038591038,0.963612914862915,0.9637013716326434,0.9633333333333334
0.001284280917995299,0.18170718848705292,0.9676579439079438,0.9649885762385764,0.9651267134333722,0.965
0.0005544585898557367,0.18259607255458832,0.9616448366448366,0.959769721019721,0.9591323503260059,0.96
0.0017573998835966147,0.17663328349590302,0.9679357216857216,0.9649885762385763,0.9650559079806177,0.965
0.0007502793681245142,0.1816445291042328,0.9676579439079438,0.9649885762385764,0.9651267134333722,0.965
0.0014252252506897396,0.17949846386909485,0.964025789025789,0.9616215728715729,0.9615173427845277,0.9616666666666668
0.00127709277694521,0.18158313632011414,0.9676579439079438,0.9649885762385764,0.9651267134333722,0.965
0.001469716030745379,0.1833605170249939,0.964025789025789,0.9616215728715729,0.9615173427845277,0.9616666666666668
0.0012167593310247564,0.1825244426727295,0.9676579439079438,0.9649885762385764,0.9651267134333722,0.965
0.0007589988302546166,0.18022501468658447,0.9690915103415102,0.9661790524290526,0.9664148411600962,0.9666666666666667
0.0024147433092972883,0.18258342146873474,0.9675763588263587,0.9649885762385764,0.9650039064158283,0.965
0.0008841588902820755,0.18308940529823303,0.964025789025789,0.9616215728715729,0.9615173427845277,0.9616666666666668
0.0013316908801546863,0.18416999280452728,0.9653894253894254,0.9631367243867245,0.9631798323417543,0.9633333333333334
0.00076617128191477,0.18209651112556458,0.9712017149517148,0.9685070947570948,0.9686738485345522,0.9683333333333333
0.0008285025451186812,0.18375305831432343,0.9709349446849447,0.9683555796055797,0.9683643001537963,0.9683333333333333
0.00152765463887287,0.1794014275074005,0.9708650146150145,0.9680309042809044,0.9682271981395014,0.9683333333333333
0.0011060202990241426,0.17953357100486755,0.964025789025789,0.9616215728715729,0.9615173427845277,0.9616666666666668
0.0009967352058689964,0.18280622363090515,0.9724500962000963,0.9695460557960559,0.9697752348980644,0.9699999999999999
0.0009800963634916116,0.18216633796691895,0.9655409405409404,0.9628120490620491,0.9629282775287957,0.9633333333333334
0.0016280603789103527,0.18021389842033386,0.964025789025789,0.9616215728715729,0.9615173427845277,0.9616666666666668
0.000813778193332837,0.18040871620178223,0.9662943075443075,0.9634734247234248,0.9634642238761457,0.9633333333333334
0.0015731306533173968,0.18530479073524475,0.9709349446849447,0.9683555796055797,0.9683643001537963,0.9683333333333333
0.0010438956906000385,0.1818464994430542,0.9679862267362266,0.9653252765752766,0.9651537738380068,0.965
0.0023185871274714978,0.17604827880859375,0.9694197931697932,0.9665157527657527,0.966441901564731,0.9666666666666667
0.0010210033803256617,0.1764281988143921,0.967727873977874,0.964663900913901,0.9647523516028698,0.965
0.0008997963171471687,0.17660078406333923,0.9655409405409404,0.9628120490620491,0.9629282775287957,0.9633333333333334
0.0008960854350637723,0.1759091317653656,0.9662943075443075,0.9634734247234248,0.9634642238761457,0.9633333333333334
0.000700475943328153,0.1781560778617859,0.9690915103415102,0.9661790524290526,0.9664148411600962,0.9666666666666667
0.0009015645476514086,0.17901912331581116,0.9662943075443075,0.9634734247234248,0.9634642238761457,0.9633333333333334
0.0008702331554862516,0.18349289894104004,0.9727867965367966,0.9700222462722463,0.9702218852931151,0.9699999999999999
0.0014915747748697565,0.17931818962097168,0.9651343563843563,0.9622829485329486,0.9621989834804706,0.9616666666666668
0.0012142880223109387,0.18223194777965546,0.9692682780182779,0.9668404280904282,0.9666934563776893,0.9666666666666667
0.0011761820296669612,0.18084514141082764,0.9679862267362266,0.9653252765752766,0.9651537738380068,0.965
0.000518020716602526,0.18038135766983032,0.9709349446849447,0.9683555796055797,0.9683643001537963,0.9683333333333333
0.0018324620420268427,0.18502864241600037,0.9668566618566619,0.964651875901876,0.9647376156890112,0.965
0.0022986415921574612,0.1849597692489624,0.970758177008177,0.967694203944204,0.9680856849362032,0.9683333333333333
0.0014823291730863275,0.1821211576461792,0.9628658378658378,0.9604310966810967,0.9602521023888526,0.9600000000000001
0.0009745539725069344,0.18268567323684692,0.9620000370000369,0.959769721019721,0.9592780446745987,0.96
0.001096042558250095,0.17956745624542236,0.970758177008177,0.967694203944204,0.9680856849362032,0.9683333333333333
0.000948439703885621,0.18234305083751678,0.964025789025789,0.9616215728715729,0.9615173427845277,0.9616666666666668
0.000803809819141558,0.18034003674983978,0.9655409405409404,0.9628120490620491,0.9629282775287957,0.9633333333333334
0.0010770445860543987,0.18207445740699768,0.9692430254930255,0.9665037277537278,0.9666747501919352,0.9666666666666667
0.0007408920209854841,0.18009158968925476,0.9679046416546416,0.9653252765752766,0.9650309668204629,0.965
0.002031895016140576,0.18581655621528625,0.9693246105746106,0.9665037277537278,0.9667975572094791,0.9666666666666667
0.0010124617535135865,0.17634402215480804,0.9655409405409404,0.9628120490620491,0.9629282775287957,0.9633333333333334
0.0009897912805172382,0.17342999577522278,0.9707834295334296,0.9680309042809044,0.9681043911219575,0.9683333333333333
0.0017901226031729796,0.18321500718593597,0.964025789025789,0.9616215728715729,0.9615173427845277,0.9616666666666668
0.0008402359089814126,0.1826913058757782,0.9655409405409404,0.9628120490620491,0.9629282775287957,0.9633333333333334
0.0006223865675565321,0.18049363791942596,0.967727873977874,0.964663900913901,0.9647523516028698,0.965
0.0012417583178224352,0.17994056642055511,0.9694197931697932,0.9665157527657527,0.966441901564731,0.9666666666666667
0.0010745396648417227,0.18623629212379456,0.964025789025789,0.9616215728715729,0.9615173427845277,0.9616666666666668
0.0010731108153170983,0.18951138854026794,0.9657177082177081,0.9634734247234248,0.9632068927463888,0.9633333333333334
0.0008344348079845076,0.18267405033111572,0.9662943075443075,0.9634734247234248,0.9634642238761457,0.9633333333333334
0.0006418642642529448,0.18389718234539032,0.9662943075443075,0.9634734247234248,0.9634642238761457,0.9633333333333334
