training_loss,validation_loss,precision,recall,f1,accuracy
0.3937285300344229,2.84840726852417,0.7385171674993144,0.552566793228558,0.5416276466140307,0.5516666666666666
0.1278213501597444,0.21588826179504395,0.9330423974173975,0.9258283383283384,0.9241632799414687,0.9249999999999999
0.08013106447954972,0.3947015702724457,0.9343698080478772,0.8997079772079773,0.8822773664462042,0.8966666666666666
0.057440890736567475,0.4963834285736084,0.9159095083766137,0.8982971195471197,0.8968783258977977,0.8950000000000001
0.03831641282886267,1.9661678075790405,0.8414295126179364,0.698533536180595,0.7009258092530497,0.7033333333333333
0.045426964992657304,0.311214804649353,0.9248100048100049,0.9144764712411771,0.9117788443934157,0.9116666666666666
0.030051795901575435,0.2776505947113037,0.9448194398194398,0.9333874458874459,0.9266887903721938,0.9333333333333332
0.03452762356027961,0.1757117211818695,0.9566489066489067,0.9573424723424724,0.9549640114179067,0.955
0.018575931132848684,0.14025543630123138,0.9642206258653626,0.9608904521404522,0.9604152967045348,0.9616666666666666
0.03331916903941116,0.4037374258041382,0.9212441752147634,0.9079624079624081,0.90501359529765,0.9083333333333335
0.03598045543185435,0.22283422946929932,0.9373076923076923,0.9343464405964407,0.9327279406699135,0.9333333333333335
0.051686997253758214,1.4571812152862549,0.7432367214707294,0.7510437710437712,0.7139903205301308,0.7516666666666666
0.043219801232529186,0.43952232599258423,0.9045601103689337,0.8825214328155505,0.8746589271878316,0.8816666666666668
0.040295862689769514,0.5264624357223511,0.9082329642894659,0.888690122513652,0.8813213694322731,0.8916666666666667
0.029462264947748434,0.45451653003692627,0.9168377163771901,0.8808261808997102,0.8806769448970172,0.8833333333333333
0.020814444508384138,0.17575953900814056,0.9519247966945336,0.9475674026409321,0.9467392247213328,0.9466666666666667
0.017612493393244222,0.23161983489990234,0.9370984108484107,0.9329587542087543,0.9293157661604116,0.9333333333333335
0.023070471317623742,0.21438193321228027,0.9425853966295143,0.9416327055297643,0.9384954738941409,0.94
0.028691022637455415,0.18824931979179382,0.954404455193929,0.9495601321336614,0.9497125263307343,0.9516666666666667
0.014681494940305129,0.28642207384109497,0.9335704573204574,0.926458263958264,0.9253162360791233,0.9249999999999999
0.017223613564662326,0.3888835310935974,0.9370306314056314,0.9286073186073187,0.9245132605375911,0.9283333333333332
0.01262742271986402,0.30193620920181274,0.9531758342420106,0.943020313020313,0.9422143241233711,0.94
0.020848764004767872,0.6498260498046875,0.9242003105590061,0.8701334014569309,0.867771927282023,0.8683333333333333
0.004034695451991865,0.12198266386985779,0.9676164576164576,0.9677555315055315,0.9664729071356576,0.9666666666666667
0.008529703392923693,0.9070447683334351,0.8802789358387183,0.8432996632996633,0.8346320135956692,0.8433333333333333
0.005427857156367584,0.22924141585826874,0.9532967032967034,0.9489592352092352,0.9465612547818879,0.9483333333333333
0.014674961251633553,0.4267372488975525,0.941752868591104,0.9169844044844044,0.9117039162708837,0.9166666666666666
0.010262300403458843,0.2993009388446808,0.9529898832104715,0.9384283771783771,0.9397082387316691,0.9383333333333334
0.0061170513060157345,0.2191171944141388,0.9459144559144558,0.9453317053317053,0.9420455956079704,0.9433333333333334
0.003473105579663146,0.1363046020269394,0.9637998112998113,0.9616107503607504,0.9603836795934657,0.96
0.004549166590246993,0.1976710557937622,0.9522196955091692,0.9530595793095794,0.9500335269025633,0.9516666666666665
0.009971462582446597,0.14346587657928467,0.9622668072668072,0.9600835738335737,0.9585260395077553,0.9583333333333334
0.019547250606895734,0.5236342549324036,0.8955207541140204,0.8702694228429522,0.8647592355405337,0.8683333333333333
0.03720110125868814,1.4978251457214355,0.8997473183134947,0.8500561285120108,0.837222989301833,0.85
0.03234333832127353,0.2700570821762085,0.9261442261442263,0.9243923668923668,0.9195199622246718,0.9199999999999999
0.029191412468208,0.41601723432540894,0.9275509012544617,0.9015734728234728,0.9030031100126762,0.9033333333333333
0.015335678346067047,0.4480245113372803,0.9217395594601476,0.8960279535279535,0.8857111046930998,0.8999999999999999
0.03121770971726316,1.067931056022644,0.8544650302335725,0.7651969952705246,0.7476861759203258,0.765
0.03588007284755198,0.4007417559623718,0.91638135013135,0.9072110297110297,0.9027808941990679,0.9049999999999999
0.03311010807616791,0.2732568681240082,0.9479956693346785,0.9400847763347763,0.9376447211202104,0.9383333333333335
0.02062322480196599,0.3602392077445984,0.9216461803303909,0.9082223794723795,0.905706347217116,0.9083333333333333
0.008431758973529213,0.1275063157081604,0.961163234913235,0.951552429052429,0.9531087758724611,0.955
0.002950329353552661,0.10685324668884277,0.9735524198024198,0.970546953046953,0.9707621576876301,0.9700000000000001
0.0010018965625325411,0.08191671967506409,0.9810387760387761,0.9794751082251082,0.9793710188444741,0.9783333333333334
0.0005941108884144342,0.06743566691875458,0.9844757094757095,0.983330327080327,0.9829969627893035,0.9816666666666666
0.000250263415940329,0.06444710493087769,0.9875108225108226,0.9862343674843675,0.9859925227718112,0.985
0.00023307184445305515,0.061271265149116516,0.985995670995671,0.9838534151034152,0.9839889707682591,0.9833333333333334
0.00015340645813921583,0.06109039485454559,0.9875108225108226,0.9862343674843675,0.9859925227718112,0.985
8.910973917863885e-05,0.06256835162639618,0.9856589706589708,0.9843825156325158,0.9840317384580857,0.9833333333333334
0.000126331846180013,0.06483715027570724,0.9875108225108226,0.9862343674843675,0.9859925227718112,0.985
8.28311837418975e-05,0.06239089369773865,0.9843769193769195,0.9825306637806639,0.9823846796345563,0.9816666666666668
0.00015236059766721155,0.06402966380119324,0.9875108225108226,0.9862343674843675,0.9859925227718112,0.985
0.00010859688131859002,0.0619969367980957,0.9856589706589708,0.9848454785954787,0.9843964253956626,0.9833333333333334
0.0003654386600449773,0.0711875781416893,0.9824182299182299,0.9811417748917749,0.980730611243915,0.9800000000000001
8.363187316717813e-05,0.06619886308908463,0.9861219336219337,0.9843825156325158,0.984287492933789,0.9833333333333334
7.281899464336068e-05,0.06738278269767761,0.9822919672919674,0.9810155122655124,0.9806647350910823,0.9800000000000001
7.261872300053558e-05,0.0679965540766716,0.985844155844156,0.9847192159692161,0.9843216789957042,0.9833333333333334
8.753736809315645e-05,0.06336469948291779,0.9829880304880305,0.980678811928812,0.9805571007769261,0.9800000000000001
5.727767897193795e-05,0.06504067778587341,0.9841438191438193,0.9828673641173643,0.9826255194048078,0.9816666666666668
5.750417615975797e-05,0.06929777562618256,0.9839923039923041,0.9833303270803272,0.9827255816195558,0.9816666666666668
5.106190864504848e-05,0.06603787839412689,0.9841438191438193,0.9828673641173643,0.9826255194048078,0.9816666666666668
0.0005219856044125967,0.0716949850320816,0.9832658082658083,0.9811417748917749,0.9810717127519846,0.9800000000000001
0.00013073961023716643,0.07118348032236099,0.9798160635660635,0.9782377344877345,0.9779820792054544,0.9766666666666666
6.204346781638985e-05,0.06742460280656815,0.9789159914159914,0.9782377344877345,0.9777300478809078,0.9766666666666667
4.904667510648627e-05,0.06353344023227692,0.9789159914159914,0.9782377344877345,0.9777300478809078,0.9766666666666667
0.00021459658622309993,0.07168875634670258,0.9790753228253228,0.9785744348244348,0.9779946225369631,0.9766666666666666
4.684011196331994e-05,0.07178349047899246,0.9790753228253228,0.9785744348244348,0.9779946225369631,0.9766666666666666
9.643554921012765e-05,0.0711359977722168,0.9812239612239613,0.9792688792688793,0.9794872653754466,0.9783333333333332
5.883097696823825e-05,0.07233816385269165,0.9793721093721094,0.9778799903799903,0.9778911679992981,0.9766666666666666
5.816042452503704e-05,0.06952505558729172,0.9782888870388872,0.978006253006253,0.9776004596654864,0.9766666666666666
0.00024535775450355385,0.07611357420682907,0.9788307988307988,0.9765859140859141,0.9767978930791879,0.975
0.004575203309968856,0.31988245248794556,0.9336448695639872,0.9215151515151515,0.9175583097865757,0.9216666666666667
0.009606112672675712,0.28182974457740784,0.9332189596895479,0.9253072853072853,0.924537061926806,0.9249999999999999
0.012385499561484417,0.43814119696617126,0.9296884596884597,0.9093332130832131,0.9024887865091219,0.9083333333333333
0.01630306739267932,0.6477216482162476,0.9200233086630144,0.8946844413756178,0.8949462898567487,0.895
0.020963565349423636,0.45077085494995117,0.9189682856130225,0.9068839493839493,0.8999440124636315,0.9066666666666666
0.08781890463433228,1.884896159172058,0.8109464892386388,0.7167321485703839,0.7075400190653128,0.71
0.13088864150146642,2.0550689697265625,0.8116515905697826,0.6892625702184526,0.6754450109984992,0.6866666666666666
0.16652397625148296,0.6373783946037292,0.8853168227124177,0.8360559402471166,0.8311503783418468,0.835
0.05549124515770624,0.31415030360221863,0.9136771878219245,0.9131702094202093,0.9103466731391644,0.9149999999999999
0.04520423859745885,0.5592213273048401,0.9235691677603443,0.9090010316480907,0.9041002119337863,0.9049999999999999
0.031020103211631067,0.33868247270584106,0.9316088541088542,0.9271473134708428,0.9231102769422307,0.9233333333333333
0.018543608850450255,0.2786467373371124,0.9446905458089669,0.9384432234432235,0.9346065565214395,0.9316666666666668
0.01862928514977587,0.3370475172996521,0.9388522085213261,0.9318789081289082,0.9294261862881336,0.9300000000000002
0.015294019625192353,0.14351952075958252,0.9672953897953898,0.9665494227994228,0.9653431580654513,0.9666666666666667
0.004902434572310692,0.12047740072011948,0.9766426628926629,0.9758645983645984,0.9752386117228852,0.975
0.010601730818355767,0.1428086906671524,0.9635160757858127,0.9627461590696883,0.9618930830462439,0.96
0.004121553863418133,0.12981541454792023,0.9732167369667369,0.9729858104858105,0.9720817248132948,0.9716666666666666
0.0005616507955892303,0.15369614958763123,0.9752680190180191,0.9743746993746994,0.9737970506773621,0.9733333333333333
0.0008104407631132441,0.14717578887939453,0.9727802290302292,0.9706709956709957,0.9701040872043475,0.9699999999999999
0.0003694653534391061,0.14520201086997986,0.9752680190180191,0.9743746993746994,0.9737970506773621,0.9733333333333333
0.00021965881084421804,0.1366797536611557,0.9752680190180191,0.9743746993746994,0.9737970506773621,0.9733333333333333
0.00015895168136618545,0.13851481676101685,0.9752680190180191,0.9743746993746994,0.9737970506773621,0.9733333333333333
0.0001501039667649214,0.13309922814369202,0.9765500703000703,0.9757635882635882,0.9751883550251882,0.975
0.0001233482361537123,0.13814832270145416,0.9752680190180191,0.9743746993746994,0.9737970506773621,0.9733333333333333
0.0007375574206965515,0.13877087831497192,0.9785197672697672,0.9777417027417027,0.9770994734008375,0.9766666666666666
0.0035933405294296485,0.17086319625377655,0.9698985042735043,0.965969215969216,0.9654283258851729,0.965
0.0016184120067919139,0.13291798532009125,0.9763297813297814,0.973502886002886,0.9734618566279063,0.9733333333333333
0.00020335376348157297,0.13874313235282898,0.9718532856032857,0.9686207311207311,0.9684854751014845,0.9683333333333333
0.0002753708762763078,0.14248879253864288,0.9718532856032857,0.9686207311207311,0.9684854751014845,0.9683333333333333
0.00026579459055634896,0.13073588907718658,0.9726375013875014,0.971120731120731,0.9704172095214744,0.9700000000000001
0.00014277915314172182,0.12351332604885101,0.975961445961446,0.9741762866762866,0.9738698518547871,0.9733333333333332
7.904231521630815e-05,0.11917626857757568,0.9797577422577423,0.9767436267436267,0.976956223830478,0.9766666666666666
7.647573931990337e-05,0.1172868013381958,0.9810540385540385,0.9782587782587783,0.9785917669366092,0.9783333333333334
0.0003410778408958019,0.13926035165786743,0.9745384707884709,0.9719877344877345,0.9718260480456381,0.9716666666666666
0.00038072764876536286,0.13451367616653442,0.9747897935397934,0.9727873977873979,0.9722485451068144,0.9716666666666666
0.0001067580769055591,0.12788784503936768,0.9747897935397934,0.9727873977873979,0.9722485451068144,0.9716666666666666
0.000281237762692399,0.1320531964302063,0.9747897935397934,0.9727873977873979,0.9722485451068144,0.9716666666666666
0.0002492485405127809,0.1257430613040924,0.9780094905094905,0.9755651755651754,0.975269949320674,0.975
7.948279467958248e-05,0.135934978723526,0.9793057868057867,0.9770803270803271,0.9769054924268054,0.9766666666666666
9.112258733997199e-05,0.13070689141750336,0.9789211714211713,0.9770803270803271,0.9766949661110158,0.9766666666666666
6.10222407431138e-05,0.1287386119365692,0.9793057868057867,0.9770803270803271,0.9769054924268054,0.9766666666666666
4.7270655272768636e-05,0.1334126591682434,0.9782068857068856,0.9752284752284752,0.9750401078114207,0.975
5.050559862714484e-05,0.13023149967193604,0.9793057868057867,0.9770803270803271,0.9769054924268054,0.9766666666666666
7.394095255601012e-05,0.14130204916000366,0.9777207052207052,0.9752284752284752,0.9752739134794369,0.975
5.843758585418376e-05,0.13030174374580383,0.980587838087838,0.9784692159692159,0.9782967967746314,0.9783333333333332
4.3398936592590566e-05,0.13169798254966736,0.980587838087838,0.9784692159692159,0.9782967967746314,0.9783333333333332
3.967761951647238e-05,0.13239681720733643,0.9790027565027565,0.976617364117364,0.976665217827263,0.9766666666666666
4.247307822424773e-05,0.12735503911972046,0.980587838087838,0.9784692159692159,0.9782967967746314,0.9783333333333332
4.1482647494225e-05,0.13124734163284302,0.980587838087838,0.9784692159692159,0.9782967967746314,0.9783333333333332
3.652155393751855e-05,0.1337631493806839,0.9789211714211713,0.9770803270803271,0.9766949661110158,0.9766666666666666
3.3224423380791755e-05,0.13095131516456604,0.9802848077848078,0.9785954785954787,0.9783574556682422,0.9783333333333334
3.47709657262385e-05,0.12406402826309204,0.9819514744514745,0.9799843674843675,0.9799592863318578,0.98
3.110508074162984e-05,0.13687288761138916,0.977533485033485,0.9747655122655122,0.9749777084555431,0.975
4.443506374703551e-05,0.13346615433692932,0.980587838087838,0.9784692159692159,0.9782967967746314,0.9783333333333332
6.335973682780605e-05,0.1290622502565384,0.9789211714211713,0.9770803270803271,0.9766949661110158,0.9766666666666666
3.219584592291843e-05,0.12881684303283691,0.980587838087838,0.9784692159692159,0.9782967967746314,0.9783333333333332
8.744359005656104e-05,0.13533949851989746,0.9789211714211713,0.9770803270803271,0.9766949661110158,0.9766666666666666
2.9132763396925537e-05,0.13770319521427155,0.9790027565027565,0.976617364117364,0.976665217827263,0.9766666666666666
3.58235829859647e-05,0.13195019960403442,0.980587838087838,0.9784692159692159,0.9782967967746314,0.9783333333333332
3.117998411047059e-05,0.13217657804489136,0.9789211714211713,0.9770803270803271,0.9766949661110158,0.9766666666666666
4.756828167273852e-05,0.13010013103485107,0.980587838087838,0.9784692159692159,0.9782967967746314,0.9783333333333332
2.3946364782053326e-05,0.1341032236814499,0.980587838087838,0.9784692159692159,0.9782967967746314,0.9783333333333332
4.087785864233714e-05,0.13224753737449646,0.9819514744514745,0.9799843674843675,0.9799592863318578,0.98
3.154436706154229e-05,0.13072966039180756,0.9789211714211713,0.9770803270803271,0.9766949661110158,0.9766666666666666
2.720574538746708e-05,0.13256685435771942,0.980587838087838,0.9784692159692159,0.9782967967746314,0.9783333333333332
3.4576257036178504e-05,0.13305431604385376,0.9819514744514745,0.9799843674843675,0.9799592863318578,0.98
1.8463929606582496e-05,0.13415800034999847,0.9802848077848078,0.9785954785954787,0.9783574556682422,0.9783333333333334
2.4972756856792937e-05,0.1359703689813614,0.9790027565027565,0.976617364117364,0.976665217827263,0.9766666666666666
2.4898251259249566e-05,0.13106507062911987,0.980587838087838,0.9784692159692159,0.9782967967746314,0.9783333333333332
1.4477968287944046e-05,0.12570497393608093,0.9819514744514745,0.9799843674843675,0.9799592863318578,0.98
3.0844609511859744e-05,0.12927500903606415,0.9819514744514745,0.9799843674843675,0.9799592863318578,0.98
1.4933943854581836e-05,0.12976428866386414,0.980587838087838,0.9784692159692159,0.9782967967746314,0.9783333333333332
2.1488269226210832e-05,0.13316857814788818,0.9790027565027565,0.976617364117364,0.976665217827263,0.9766666666666666
1.6357302740743762e-05,0.13336163759231567,0.9804842379842379,0.9781325156325157,0.9783179607957954,0.9783333333333332
1.4799038732841533e-05,0.12994599342346191,0.9819514744514745,0.9799843674843675,0.9799592863318578,0.98
2.71183254578015e-05,0.1323590874671936,0.980587838087838,0.9784692159692159,0.9782967967746314,0.9783333333333332
2.0571947307720013e-05,0.13158442080020905,0.9804842379842379,0.9781325156325157,0.9783179607957954,0.9783333333333332
2.1388133366902668e-05,0.1320277601480484,0.9819514744514745,0.9799843674843675,0.9799592863318578,0.98
2.3987889107957017e-05,0.1356210857629776,0.9804842379842379,0.9781325156325157,0.9783179607957954,0.9783333333333332
2.23602848545094e-05,0.1341317743062973,0.9791538554038554,0.9762806637806638,0.9766132515616744,0.9766666666666666
2.1434227562622254e-05,0.1331871896982193,0.9819514744514745,0.9799843674843675,0.9799592863318578,0.98
1.732091110776916e-05,0.1327764093875885,0.9819514744514745,0.9799843674843675,0.9799592863318578,0.98
1.4132261261086873e-05,0.12584640085697174,0.9819514744514745,0.9799843674843675,0.9799592863318578,0.98
1.1084477222311762e-05,0.13058936595916748,0.9819514744514745,0.9799843674843675,0.9799592863318578,0.98
1.5091498738684095e-05,0.12919214367866516,0.9819514744514745,0.9799843674843675,0.9799592863318578,0.98
1.5633900934138485e-05,0.13748043775558472,0.980587838087838,0.9784692159692159,0.9782967967746314,0.9783333333333332
1.1143485750153559e-05,0.12971961498260498,0.9819514744514745,0.9799843674843675,0.9799592863318578,0.98
1.2771487253833888e-05,0.13337281346321106,0.9819514744514745,0.9799843674843675,0.9799592863318578,0.98
1.0594526917392008e-05,0.135602205991745,0.980587838087838,0.9784692159692159,0.9782967967746314,0.9783333333333332
1.712203005392136e-05,0.13421159982681274,0.9804842379842379,0.9781325156325157,0.9783179607957954,0.9783333333333332
1.3596216760447533e-05,0.13224786520004272,0.9804842379842379,0.9781325156325157,0.9783179607957954,0.9783333333333332
1.4673868709754364e-05,0.13045144081115723,0.9804842379842379,0.9781325156325157,0.9783179607957954,0.9783333333333332
1.4812151609551924e-05,0.13937988877296448,0.9791538554038554,0.9762806637806638,0.9766132515616744,0.9766666666666666
1.5090505238883148e-05,0.13005024194717407,0.9819514744514745,0.9799843674843675,0.9799592863318578,0.98
8.914073362120689e-06,0.1311866044998169,0.9819514744514745,0.9799843674843675,0.9799592863318578,0.98
1.593828197125428e-05,0.13194970786571503,0.9819514744514745,0.9799843674843675,0.9799592863318578,0.98
1.4149348032788112e-05,0.13276353478431702,0.9808525733525734,0.9781325156325157,0.9780939017164733,0.9783333333333334
9.852647735897335e-06,0.1334136426448822,0.9819514744514745,0.9799843674843675,0.9799592863318578,0.98
2.6763677709595868e-05,0.13319279253482819,0.9804842379842379,0.9781325156325157,0.9783179607957954,0.9783333333333332
9.726683273925119e-06,0.134461909532547,0.9773410848410848,0.9744288119288119,0.9746662606440952,0.975
1.2077689139763e-05,0.1271325796842575,0.9819514744514745,0.9799843674843675,0.9799592863318578,0.98
1.1885364727959313e-05,0.13486963510513306,0.9819514744514745,0.9799843674843675,0.9799592863318578,0.98
9.073217758744553e-06,0.12783333659172058,0.9819514744514745,0.9799843674843675,0.9799592863318578,0.98
1.1538863143793302e-05,0.1304672509431839,0.9819514744514745,0.9799843674843675,0.9799592863318578,0.98
1.592874525139602e-05,0.13404478132724762,0.9819514744514745,0.9799843674843675,0.9799592863318578,0.98
9.469390031805839e-06,0.13451454043388367,0.9819514744514745,0.9799843674843675,0.9799592863318578,0.98
9.927948269705666e-06,0.13414542376995087,0.9819514744514745,0.9799843674843675,0.9799592863318578,0.98
8.275310250382972e-06,0.13247686624526978,0.9819514744514745,0.9799843674843675,0.9799592863318578,0.98
2.2853612662743217e-05,0.13206322491168976,0.9819514744514745,0.9799843674843675,0.9799592863318578,0.98
8.109609235399754e-06,0.13577817380428314,0.9833403633403633,0.9818362193362193,0.9817868651894878,0.9816666666666666
9.772380167305528e-06,0.13528524339199066,0.9819514744514745,0.9799843674843675,0.9799592863318578,0.98
8.928179800212396e-06,0.129187673330307,0.9819514744514745,0.9799843674843675,0.9799592863318578,0.98
7.68760840704393e-06,0.13208335638046265,0.9819514744514745,0.9799843674843675,0.9799592863318578,0.98
1.552601660629686e-05,0.13336379826068878,0.9819514744514745,0.9799843674843675,0.9799592863318578,0.98
8.142391744551484e-06,0.13238361477851868,0.9833403633403633,0.9818362193362193,0.9817868651894878,0.9816666666666666
1.1524160716665696e-05,0.1365918666124344,0.9819767269767269,0.9803210678210678,0.9801243756322614,0.9799999999999999
1.0296702474950811e-05,0.13472434878349304,0.9833403633403633,0.9818362193362193,0.9817868651894878,0.9816666666666666
2.2695065150439102e-05,0.1352045089006424,0.9819514744514745,0.9799843674843675,0.9799592863318578,0.98
1.3163487002051019e-05,0.12966221570968628,0.9832934657934658,0.9811748436748436,0.9812338114069826,0.9816666666666668
0.0001238445408991614,0.1327543407678604,0.9752659840159841,0.9741642616642617,0.9734802188487857,0.9733333333333333
0.00022445421061926632,0.17830859124660492,0.9662041199541199,0.9646524771524772,0.9635718236838283,0.9633333333333334
0.0009947515374998754,0.16827580332756042,0.9628533966033967,0.9615969215969217,0.9607059084996673,0.9616666666666666
0.07035782245888338,7.832250118255615,0.6133927819260224,0.4596963276375041,0.4241672795249489,0.4566666666666666
0.42922530074914295,9.681083679199219,0.4876670136648053,0.4530277728807141,0.3738748284755306,0.45
0.242605776215593,4.722482204437256,0.7433334237785458,0.5908991933991934,0.5639775956410134,0.5950000000000001
0.0994846133204798,1.2916007041931152,0.8851225407146459,0.8192707483148659,0.8075056830239212,0.815
0.04666015203110874,0.23869669437408447,0.9441402578902579,0.9385383597883599,0.9384393737364496,0.9383333333333334
0.022263482727187995,0.21425765752792358,0.9449471361971362,0.941000296000296,0.9397769862484914,0.94
0.009569522953825071,0.20424020290374756,0.9589161764161765,0.9544392807628103,0.9547499167196186,0.9533333333333333
0.009478256482301125,0.19150029122829437,0.9565375134125134,0.9524743937979232,0.9515518683469123,0.9516666666666665
0.0036805405846583503,0.1764255166053772,0.9661759536759537,0.96120670995671,0.9611413831706717,0.9616666666666668
0.002162486133480949,0.1677938997745514,0.9680155030155029,0.9615301827801828,0.9619480382307463,0.9616666666666666
0.0012498893502197461,0.132940411567688,0.9637053687053686,0.9599308561808563,0.959928862520798,0.96
0.000768062374239283,0.12555977702140808,0.9651440226440227,0.9604070466570467,0.9603950544641404,0.96
0.00044237803073580534,0.12137757986783981,0.9659041884041883,0.9624104136604137,0.9618926618695879,0.9616666666666668
0.0005690190170450175,0.12623392045497894,0.9623581973581974,0.9583700096200096,0.9575499940703985,0.9583333333333334
0.00027933746726678993,0.12726733088493347,0.9623581973581974,0.9583700096200096,0.9575499940703985,0.9583333333333334
0.00031000097684833844,0.12512348592281342,0.9633949383949384,0.9582437469937469,0.9574978926630338,0.9583333333333334
0.00034636298960322165,0.12095388770103455,0.962549395049395,0.9584289321789322,0.9576162053826051,0.9583333333333331
0.00035556197159773245,0.11327245086431503,0.9632117882117882,0.95870670995671,0.9581581763974863,0.9583333333333334
0.0006880528634004198,0.12910988926887512,0.9645806045806045,0.9605122655122655,0.96049448768968,0.9599999999999999
0.00023341277847066522,0.13776735961437225,0.9647779997779997,0.9623051948051948,0.9621159194304414,0.9616666666666664
0.0003298179344710661,0.13998737931251526,0.9653726366226366,0.9616570466570468,0.9615419086745421,0.9616666666666666
0.00027671635325532407,0.12745517492294312,0.9632324157324157,0.960453342953343,0.9604326835629949,0.9599999999999999
0.00036701987134316977,0.1342160552740097,0.9662847337847338,0.9622588985088987,0.9624457395109008,0.9616666666666664
0.00012843728033355242,0.13301263749599457,0.968298137048137,0.9633110870610871,0.963703910157751,0.9633333333333334
0.00015657345253809277,0.12602871656417847,0.9677227402227402,0.9633110870610871,0.9633062568172385,0.9633333333333334
0.000177959801627973,0.13012276589870453,0.9643292818292818,0.9596073833573833,0.9590744075118599,0.9600000000000001
0.0001389503480974478,0.13132263720035553,0.9674295149295148,0.9629407166907167,0.9623684760164547,0.9633333333333334
0.000223574635432063,0.12732547521591187,0.9656113331113331,0.9612740500240501,0.9606182671609828,0.9616666666666668
0.00023207644464188584,0.12719333171844482,0.9667102342102342,0.9631259018759019,0.9624836517763673,0.9633333333333334
8.981883577992751e-05,0.12714621424674988,0.9649168886668886,0.961737012987013,0.9610104240237277,0.9616666666666668
0.00010934114364620957,0.12864676117897034,0.9656113331113331,0.9612740500240501,0.9606182671609828,0.9616666666666668
7.494727761544102e-05,0.13659855723381042,0.9686668886668887,0.9655068542568542,0.964664429808404,0.965
8.087535775302968e-05,0.13034120202064514,0.9632303807303807,0.9598851611351611,0.9590602961464899,0.9600000000000001
7.389008904586565e-05,0.13439051806926727,0.9661474636474635,0.9612740500240499,0.9608246163673319,0.9616666666666668
8.792141962506624e-05,0.12749993801116943,0.9672779997779997,0.9636550024050025,0.9626897921272445,0.9633333333333334
6.679733583799437e-05,0.1279871165752411,0.9674295149295148,0.9629407166907167,0.9623684760164547,0.9633333333333334
8.419791803741343e-05,0.1318727731704712,0.9661474636474635,0.9612740500240499,0.9608246163673319,0.9616666666666668
7.36061729564123e-05,0.14211925864219666,0.967662615162615,0.9636550024050022,0.9629003184430339,0.9633333333333334
0.0002168426880189145,0.14126645028591156,0.9661474636474635,0.9612740500240499,0.9608246163673319,0.9616666666666668
0.0001509366419062038,0.13676801323890686,0.9672779997779997,0.9636550024050025,0.9626897921272445,0.9633333333333334
7.020970186507232e-05,0.13686232268810272,0.9656113331113331,0.9612740500240501,0.9606182671609828,0.9616666666666668
6.391167645839839e-05,0.13374003767967224,0.9658806933806933,0.9616107503607503,0.9610869838874393,0.9616666666666668
4.972736072280289e-05,0.1362578272819519,0.9670928145928145,0.9631259018759019,0.9627397268559718,0.9633333333333334
6.35143119325221e-05,0.1352328360080719,0.9656113331113331,0.9612740500240501,0.9606182671609828,0.9616666666666668
4.002253236497685e-05,0.1392838954925537,0.9656113331113331,0.9612740500240501,0.9606182671609828,0.9616666666666668
7.205267722080559e-05,0.13498322665691376,0.9656113331113331,0.962139850889851,0.9610189483511377,0.9616666666666668
8.742829186303425e-05,0.14067617058753967,0.9676748251748252,0.9631259018759021,0.9628843490323278,0.9633333333333334
4.9676895192381686e-05,0.1429143249988556,0.9656113331113331,0.9612740500240501,0.9606182671609828,0.9616666666666668
6.0042341620677085e-05,0.14545473456382751,0.9656113331113331,0.9612740500240501,0.9606182671609828,0.9616666666666668
4.129449503883128e-05,0.14983893930912018,0.9672779997779997,0.9636550024050025,0.9626897921272445,0.9633333333333334
5.111356567037243e-05,0.13908058404922485,0.9656113331113331,0.9612740500240501,0.9606182671609828,0.9616666666666668
5.6292812094701126e-05,0.14026904106140137,0.9676748251748252,0.9631259018759021,0.9628843490323278,0.9633333333333334
0.00016408304395554296,0.15333712100982666,0.9638659026159025,0.9600703463203465,0.9597711404315031,0.96
5.509316955946512e-05,0.16115087270736694,0.9638322325822326,0.9600703463203463,0.9596637641476562,0.96
0.00631318453156382,0.2926263213157654,0.9495112295112295,0.9466376216376217,0.9444523777833315,0.9466666666666667
0.007128185716889372,0.2775033712387085,0.9435208626655994,0.9367237854737853,0.9368419681846297,0.9366666666666666
0.006216430116182892,0.4756898283958435,0.9214522382072691,0.9017874745080627,0.903754010789578,0.9033333333333333
0.07897439375422739,2.004288673400879,0.7926471299168668,0.7562172712908007,0.7183183360560936,0.7566666666666667
0.0909709573412935,0.5716937780380249,0.8868876565470992,0.869087717837718,0.8652696596589338,0.8666666666666666
0.05360958158659438,0.8790904879570007,0.8479239510489509,0.8135480151656623,0.8005486116161556,0.8133333333333335
0.05394854322851946,0.7866634130477905,0.8718949780869285,0.8147751948487243,0.8119288944028495,0.8116666666666665
0.037387146294349805,0.3755659759044647,0.9072826275032159,0.8975010637510638,0.8920852845807965,0.8933333333333332
0.010039214512895947,0.23468464612960815,0.949265812160549,0.9381042568542569,0.9386568998800794,0.9416666666666668
0.004313060076431914,0.2453519105911255,0.9442905705405705,0.9378577441077441,0.9365606550046808,0.9383333333333331
0.002214734645652546,0.16596271097660065,0.9610417822917823,0.9524344636844636,0.9530160568211562,0.9549999999999997
0.0006257961258597788,0.15684080123901367,0.9564649239649241,0.9513239538239538,0.9512206812506382,0.9533333333333331
0.00038133859516165103,0.14976154267787933,0.9593663281163282,0.9552591390091391,0.9549956250112507,0.9566666666666667
0.0002481023496632891,0.14243003726005554,0.960324952824953,0.9565891053391055,0.9563491633754905,0.9583333333333334
0.0002703917061050258,0.15165488421916962,0.9606789044289044,0.9571121933621933,0.9566963475237582,0.9583333333333334
0.00021354099150509379,0.14874044060707092,0.9588607226107225,0.9554455266955267,0.9549461386682861,0.9566666666666667
0.0001534120249668073,0.14509356021881104,0.9624493561993561,0.9589640452140452,0.9587086379471739,0.9600000000000001
0.00011573394143245726,0.14488957822322845,0.9606789044289044,0.9571121933621933,0.9566963475237582,0.9583333333333334
0.00016144156499346232,0.13775669038295746,0.9615885503385503,0.9582894420394421,0.9582231382387639,0.96
0.0001077117516767127,0.14520835876464844,0.9600359362859363,0.9566360028860029,0.9562622541148365,0.9583333333333334
8.556584528681317e-05,0.14188151061534882,0.9633215395715397,0.9601545214045214,0.959945388314359,0.9616666666666668
0.0004610862439828149,0.13775214552879333,0.9550455100455101,0.9511856661856662,0.9513403593277512,0.9533333333333333
8.85643564364121e-05,0.14095115661621094,0.9550455100455101,0.9511856661856662,0.9513403593277512,0.9533333333333333
0.00013038496247948692,0.140297532081604,0.9550455100455101,0.9511856661856662,0.9513403593277512,0.9533333333333333
6.36382897785855e-05,0.14379480481147766,0.9547036297036297,0.9508489658489658,0.951167967564028,0.9533333333333331
8.955438895933791e-05,0.14267173409461975,0.9547036297036297,0.9508489658489658,0.951167967564028,0.9533333333333331
8.736431527722743e-05,0.14105381071567535,0.9558025308025307,0.9529322991822992,0.9528944632905237,0.9549999999999997
5.6393146716497235e-05,0.14220353960990906,0.9547036297036297,0.9508489658489658,0.951167967564028,0.9533333333333331
9.836614217798949e-05,0.14629673957824707,0.9533341658341659,0.9496584896584896,0.9497969553234507,0.9516666666666665
9.54391567802304e-05,0.14098581671714783,0.9533341658341659,0.9496584896584896,0.9497969553234507,0.9516666666666665
9.570260855677286e-05,0.14498238265514374,0.9520521145521146,0.947991822991823,0.9482530956743278,0.9499999999999998
5.1007867038303324e-05,0.15105989575386047,0.9533341658341659,0.9496584896584896,0.9497969553234507,0.9516666666666665
5.308528739078611e-05,0.14547231793403625,0.9545204795204795,0.9512656325156326,0.951350603641401,0.9533333333333331
4.944721888477943e-05,0.15089863538742065,0.9519563769563769,0.9488846801346802,0.9486064958972933,0.9499999999999998
4.547218501708509e-05,0.15195494890213013,0.9532384282384282,0.9505513468013468,0.950150355546416,0.9516666666666665
0.0001237426197349123,0.14895424246788025,0.9547036297036297,0.9508489658489658,0.951167967564028,0.9533333333333331
5.514860163202684e-05,0.15563564002513885,0.952429514929515,0.9481902356902356,0.948251543659988,0.9500000000000001
7.367372415956197e-05,0.14733946323394775,0.9537115662115663,0.9498569023569022,0.9497954033091108,0.9516666666666667
4.897455363561676e-05,0.14759638905525208,0.9532384282384282,0.9505513468013468,0.950150355546416,0.9516666666666665
4.0911635361832545e-05,0.14420326054096222,0.9558025308025307,0.9529322991822992,0.9528944632905237,0.9549999999999997
4.845937108181412e-05,0.15221869945526123,0.9519563769563769,0.9488846801346802,0.9486064958972933,0.9499999999999998
2.7584631936861115e-05,0.15180256962776184,0.955501443001443,0.9513720538720537,0.9511287366424441,0.9533333333333333
9.754200800671242e-05,0.14780616760253906,0.9533341658341659,0.9496584896584896,0.9497969553234507,0.9516666666666665
4.842241552675356e-05,0.14622047543525696,0.952429514929515,0.9481902356902356,0.948251543659988,0.9500000000000001
4.668335109651404e-05,0.15330258011817932,0.955501443001443,0.9513720538720537,0.9511287366424441,0.9533333333333333
2.4666190199695848e-05,0.15024273097515106,0.9537115662115663,0.9498569023569022,0.9497954033091108,0.9516666666666667
7.632613100364931e-05,0.14378906786441803,0.9547036297036297,0.9508489658489658,0.951167967564028,0.9533333333333331
3.7671924341490616e-05,0.14372311532497406,0.9551471676471676,0.9512656325156326,0.9515083596393105,0.9533333333333331
5.7529807425756495e-05,0.14309903979301453,0.9538651163651163,0.9505513468013468,0.9503081115443255,0.9516666666666665
2.2529164709794713e-05,0.14243990182876587,0.955380267880268,0.9522180134680135,0.9519789553204324,0.9533333333333335
3.623882916296376e-05,0.14901256561279297,0.9537115662115663,0.9498569023569022,0.9497954033091108,0.9516666666666667
4.183153305348242e-05,0.14846856892108917,0.9554371554371555,0.9519402356902357,0.9516796550335159,0.9533333333333333
2.6227036831490597e-05,0.1472991406917572,0.9564292189292188,0.9529322991822992,0.9530522192884333,0.9549999999999997
2.3767947917955706e-05,0.14459842443466187,0.955059755059755,0.951741822991823,0.9516812070478559,0.9533333333333331
5.5644115150244033e-05,0.14841219782829285,0.9538651163651163,0.9505513468013468,0.9503081115443255,0.9516666666666665
3.3092896283430186e-05,0.14888450503349304,0.955059755059755,0.951741822991823,0.9516812070478559,0.9533333333333331
2.4089018230218546e-05,0.1431249976158142,0.955059755059755,0.951741822991823,0.9516812070478559,0.9533333333333331
2.1838347000387632e-05,0.14731284976005554,0.9533341658341659,0.9496584896584896,0.9497969553234507,0.9516666666666665
4.880805778384456e-05,0.14440497756004333,0.957249925999926,0.9529322991822992,0.9533656799823288,0.9549999999999997
3.1383633768200525e-05,0.1497262418270111,0.9554371554371555,0.9519402356902357,0.9516796550335159,0.9533333333333333
6.425241631783744e-05,0.16215848922729492,0.9587456524956525,0.9544474506974506,0.9547205047067188,0.9566666666666667
2.543210950041915e-05,0.15138420462608337,0.9589806952306952,0.954784151034151,0.9551463817367147,0.9566666666666666
2.1912256803110115e-05,0.15257257223129272,0.955059755059755,0.951741822991823,0.9516812070478559,0.9533333333333331
4.3492516340393195e-05,0.15761752426624298,0.955059755059755,0.951741822991823,0.9516812070478559,0.9533333333333331
2.7981599430404458e-05,0.16101032495498657,0.9572270322270322,0.9534553872053871,0.9530129883668493,0.955
2.212345609109434e-05,0.1598423570394516,0.9593103655603655,0.9546458633958633,0.9547629883668494,0.9566666666666666
2.208391845215374e-05,0.1560690701007843,0.955059755059755,0.951741822991823,0.9516812070478559,0.9533333333333331
1.478115731856633e-05,0.16263806819915771,0.9554565804565804,0.9516035353535353,0.9510006979434337,0.9533333333333331
4.002571078369025e-05,0.15803316235542297,0.9571701446701447,0.953733164983165,0.9533122886537657,0.9550000000000001
2.154231083295599e-05,0.15347722172737122,0.9587421837421838,0.9551220538720537,0.9546838321429562,0.9566666666666667
1.838664191685287e-05,0.15153071284294128,0.9587650775150776,0.9545989658489659,0.9550365237584356,0.9566666666666667
1.7406145550088088e-05,0.14912843704223633,0.9565749065749066,0.9534084896584897,0.9533520508239627,0.9550000000000001
3.0821165343771405e-05,0.15140517055988312,0.9583056758056759,0.9552603415103414,0.9551327525783487,0.9566666666666667
2.838551993515163e-05,0.15604594349861145,0.9592763717763718,0.9570069745069745,0.9564276732691505,0.9583333333333334
1.2944936912617777e-05,0.15553003549575806,0.959253478003478,0.9549236411736411,0.9550622886537657,0.9566666666666667
1.820623866895706e-05,0.1571616232395172,0.9571701446701447,0.953733164983165,0.9533122886537657,0.9550000000000001
1.5572905520381635e-05,0.15269456803798676,0.9548493173493173,0.9513251563251562,0.9514677990995576,0.9533333333333331
1.6631881247045992e-05,0.15172550082206726,0.9567905242905242,0.9535936748436749,0.9534619088022418,0.955
4.567066839911149e-05,0.15215417742729187,0.955380267880268,0.9522180134680135,0.9519789553204324,0.9533333333333335
1.4574726416564468e-05,0.15353025496006012,0.9583056758056759,0.9552603415103414,0.9551327525783487,0.9566666666666667
1.2603998053843194e-05,0.1586397886276245,0.955654993154993,0.9520664983164983,0.9516414448776588,0.9533333333333331
1.3485749453442017e-05,0.1577666997909546,0.9565749065749066,0.9534084896584897,0.9533520508239627,0.9550000000000001
1.1642177848140515e-05,0.15303435921669006,0.9565749065749066,0.9534084896584897,0.9533520508239627,0.9550000000000001
3.178795213898411e-05,0.15304216742515564,0.9581599881599882,0.954784151034151,0.9548329210428194,0.9566666666666666
1.1058449691366453e-05,0.15202951431274414,0.9548493173493173,0.9513251563251562,0.9514677990995576,0.9533333333333331
2.5007327243050288e-05,0.1559382528066635,0.955059755059755,0.951741822991823,0.9516812070478559,0.9533333333333331
2.1153291603089503e-05,0.16501806676387787,0.9571701446701447,0.953733164983165,0.9533122886537657,0.9550000000000001
2.8079350575656765e-05,0.1546711027622223,0.9565749065749066,0.9534084896584897,0.9533520508239627,0.9550000000000001
2.2353132825022232e-05,0.1483413279056549,0.9613881026381027,0.9583026695526695,0.9584645491326517,0.9600000000000001
1.7364223722893257e-05,0.14874303340911865,0.9613881026381027,0.9583026695526695,0.9584645491326517,0.9600000000000001
1.946628102681795e-05,0.14913004636764526,0.9583056758056759,0.9552603415103414,0.9551327525783487,0.9566666666666667
1.004199190409357e-05,0.1489548683166504,0.9613881026381027,0.9583026695526695,0.9584645491326517,0.9600000000000001
2.3370980793894585e-05,0.15281954407691956,0.9565800865800865,0.9531770081770081,0.9532485008539435,0.955
4.910369751579916e-05,0.1555631458759308,0.9588023088023087,0.9545538720538721,0.954407890409214,0.9566666666666666
1.5626748430956166e-05,0.15201224386692047,0.9548493173493173,0.9513251563251562,0.9514677990995576,0.9533333333333331
1.5590786920445982e-05,0.1567305326461792,0.9587421837421838,0.9551220538720537,0.9546838321429562,0.9566666666666667
1.1802713018482791e-05,0.15024487674236298,0.9552267177267177,0.951523569023569,0.9514662470852179,0.9533333333333333
1.1729598213605641e-05,0.1517481803894043,0.9614360176860178,0.958071188071188,0.9581345629741219,0.9600000000000001
1.1457999477215708e-05,0.14917200803756714,0.9564213564213565,0.9527140452140451,0.952839342588748,0.955
2.6501416868995875e-05,0.15145979821681976,0.9548493173493173,0.9513251563251562,0.9514677990995576,0.9533333333333331
1.2369553346047724e-05,0.14647752046585083,0.9613881026381027,0.9583026695526695,0.9584645491326517,0.9600000000000001
7.582902966873917e-06,0.1488652229309082,0.9581469456469458,0.9547973785473785,0.9547235943131532,0.9566666666666667
9.91861020338547e-06,0.145930215716362,0.9613881026381027,0.9583026695526695,0.9584645491326517,0.9600000000000001
8.961359687494527e-06,0.1508200764656067,0.9588041588041589,0.9554587542087541,0.9552733935713924,0.9566666666666667
7.630586570902173e-06,0.1514345407485962,0.9599987974987977,0.9566492303992303,0.9566464890749228,0.9583333333333334
1.1433958950609243e-05,0.15941710770130157,0.9587421837421838,0.9551220538720537,0.9546838321429562,0.9566666666666667
0.005036209491152022,0.4640354514122009,0.9159508486153224,0.9079573667073667,0.9037356085283129,0.91
0.03811794415499511,2.6901254653930664,0.7211764323256449,0.6547360972360973,0.6185561211291261,0.6549999999999999
0.11940126761328429,1.1136119365692139,0.8299916090531415,0.807968692527516,0.7876833796957338,0.8033333333333333
0.12145184236578643,1.3427531719207764,0.7999713399003343,0.7835413524384113,0.7508890979253903,0.7799999999999999
0.0782253733292843,0.4728681445121765,0.9082109537063098,0.8862258112258111,0.8828776842627444,0.8833333333333333
0.03623118997590306,0.39193639159202576,0.9086911236911238,0.8992383406353994,0.8969050249215762,0.8966666666666666
0.03052692558655205,0.31616541743278503,0.9322084859584859,0.9277771765271764,0.9249517794409196,0.9266666666666666
0.007638707840669667,0.287136435508728,0.943423150923151,0.942832907832908,0.9404495511200412,0.9433333333333334
0.008367216756596463,0.32413148880004883,0.939598827098827,0.9319416694416693,0.9313502674408762,0.9316666666666665
0.002926980924409387,0.22567906975746155,0.9486853424353424,0.9445536870536871,0.943664072617016,0.945
0.011205617100434514,0.2866712808609009,0.9422739297739299,0.9406635956635956,0.9394274217873227,0.94
0.012374649776271932,0.4893936812877655,0.9153299356588831,0.9092763418498712,0.9049942446697282,0.91
0.014564981816874933,0.3767717480659485,0.9251922930870299,0.9105734080734081,0.9088574706309189,0.9133333333333334
0.005679146887511403,0.23599234223365784,0.9445717708217708,0.9434878547378546,0.9410380841213021,0.9433333333333334
0.0009247722294579338,0.20721867680549622,0.9501498038998039,0.9494280256780256,0.9479494259045903,0.9483333333333333
0.0023275092889889493,0.2192392796278,0.9496362896362897,0.9489181651681652,0.9473877720537206,0.9466666666666667
0.00047786384796684916,0.21806126832962036,0.9557590874038243,0.9535688385688387,0.9530024803883556,0.9533333333333331
0.0005632714473904343,0.21650251746177673,0.9588981851481853,0.9581984681984683,0.9571933145521,0.9566666666666666
0.000235971607025931,0.21792152523994446,0.956373163873164,0.9539386076886078,0.953073444888752,0.9533333333333331
0.00020326693720562616,0.21781191229820251,0.9557103544603546,0.9563466163466164,0.9543243905337953,0.9549999999999997
0.0002353754628832879,0.2086312174797058,0.9563853738853739,0.9556852406852409,0.9541844215702967,0.9550000000000001
0.00014114071861589159,0.2034100592136383,0.9617691567691568,0.9606709956709958,0.9596925137914952,0.96
0.00011654456382833207,0.20993471145629883,0.9602540052540053,0.9588191438191439,0.9578680718935239,0.9583333333333334
0.0001338715356572114,0.21431003510951996,0.9590604765604765,0.9562728475228476,0.9552562910588328,0.9566666666666666
0.00015321691970863563,0.20488302409648895,0.9588827376327376,0.9576286676286677,0.9565962057880665,0.9566666666666664
4.0310025440248864e-05,0.2019282430410385,0.9588827376327376,0.9576286676286677,0.9565962057880665,0.9566666666666664
7.004280867780228e-05,0.20466510951519012,0.9611446423946424,0.9594805194805196,0.9588214379862089,0.9583333333333331
7.443050534069091e-05,0.20435500144958496,0.9588827376327376,0.9576286676286677,0.9565962057880665,0.9566666666666664
0.00017878274142428077,0.19820599257946014,0.9599713712213713,0.957965367965368,0.9571708211738273,0.9566666666666666
8.242487888310279e-05,0.19148802757263184,0.9588839401339402,0.9576406926406925,0.9563907420276156,0.9566666666666664
5.6447386289922484e-05,0.19608208537101746,0.958243006993007,0.9576286676286677,0.9564265004790423,0.9566666666666664
4.8936009079625364e-05,0.20064863562583923,0.958243006993007,0.9576286676286677,0.9564265004790423,0.9566666666666664
9.55142576799517e-05,0.19444064795970917,0.9566815591815593,0.9562987012987013,0.9544263270883723,0.9549999999999997
5.9463381944624416e-05,0.19874197244644165,0.9566815591815593,0.9562987012987013,0.9544263270883723,0.9549999999999997
5.1853656316325214e-05,0.20247678458690643,0.9579778554778554,0.9578138528138528,0.9560618701945036,0.9566666666666664
3.3467412312878274e-05,0.1968633532524109,0.9579778554778554,0.9578138528138528,0.9560618701945036,0.9566666666666664
3.431300316947272e-05,0.20201349258422852,0.958209336959337,0.9574771524771526,0.9560219508451214,0.9566666666666664
3.96172201628057e-05,0.19886717200279236,0.9583145558145558,0.9576286676286677,0.9562393489478337,0.9566666666666664
4.1986505531591924e-05,0.19868457317352295,0.958686544936545,0.9569672919672921,0.9563001480732781,0.9566666666666667
6.949066982050074e-05,0.19824042916297913,0.9618667443667444,0.9611808561808562,0.9597909641712756,0.96
2.871930604442241e-05,0.1972607672214508,0.9618667443667444,0.9611808561808562,0.9597909641712756,0.96
6.678898993565478e-05,0.19863300025463104,0.95995596995597,0.9593290043290045,0.9578327761853584,0.9583333333333334
2.7953982206933386e-05,0.19686847925186157,0.9623565786065785,0.9605194805194807,0.9597792775148521,0.96
5.5606961439025326e-05,0.21401455998420715,0.9618667443667444,0.9611808561808562,0.9597909641712756,0.96
3.4299890340131846e-05,0.21228675544261932,0.9618667443667444,0.9611808561808562,0.9597909641712756,0.96
3.1501849093729106e-05,0.20296251773834229,0.9618667443667444,0.9611808561808562,0.9597909641712756,0.96
2.2742748304456956e-05,0.20116190612316132,0.9601748251748252,0.9593290043290045,0.9581641534025884,0.9583333333333334
