training_loss,validation_loss,precision,recall,f1,accuracy
1.3111899718642235,0.6190735697746277,0.8860319541569542,0.8830716043216044,0.873488693186419,0.8816666666666667
0.4875904818375905,0.3627794682979584,0.9288480500980502,0.9303846153846154,0.926666020228895,0.9266666666666666
0.31867090115944546,0.27441805601119995,0.9501369001369001,0.9485720298220298,0.9465841399518208,0.9466666666666667
0.23788728627065817,0.23032471537590027,0.9368244255744255,0.9389688552188552,0.9349665335088678,0.9366666666666666
0.18874672117332617,0.2007099688053131,0.9474797887297889,0.9482022607022608,0.9454939821125715,0.9466666666666667
0.1570645555232962,0.18307176232337952,0.9437702575202577,0.9427062289562289,0.9401967084363997,0.9416666666666668
0.13028868163625398,0.16398409008979797,0.9592520442520444,0.9568205868205868,0.9566756109238274,0.9566666666666667
0.1231483689819773,0.16291698813438416,0.9469247419247419,0.9464782902282902,0.9448250546821351,0.9466666666666667
0.10069948807358742,0.15126192569732666,0.9532079032079032,0.952574555074555,0.9510553607350957,0.9516666666666665
0.08466295199468732,0.1352730393409729,0.9603828116328116,0.9588119288119289,0.9582916225945458,0.9583333333333334
0.09407484686623017,0.13383989036083221,0.9589639064639064,0.9575493025493026,0.9570906860717625,0.9566666666666667
0.07346840078632037,0.15070340037345886,0.962002072002072,0.9581762219262219,0.956645879299803,0.9566666666666666
0.07255987008102238,0.12462285161018372,0.9561898749398748,0.9551749639249639,0.9547084820508789,0.9550000000000001
0.0633627234492451,0.12693747878074646,0.9569000906500906,0.9549897787397787,0.9545126125434602,0.955
0.057085801692058645,0.12412051856517792,0.9625725663225663,0.9605705868205868,0.9603625706710129,0.96
0.056266198167577386,0.13549980521202087,0.960994584119584,0.9589291726791727,0.9582019072410287,0.9583333333333334
0.05087800696492195,0.14520108699798584,0.9579493654493655,0.9562993025493025,0.955456520262001,0.9550000000000001
0.05733303508410851,0.11918290704488754,0.9614393939393938,0.9605453342953343,0.9600415476490095,0.96
0.04351107512290279,0.12406167387962341,0.9646605709105708,0.9630194805194806,0.9628195578935023,0.9633333333333334
0.04074933372127513,0.11675693094730377,0.9685369722869722,0.9662734487734487,0.9663254737257745,0.9666666666666667
0.03844154560162375,0.1295066773891449,0.9635232591482592,0.9608140933140934,0.9604707166506935,0.9600000000000001
0.04064819150759528,0.12062724679708481,0.9649449161949163,0.9633908683908684,0.9629142499522317,0.9633333333333333
0.03342086294045051,0.12512832880020142,0.9579816017316016,0.9576665464165464,0.9562749867249688,0.9566666666666667
0.03695547708775848,0.13993676006793976,0.9614985477485477,0.957840122840123,0.956941342879217,0.9566666666666667
0.030890435019197564,0.11282508075237274,0.9672793410293409,0.9658766233766234,0.9656515412334947,0.9666666666666667
0.029100273735821247,0.13004688918590546,0.9602885309135308,0.9559998797498798,0.9561544971347948,0.9550000000000001
0.03317720000632107,0.12865017354488373,0.9613742044992044,0.9575739538239537,0.957607213286809,0.9566666666666667
0.028019357395047944,0.12604060769081116,0.965522903022903,0.9640428090428089,0.9632341259801439,0.9633333333333334
0.03318130081364264,0.1225728839635849,0.9641182428682429,0.9608098845598844,0.9611557223787898,0.9616666666666668
0.024189689138438553,0.11433263123035431,0.965832732082732,0.9636008898508898,0.9635006460060863,0.9633333333333334
0.024358480198619265,0.12253397703170776,0.9681007418507418,0.9657972582972582,0.9660265370492634,0.9666666666666667
0.022568189558417846,0.1303286850452423,0.9675130425130424,0.9636806711806712,0.9628606349089143,0.9633333333333333
0.025379695735561352,0.12936456501483917,0.966719067969068,0.9645135882635882,0.9645745950284358,0.965
0.024458033478974055,0.11929655075073242,0.9629766067266067,0.9604190716690716,0.9603410319952138,0.9600000000000001
0.02179347168809424,0.11880963295698166,0.967351306101306,0.964546657046657,0.9645494990436211,0.9649999999999999
0.016510923548291128,0.12085217237472534,0.9656233581233581,0.9635076960076959,0.9629704736288955,0.9633333333333334
0.023079005244653672,0.165378600358963,0.9614050496287337,0.9524938024938026,0.9528017853514781,0.9516666666666665
0.030301839346066117,0.11732079833745956,0.9630824268324268,0.9618079605579606,0.9610247374785783,0.9616666666666668
0.020281380934951205,0.1332537829875946,0.9576615976615978,0.9567285954785955,0.9547118414934519,0.9566666666666667
0.01900223766764005,0.11833393573760986,0.9688858826358827,0.9662133237133236,0.9661037106596176,0.9666666666666665
0.01860760394871856,0.12259718030691147,0.9665292577792576,0.9647450697450698,0.9643836799711525,0.965
0.01865946394779409,0.1230664998292923,0.9664593277093276,0.9642821067821067,0.9644348529447915,0.965
0.016422692880344886,0.13576285541057587,0.9658321770821771,0.9603848003848002,0.9604047999988459,0.9600000000000001
0.018509794298248988,0.11788707971572876,0.9700375550375551,0.9680321067821067,0.9681781913460358,0.9683333333333333
0.017059794588324923,0.1434057354927063,0.9643195883637059,0.9591821141821143,0.9589336706983187,0.9583333333333331
0.014919036795618013,0.11943002790212631,0.970932030932031,0.9693488455988456,0.9693639997146413,0.9699999999999999
0.012563824226769308,0.13219882547855377,0.9695657583157583,0.9649555074555075,0.9649209086465335,0.965
0.01599868239524464,0.14158426225185394,0.9662545325045325,0.9601863876863876,0.9601495192975381,0.96
0.01609344350678536,0.13738514482975006,0.9683038720538719,0.9632419432419431,0.963110437733285,0.9633333333333334
0.012611795798875391,0.12197598069906235,0.9650309412809411,0.9631246993746995,0.9629756812965299,0.9633333333333334
0.013979550101794302,0.1337697058916092,0.9636410348910348,0.9603258778258777,0.9599096966865397,0.9600000000000001
0.011107776721473783,0.12206804752349854,0.9689661264661265,0.9665969215969216,0.9666551120060117,0.9666666666666667
0.016745463683037087,0.13085688650608063,0.9642538942538942,0.9600481000480999,0.960304268292277,0.9600000000000001
0.011510557892809933,0.12979966402053833,0.9684790672290674,0.9651280663780663,0.9652424429773556,0.965
0.012527170872393375,0.12471144646406174,0.9672066822066822,0.9648502886002887,0.9650977370067985,0.965
0.010862530946421126,0.13304710388183594,0.9667266067266067,0.9640175565175565,0.9639862766427805,0.9633333333333334
0.010504143739429614,0.12464117258787155,0.9703563566063566,0.9674506974506974,0.9677071213602825,0.9683333333333333
0.010769469741111001,0.12920254468917847,0.9643654956154956,0.9620857383357383,0.9619428626588293,0.9616666666666668
0.014637395264192795,0.1442265659570694,0.9670961214711215,0.9618530543530542,0.9617927829122696,0.9616666666666666
0.01079443865455687,0.1231137216091156,0.9666248566248566,0.9649765512265512,0.9648834710509342,0.965
0.008718296410127854,0.12644898891448975,0.967239935989936,0.9646651034151034,0.9649156987646578,0.965
0.01133592170663178,0.13064131140708923,0.9634879009879009,0.9612518037518036,0.960805013121599,0.9616666666666668
0.008755137881962582,0.1256173551082611,0.9693074055574056,0.9659018759018759,0.9666848549627187,0.9666666666666667
0.011632200553625202,0.12107383459806442,0.9695288970288972,0.9678336940836941,0.9678962364588178,0.9683333333333333
0.009737420633124808,0.13364189863204956,0.9664891589891589,0.9632299182299183,0.9634760438851052,0.9633333333333334
0.008373164911366379,0.12703612446784973,0.9668495393495392,0.9648502886002887,0.9647229308114467,0.965
0.009972416941309348,0.16612675786018372,0.9593719434160609,0.9530962555962557,0.9527138493546584,0.9516666666666665
0.008824254192101458,0.12453512847423553,0.9716384078884078,0.9695340307840308,0.9696436292967903,0.9699999999999999
0.008017165576651072,0.12597393989562988,0.9717199929699928,0.9695340307840308,0.9697664363143342,0.9699999999999999
0.011113874740355337,0.14026936888694763,0.9697539035039036,0.9663985088985089,0.9665511373255752,0.9666666666666667
0.008304753243767967,0.1485465168952942,0.9593357337107338,0.9555369167869167,0.9549426353163911,0.9550000000000001
0.0070554925575076295,0.13721971213817596,0.969022065897066,0.9643151755651754,0.9646707567138759,0.965
0.009065386577276513,0.1300298273563385,0.9682014744514743,0.9666299903799905,0.9663905627002052,0.9666666666666667
0.006910146611820285,0.1296464204788208,0.9692294742294741,0.9668284030784031,0.9668666697885189,0.9666666666666667
0.01130294828908518,0.14455893635749817,0.9685706423206423,0.9647570947570948,0.9650920584517477,0.965
0.007594021124532446,0.1324036419391632,0.9690468327968328,0.9665037277537278,0.9668079091763527,0.9666666666666667
0.0061283799635324,0.14434444904327393,0.9716730954230955,0.9684818422318422,0.9683987450555359,0.9683333333333333
0.006673075957223773,0.13102756440639496,0.9655931105931105,0.9634613997113998,0.9635166280174245,0.9633333333333334
0.007058763265376911,0.1405315101146698,0.9637400562400562,0.9613780663780664,0.9613559021286284,0.9616666666666668
0.008996600542256298,0.14359137415885925,0.9660703185703184,0.9648502886002887,0.9643806188024681,0.965
0.006857304033474065,0.13809745013713837,0.9692294742294741,0.9668284030784031,0.9668666697885189,0.9666666666666667
0.008379401571194952,0.1338764876127243,0.9689516964516964,0.9669799182299182,0.9667976566760275,0.9666666666666667
0.011128477674598495,0.13640201091766357,0.9675628075628074,0.9653132515632517,0.9651958260124119,0.965
0.005797667477357511,0.13293364644050598,0.9652612202612202,0.9634613997113998,0.9632209814937078,0.9633333333333334
0.007099284858365233,0.1350252628326416,0.9714979927479926,0.968680254930255,0.9688135508801369,0.9683333333333333
0.005270463904404703,0.14070983231067657,0.9719039756539756,0.9683555796055797,0.9685312118909012,0.9683333333333333
0.006745473127618122,0.13295996189117432,0.9652612202612202,0.9634613997113998,0.9632209814937078,0.9633333333333334
0.004874116071732715,0.13425733149051666,0.9714979927479926,0.968680254930255,0.9688135508801369,0.9683333333333333
0.006026269014303883,0.13822853565216064,0.9626838901838902,0.9600943963443963,0.9601709025927518,0.96
0.006298861320829019,0.13412509858608246,0.9734818422318422,0.9710612073112074,0.971142077931574,0.9716666666666666
0.0038923731772229075,0.13485178351402283,0.9676764439264439,0.9654395141895141,0.9654293230471273,0.965
0.007793029120269542,0.14432013034820557,0.9637430162430162,0.9617147667147669,0.9610686364776978,0.9616666666666668
0.005651928537796873,0.13456399738788605,0.9703600103600104,0.9684481721981723,0.9685024510694183,0.9683333333333333
0.006359715397896555,0.13197556138038635,0.9749270636770637,0.972727873977874,0.9727875559410983,0.9733333333333333
0.004486968590451094,0.14324626326560974,0.9699031986531986,0.9662722462722463,0.9665607971433966,0.9666666666666667
0.006457757592822115,0.1431427150964737,0.9709349446849447,0.9683555796055797,0.9683643001537963,0.9683333333333333
0.003738686369615607,0.1360493004322052,0.9678616291116291,0.9653132515632517,0.9654635091090426,0.965
0.005378704877027,0.13920459151268005,0.9672519610019609,0.9653132515632517,0.9652386680380803,0.965
0.006849181185922741,0.1414187252521515,0.9655931105931105,0.9634613997113998,0.9635166280174245,0.9633333333333334
0.006208623676987675,0.13910901546478271,0.972679033929034,0.9700222462722463,0.9701118251660047,0.9699999999999999
0.005081145267467946,0.13822835683822632,0.9678616291116291,0.9653132515632517,0.9654635091090426,0.965
0.00375605762625734,0.1506458818912506,0.9623854386354386,0.9596314333814334,0.9592397314533763,0.96
0.004926094499145013,0.13361668586730957,0.974820226070226,0.9730056517556518,0.9730814155902211,0.9733333333333332
0.0061263919827373075,0.14104777574539185,0.9699847837347838,0.9662722462722463,0.9666836041609406,0.9666666666666667
0.006320526896161027,0.14271429181098938,0.9699031986531986,0.9662722462722463,0.9665607971433966,0.9666666666666667
0.005436731274433744,0.15250638127326965,0.9656146399896399,0.959769721019721,0.9600981050411211,0.96
0.006336234500243639,0.13638263940811157,0.9718967606467607,0.9695460557960559,0.9695940411730111,0.9699999999999999
0.004778704581743416,0.14193888008594513,0.9700533263033262,0.9680188792688793,0.9680955925382273,0.9683333333333333
0.003450392595065447,0.14379701018333435,0.9710165297665297,0.9683555796055797,0.9684871071713402,0.9683333333333333
0.004986610884467761,0.1406516283750534,0.9709912772412772,0.9683555796055797,0.968407947499705,0.9683333333333333
0.0044677409702368704,0.13736221194267273,0.9700533263033262,0.9680188792688793,0.9680955925382273,0.9683333333333333
0.004106023222751294,0.14445537328720093,0.9699847837347838,0.9662722462722463,0.9666836041609406,0.9666666666666667
0.0037056645329964035,0.14108341932296753,0.9719666907166906,0.9698707311207312,0.9697311431873059,0.9699999999999999
0.004594439606686744,0.16947659850120544,0.964765716309834,0.9591821141821143,0.9589616171564712,0.9583333333333334
0.005070045554020908,0.1400982141494751,0.9708650146150145,0.9680309042809044,0.9682271981395014,0.9683333333333333
0.0036498139209773703,0.14070174098014832,0.9655931105931105,0.9634613997113998,0.9635166280174245,0.9633333333333334
0.0038316854576502615,0.14189176261425018,0.969831326081326,0.9671651034151035,0.9671427071040299,0.9666666666666667
0.005655857816843006,0.13828729093074799,0.969831326081326,0.9671651034151035,0.9671427071040299,0.9666666666666667
0.003400285315971511,0.1377502679824829,0.9693767806267807,0.9665037277537278,0.9668744438533107,0.9666666666666667
0.0048228412051685154,0.1446877419948578,0.9675628075628074,0.9653132515632517,0.9651958260124119,0.965
0.005118878495219785,0.14839212596416473,0.9709349446849447,0.9683555796055797,0.9683643001537963,0.9683333333333333
0.0033414074932807125,0.14667147397994995,0.9659213934213934,0.9637981000481002,0.9636041419079402,0.9633333333333334
0.00791173967930566,0.14409059286117554,0.9659213934213934,0.9637981000481002,0.9636041419079402,0.9633333333333334
0.003451655718284504,0.14996439218521118,0.9709349446849447,0.9683555796055797,0.9683643001537963,0.9683333333333333
0.004262530630512629,0.1471811980009079,0.9613591038591037,0.9595262145262146,0.9589709096701066,0.9600000000000001
0.003817234309584213,0.14606255292892456,0.9724500962000963,0.9695460557960559,0.9697752348980644,0.9699999999999999
0.008940736530348659,0.1459445059299469,0.9642294742294742,0.9619462481962482,0.9618541384601982,0.9616666666666668
0.0037316876211358854,0.14086049795150757,0.9725316812816813,0.9695460557960559,0.9698980419156084,0.9699999999999999
0.0042348482117328485,0.1468031406402588,0.9699031986531986,0.9662722462722463,0.9665607971433966,0.9666666666666667
0.004427079948072787,0.14151446521282196,0.9710165297665297,0.9683555796055797,0.9684871071713402,0.9683333333333333
0.0028868429484039857,0.14562025666236877,0.9710165297665297,0.9683555796055797,0.9684871071713402,0.9683333333333333
0.003181534106261097,0.14767491817474365,0.9710165297665297,0.9683555796055797,0.9684871071713402,0.9683333333333333
0.004552368981724915,0.1521901935338974,0.9710165297665297,0.9683555796055797,0.9684871071713402,0.9683333333333333
0.0032928187768751136,0.15709517896175385,0.9664891589891589,0.9636465848965848,0.9637824080862063,0.9633333333333334
0.003587365038886977,0.1489855945110321,0.9664979927479926,0.9637981000481002,0.9638614730376971,0.9633333333333334
0.00483960676259206,0.1675773561000824,0.9630161042661043,0.9596314333814333,0.9592063228330111,0.96
0.0039692196126755635,0.14409050345420837,0.9713464775964776,0.9683555796055797,0.9685536418482981,0.9683333333333333
0.0046261010550855035,0.1505396068096161,0.9724500962000963,0.9695460557960559,0.9697752348980644,0.9699999999999999
0.0028214092259683334,0.14646701514720917,0.9720230232730231,0.9698707311207312,0.9697747905332147,0.9699999999999999
0.00366758594464045,0.14659057557582855,0.9693498630998629,0.9668404280904282,0.9668162633952333,0.9666666666666667
0.003384020999268008,0.14836806058883667,0.9710165297665297,0.9683555796055797,0.9684871071713402,0.9683333333333333
0.002951396997862806,0.1494796723127365,0.9710165297665297,0.9683555796055797,0.9684871071713402,0.9683333333333333
0.004128885334163594,0.14796540141105652,0.9700533263033262,0.9680188792688793,0.9680955925382273,0.9683333333333333
0.0029660714256654805,0.15355241298675537,0.9693498630998629,0.9668404280904282,0.9668162633952333,0.9666666666666667
0.0033645568667755774,0.1491786539554596,0.9686896899396898,0.9665037277537278,0.9664935564668818,0.9666666666666667
0.004459407825682622,0.15145686268806458,0.9681083268583267,0.9656499518999521,0.9654282159820142,0.965
0.0039070552653962904,0.1491963416337967,0.9709349446849447,0.9683555796055797,0.9683643001537963,0.9683333333333333
0.0032946911718075476,0.1479499787092209,0.9693246105746106,0.9665037277537278,0.9667975572094791,0.9666666666666667
0.002404856762344328,0.15790171921253204,0.9719044612794613,0.9674627224627225,0.9681982852776364,0.9683333333333333
0.0036278847304250426,0.15105758607387543,0.9710165297665297,0.9683555796055797,0.9684871071713402,0.9683333333333333
0.0043282510644833865,0.15924769639968872,0.9659213934213934,0.9637981000481002,0.9636041419079402,0.9633333333333334
0.0035794884388451464,0.15189377963542938,0.9692682780182779,0.9668404280904282,0.9666934563776893,0.9666666666666667
0.002807468656101264,0.1553698182106018,0.9709349446849447,0.9683555796055797,0.9683643001537963,0.9683333333333333
0.0030855466648063157,0.1504252552986145,0.9681899119399118,0.9656499518999521,0.9655510229995582,0.965
0.0030803778160285824,0.15371033549308777,0.9724500962000963,0.9695460557960559,0.9697752348980644,0.9699999999999999
0.0024356589856324717,0.1552693098783493,0.9698565786065786,0.9671651034151035,0.967221866775665,0.9666666666666667
0.0026630539602289596,0.1527712643146515,0.9698565786065786,0.9671651034151035,0.967221866775665,0.9666666666666667
0.0032827347167767584,0.1540822982788086,0.96258806008806,0.9604310966810967,0.9602624543557262,0.9600000000000001
0.003048961797806745,0.1591985672712326,0.96758806008806,0.9653132515632517,0.9652749856840471,0.965
0.0031619585812829123,0.15545278787612915,0.9698565786065786,0.9671651034151035,0.967221866775665,0.9666666666666667
0.004016430626506917,0.16275066137313843,0.9698332685832686,0.9662722462722463,0.9666114540887905,0.9666666666666667
0.002743299958334925,0.15653692185878754,0.9709349446849447,0.9683555796055797,0.9683643001537963,0.9683333333333333
0.0023841152506065555,0.15588325262069702,0.9710165297665297,0.9683555796055797,0.9684871071713402,0.9683333333333333
0.0031921197927052467,0.1553412675857544,0.9709349446849447,0.9683555796055797,0.9683643001537963,0.9683333333333333
0.002305401418804346,0.1537383496761322,0.9693498630998629,0.9668404280904282,0.9668162633952333,0.9666666666666667
0.002778778706366817,0.1616644263267517,0.9642294742294742,0.9619462481962483,0.9619145919460791,0.9616666666666668
0.0024923811264064475,0.16447287797927856,0.9685143097643097,0.9647570947570947,0.9649901214422862,0.965
0.0031695039894354218,0.1588641256093979,0.9659213934213934,0.9637981000481002,0.9636041419079402,0.9633333333333334
0.0023725194793466167,0.16213670372962952,0.9699847837347838,0.9662722462722463,0.9666836041609406,0.9666666666666667
0.003379288435098715,0.1702340543270111,0.9663489057239057,0.9612848725348725,0.9617228860123821,0.9616666666666668
0.003070516325048326,0.16725197434425354,0.95764541014541,0.9561592111592113,0.9551848009713356,0.9566666666666667
0.002409225225468011,0.16242745518684387,0.9710165297665297,0.9683555796055797,0.9684871071713402,0.9683333333333333
0.003839528004997798,0.15724070370197296,0.9642294742294742,0.9619462481962483,0.9619145919460791,0.9616666666666668
0.004050954679163017,0.15745875239372253,0.9709349446849447,0.9683555796055797,0.9683643001537963,0.9683333333333333
0.0031372818993986584,0.15586307644844055,0.9693498630998629,0.9668404280904282,0.9668162633952333,0.9666666666666667
0.0026817466956951344,0.17200762033462524,0.9663489057239057,0.9612848725348725,0.9617228860123821,0.9616666666666668
0.002625955719850026,0.15820525586605072,0.9642294742294742,0.9619462481962483,0.9619145919460791,0.9616666666666668
0.0025782307396487645,0.15698951482772827,0.9709349446849447,0.9683555796055797,0.9683643001537963,0.9683333333333333
0.0028265667400167636,0.16151002049446106,0.9657446257446257,0.9634613997113998,0.9635132856500359,0.9633333333333334
0.0020715545567024187,0.16248412430286407,0.9642294742294742,0.9619462481962483,0.9619145919460791,0.9616666666666668
0.0020223425502384393,0.16079466044902802,0.9699847837347838,0.9662722462722463,0.9666836041609406,0.9666666666666667
0.0025996542911646734,0.15662500262260437,0.9709349446849447,0.9683555796055797,0.9683643001537963,0.9683333333333333
0.0018588945664911687,0.16209767758846283,0.9709349446849447,0.9683555796055797,0.9683643001537963,0.9683333333333333
0.0024410748349813125,0.1673097014427185,0.9710165297665297,0.9683555796055797,0.9684871071713402,0.9683333333333333
0.0022815965276095085,0.15925374627113342,0.9692993580493581,0.9665037277537278,0.966718397537844,0.9666666666666667
0.002953473068676734,0.16158773005008698,0.9710165297665297,0.9683555796055797,0.9684871071713402,0.9683333333333333
0.0023745366609849348,0.1692623347043991,0.9690004208754209,0.9645586820586821,0.9651179477407772,0.965
0.0019469275842614782,0.15758034586906433,0.9676579439079438,0.9649885762385764,0.9651267134333722,0.965
0.0022511556696069115,0.1592879742383957,0.9651116476116476,0.9631367243867245,0.9631901843086279,0.9633333333333334
0.0031571166109642945,0.16522209346294403,0.9710165297665297,0.9683555796055797,0.9684871071713402,0.9683333333333333
0.003256671847339021,0.16113150119781494,0.967380166130166,0.9649885762385764,0.9651370654002459,0.965
0.0023436179908458143,0.1635955572128296,0.9720482757982757,0.9698707311207312,0.9698539502048499,0.9699999999999999
0.002128116990206763,0.16770875453948975,0.9710165297665297,0.9683555796055797,0.9684871071713402,0.9683333333333333
0.002372556632811514,0.16540734469890594,0.9653894253894254,0.9631367243867245,0.9631798323417543,0.9633333333333334
0.006172762822340398,0.16181977093219757,0.9710165297665297,0.9683555796055797,0.9684871071713402,0.9683333333333333
0.001956604069467479,0.16099652647972107,0.9710165297665297,0.9683555796055797,0.9684871071713402,0.9683333333333333
0.0021514207789247544,0.1687723994255066,0.9581342268842269,0.9564959114959115,0.9559468089264384,0.9566666666666667
0.0015984574880955431,0.15993629395961761,0.9685964960964961,0.9661790524290526,0.9662803170478834,0.9666666666666667
0.0026703556456292668,0.16453951597213745,0.9662943075443075,0.9634734247234248,0.9634642238761457,0.9633333333333334
0.0025123840484108464,0.1641843467950821,0.9642294742294742,0.9619462481962482,0.9618541384601982,0.9616666666666668
0.0023456264825654216,0.16170936822891235,0.9707834295334296,0.9680309042809044,0.9681043911219575,0.9683333333333333
0.0025389222331189862,0.1609921157360077,0.9707834295334296,0.9680309042809044,0.9681043911219575,0.9683333333333333
0.003245381532906322,0.16582925617694855,0.9645072520072521,0.9619462481962482,0.9618437864933246,0.9616666666666668
0.002482912500757569,0.1921025812625885,0.9632473776223777,0.9571560846560847,0.9570505694515207,0.9566666666666667
0.002155974325432908,0.16454297304153442,0.9707834295334296,0.9680309042809044,0.9681043911219575,0.9683333333333333
0.003721962457348127,0.16558235883712769,0.9645577570577569,0.9622829485329486,0.9619416523507137,0.9616666666666668
0.0018358116891855996,0.18007901310920715,0.9663489057239057,0.9612848725348725,0.9617228860123821,0.9616666666666668
0.0020358891645931485,0.1646825522184372,0.9670813445813445,0.9649885762385764,0.9648693823036153,0.965
0.001504922171686,0.16348087787628174,0.96258806008806,0.9604310966810967,0.9602624543557262,0.9600000000000001
0.002302229492973614,0.16737601161003113,0.9679862267362266,0.9653252765752766,0.9651537738380068,0.965
0.0037751576528535224,0.16672971844673157,0.9724500962000963,0.9695460557960559,0.9697752348980644,0.9699999999999999
0.0019510974889271893,0.16572079062461853,0.9693498630998629,0.9668404280904282,0.9668162633952333,0.9666666666666667
0.0019886655718437396,0.16463246941566467,0.9679862267362266,0.9653252765752766,0.9651537738380068,0.965
0.0027628166899376083,0.16684602200984955,0.9693498630998629,0.9668404280904282,0.9668162633952333,0.9666666666666667
0.0016906772677126962,0.16317592561244965,0.9670813445813445,0.9649885762385764,0.9648693823036153,0.965
0.0024389056294846037,0.16730336844921112,0.9676579439079438,0.9649885762385764,0.9651267134333722,0.965
0.0018816455994965509,0.16480104625225067,0.9693498630998629,0.9668404280904282,0.9668162633952333,0.9666666666666667
0.0018444784594369896,0.16933277249336243,0.9676579439079438,0.9649885762385764,0.9651267134333722,0.965
0.002236420169841343,0.17010395228862762,0.9677162652162652,0.9644203944203945,0.9647367230693226,0.965
0.0016464514289206515,0.16848532855510712,0.9693246105746106,0.9665037277537278,0.9667975572094791,0.9666666666666667
0.0016285602711529161,0.16037017107009888,0.9693498630998629,0.9668404280904282,0.9668162633952333,0.9666666666666667
0.001431935760289586,0.16002365946769714,0.9669045769045769,0.9643272005772007,0.9645907670860222,0.965
0.002012291906188087,0.1659839004278183,0.9709349446849447,0.9683555796055797,0.9683643001537963,0.9683333333333333
0.0032870121322048362,0.16274809837341309,0.967380166130166,0.9649885762385764,0.9651370654002459,0.965
0.0038821860143798403,0.16783982515335083,0.9651116476116476,0.9631367243867245,0.9631901843086279,0.9633333333333334
0.0017085442074555128,0.16502004861831665,0.9693498630998629,0.9668404280904282,0.9668162633952333,0.9666666666666667
0.001866409972232456,0.17185577750205994,0.9652379102379102,0.9631367243867245,0.9631076822696042,0.9633333333333334
0.0020504159231980643,0.16049163043498993,0.9676579439079438,0.9649885762385763,0.9650662599474913,0.965
0.001633643775373154,0.16451820731163025,0.9708650146150145,0.9680309042809044,0.9682271981395014,0.9683333333333333
0.0012517505868648489,0.16497009992599487,0.9693498630998629,0.9668404280904282,0.9668162633952333,0.9666666666666667
0.001986031419316229,0.16658428311347961,0.968548581048581,0.9665037277537278,0.9664271656508722,0.9666666666666667
0.002262863827733478,0.1673208773136139,0.9668819143819142,0.9649885762385764,0.9647563218747653,0.965
0.0014345361281205744,0.16338776051998138,0.9708650146150145,0.9680309042809044,0.9682271981395014,0.9683333333333333
0.002378654705050091,0.17951858043670654,0.9675281200281199,0.9644203944203945,0.9645943700034313,0.965
0.0014694707509382472,0.1696539968252182,0.9676579439079438,0.9649885762385764,0.9651267134333722,0.965
0.001507436680791822,0.16726434230804443,0.9707834295334296,0.9680309042809044,0.9681043911219575,0.9683333333333333
0.0021153335874259938,0.16886554658412933,0.9724500962000963,0.9695460557960559,0.9697752348980644,0.9699999999999999
0.0025446932607640824,0.16442473232746124,0.9664145576645576,0.962905242905243,0.9631908286155383,0.9633333333333334
0.0030594920899602585,0.175340473651886,0.9699031986531986,0.9662722462722463,0.9665607971433966,0.9666666666666667
0.0014358199696289375,0.16601163148880005,0.9643809893809893,0.9616215728715729,0.9616630371331206,0.9616666666666668
0.0019468798867213384,0.1686333864927292,0.9692682780182779,0.9668404280904282,0.9666934563776893,0.9666666666666667
0.0027224904321580348,0.16517910361289978,0.9693498630998629,0.9668404280904282,0.9668162633952333,0.9666666666666667
0.001373959744645011,0.16716820001602173,0.9670813445813445,0.9649885762385764,0.9648693823036153,0.965
0.0018539070078986697,0.16448459029197693,0.9708650146150145,0.9680309042809044,0.9682271981395014,0.9683333333333333
0.0026583321329477863,0.17873236536979675,0.9578912753912753,0.9540758778258779,0.954022342783706,0.9549999999999997
0.00210717057295066,0.16564643383026123,0.9693498630998629,0.9668404280904282,0.9668162633952333,0.9666666666666667
0.004011783354750757,0.1680050790309906,0.9693498630998629,0.9668404280904282,0.9668162633952333,0.9666666666666667
0.0013642725195192422,0.16956691443920135,0.9693498630998629,0.9668404280904282,0.9668162633952333,0.9666666666666667
0.000983297373750247,0.1672114133834839,0.9693498630998629,0.9668404280904282,0.9668162633952333,0.9666666666666667
0.0012679360964587734,0.1683339774608612,0.9724500962000963,0.9695460557960559,0.9697752348980644,0.9699999999999999
0.0015658802573549717,0.1777457892894745,0.9699847837347838,0.9662722462722463,0.9666836041609406,0.9666666666666667
0.001402592344675213,0.17052659392356873,0.9692682780182779,0.9668404280904282,0.9666934563776893,0.9666666666666667
0.0013984337322957192,0.17422059178352356,0.9692682780182779,0.9668404280904282,0.9666934563776893,0.9666666666666667
0.0012119884207398475,0.163894921541214,0.9691730954230953,0.9661790524290526,0.9665376481776402,0.9666666666666667
0.0014561359009045798,0.17167532444000244,0.9693498630998629,0.9668404280904282,0.9668162633952333,0.9666666666666667
0.0011591430302360095,0.167217418551445,0.9693498630998629,0.9668404280904282,0.9668162633952333,0.9666666666666667
0.0012324676899879705,0.16933134198188782,0.9693498630998629,0.9668404280904282,0.9668162633952333,0.9666666666666667
0.0010151892408127121,0.17092201113700867,0.9692682780182779,0.9668404280904282,0.9666934563776893,0.9666666666666667
0.0017724134146798558,0.16809234023094177,0.9696276408776408,0.966840428090428,0.9667454579424787,0.9666666666666667
0.0023895115033762218,0.16897356510162354,0.9707834295334296,0.9680309042809044,0.9681043911219575,0.9683333333333333
0.0029378684848779812,0.1686989963054657,0.9685964960964961,0.9661790524290526,0.9662803170478834,0.9666666666666667
0.002749139369067658,0.16644351184368134,0.9692682780182779,0.9668404280904282,0.9666934563776893,0.9666666666666667
0.0014649450337553087,0.1716027557849884,0.9693498630998629,0.9668404280904282,0.9668162633952333,0.9666666666666667
0.002420974994796173,0.17062821984291077,0.9725316812816813,0.9695460557960559,0.9698980419156084,0.9699999999999999
0.0017682368100698416,0.17008745670318604,0.9693498630998629,0.9668404280904282,0.9668162633952333,0.9666666666666667
0.0023125824191083666,0.17268618941307068,0.9692682780182779,0.9668404280904282,0.9666934563776893,0.9666666666666667
0.0012154036897603266,0.1748659610748291,0.9692682780182779,0.9668404280904282,0.9666934563776893,0.9666666666666667
0.002164627341699088,0.1749270260334015,0.9676579439079438,0.9649885762385764,0.9651267134333722,0.965
0.002472855060962805,0.17407628893852234,0.9694197931697932,0.9665157527657527,0.966441901564731,0.9666666666666667
0.001696210958471056,0.174788236618042,0.9679862267362266,0.9653252765752766,0.9651537738380068,0.965
0.0014905753081014457,0.16902068257331848,0.9692682780182779,0.9668404280904282,0.9666934563776893,0.9666666666666667
0.001243056984700767,0.17392009496688843,0.9709349446849447,0.9683555796055797,0.9683643001537963,0.9683333333333333
0.0016388952814547035,0.17121621966362,0.9692682780182779,0.9668404280904282,0.9666934563776893,0.9666666666666667
0.0013353988482170582,0.1746731996536255,0.9709349446849447,0.9683555796055797,0.9683643001537963,0.9683333333333333
0.0029255182695730277,0.17508810758590698,0.9692682780182779,0.9668404280904282,0.9666934563776893,0.9666666666666667
0.001317469279456418,0.16745895147323608,0.9707834295334296,0.9680309042809044,0.9681043911219575,0.9683333333333333
0.0014096812835002008,0.1698642373085022,0.9693498630998629,0.9668404280904282,0.9668162633952333,0.9666666666666667
0.0012890935995528707,0.16851317882537842,0.9683970658970659,0.9661790524290526,0.9661672566190335,0.9666666666666667
0.0012216118860427134,0.17303970456123352,0.9693498630998629,0.9668404280904282,0.9668162633952333,0.9666666666666667
0.0017109000897714093,0.17529964447021484,0.9676579439079438,0.9649885762385764,0.9651267134333722,0.965
0.0012866542201663833,0.17758816480636597,0.9575251600251601,0.9567273929773931,0.9554581962319433,0.9566666666666667
0.001297579554375261,0.17397837340831757,0.9693498630998629,0.9668404280904282,0.9668162633952333,0.9666666666666667
0.0012020534753294971,0.17032590508460999,0.9693498630998629,0.9668404280904282,0.9668162633952333,0.9666666666666667
0.0018123551235476043,0.17017242312431335,0.9670813445813445,0.9649885762385764,0.9648693823036153,0.965
0.001274992846447276,0.16834533214569092,0.9693498630998629,0.9668404280904282,0.9668162633952333,0.9666666666666667
0.001536706698971102,0.16857051849365234,0.9676579439079438,0.9649885762385764,0.9651267134333722,0.965
0.0012804879346125138,0.1721872091293335,0.9670813445813445,0.9649885762385764,0.9648693823036153,0.965
0.001286104560373739,0.17427030205726624,0.9676579439079438,0.9649885762385764,0.9651267134333722,0.965
0.001136027955605338,0.16780593991279602,0.9693498630998629,0.9668404280904282,0.9668162633952333,0.9666666666666667
0.001359188823698787,0.16890254616737366,0.964025789025789,0.9616215728715729,0.9615173427845277,0.9616666666666668
0.0013485209844172157,0.17040657997131348,0.9679862267362266,0.9653252765752766,0.9651537738380068,0.965
0.0030628457194931493,0.17173516750335693,0.9693498630998629,0.9668404280904282,0.9668162633952333,0.9666666666666667
0.0013115135188854765,0.17292997241020203,0.9692682780182779,0.9668404280904282,0.9666934563776893,0.9666666666666667
0.001057755785344246,0.17470073699951172,0.9693498630998629,0.9668404280904282,0.9668162633952333,0.9666666666666667
0.002255305496873916,0.17207340896129608,0.964025789025789,0.9616215728715729,0.9615173427845277,0.9616666666666668
0.0016227992515875183,0.17416924238204956,0.9710165297665297,0.9683555796055797,0.9684871071713402,0.9683333333333333
0.0017411893920022219,0.17390212416648865,0.9692682780182779,0.9668404280904282,0.9666934563776893,0.9666666666666667
0.0018112622516734216,0.1689402312040329,0.9679357216857216,0.9649885762385763,0.9650559079806177,0.965
0.001496613206351564,0.1773764193058014,0.9724500962000963,0.9695460557960559,0.9697752348980644,0.9699999999999999
0.0012242728632069582,0.1691548228263855,0.9707834295334296,0.9680309042809044,0.9681043911219575,0.9683333333333333
0.0013816722651730136,0.16972407698631287,0.9693498630998629,0.9668404280904282,0.9668162633952333,0.9666666666666667
0.0018322375114318372,0.16879306733608246,0.9679862267362266,0.9653252765752766,0.9651537738380068,0.965
0.0013704826281658218,0.17227903008460999,0.9679046416546416,0.9653252765752766,0.9650309668204629,0.965
0.001293504695543864,0.17120645940303802,0.9708650146150145,0.9680309042809044,0.9682271981395014,0.9683333333333333
0.0012779396617285481,0.1758304089307785,0.9693498630998629,0.9668404280904282,0.9668162633952333,0.9666666666666667
0.0015846378567706172,0.18279194831848145,0.9709349446849447,0.9683555796055797,0.9683643001537963,0.9683333333333333
0.0013920457889374422,0.17875801026821136,0.9710165297665297,0.9683555796055797,0.9684871071713402,0.9683333333333333
0.0010767161299251409,0.17680463194847107,0.9693498630998629,0.9668404280904282,0.9668162633952333,0.9666666666666667
0.0010121381856151856,0.18151716887950897,0.9709349446849447,0.9683555796055797,0.9683643001537963,0.9683333333333333
0.0018677688991980783,0.1772838532924652,0.9693498630998629,0.9668404280904282,0.9668162633952333,0.9666666666666667
0.0015211924316342145,0.1749582290649414,0.9657177082177081,0.9634734247234248,0.9632068927463888,0.9633333333333334
0.0012181590330631782,0.17202810943126678,0.9692682780182779,0.9668404280904282,0.9666934563776893,0.9666666666666667
0.0015839114785194397,0.17354004085063934,0.9660165297665296,0.9634734247234248,0.9634745758430193,0.9633333333333334
0.0014273373035393888,0.17805516719818115,0.9710165297665297,0.9683555796055797,0.9684871071713402,0.9683333333333333
0.0012034231100794084,0.17441153526306152,0.9693498630998629,0.9668404280904282,0.9668162633952333,0.9666666666666667
0.001487046486242131,0.17289525270462036,0.9692682780182779,0.9668404280904282,0.9666934563776893,0.9666666666666667
0.0009619368199006809,0.16908949613571167,0.9693498630998629,0.9668404280904282,0.9668162633952333,0.9666666666666667
0.0012045814825493533,0.16691122949123383,0.9694197931697932,0.9665157527657527,0.966441901564731,0.9666666666666667
0.002628830917577337,0.1698862761259079,0.9688953176453176,0.9661790524290526,0.966548000144514,0.9666666666666667
0.002832942014113845,0.1780286282300949,0.9676579439079438,0.9649885762385764,0.9651267134333722,0.965
0.0013244553532179755,0.17384271323680878,0.9637480112480111,0.9616215728715729,0.9615276947514014,0.9616666666666668
0.0013264074538407538,0.1705496609210968,0.9675316812816813,0.964663900913901,0.9648855105872874,0.965
0.0014111216284315258,0.17285071313381195,0.9691730954230953,0.9661790524290526,0.9665376481776402,0.9666666666666667
0.002195607936300803,0.17340338230133057,0.9657177082177081,0.9634734247234248,0.9632068927463888,0.9633333333333334
0.0012321273425186519,0.17371317744255066,0.9676579439079438,0.9649885762385764,0.9651267134333722,0.965
0.0010455196249192038,0.17628997564315796,0.9708397620897621,0.967694203944204,0.9682084919537471,0.9683333333333333
0.001992536631102363,0.1703520268201828,0.9690915103415102,0.9661790524290526,0.9664148411600962,0.9666666666666667
0.0015929430749868818,0.17479243874549866,0.9676579439079438,0.9649885762385764,0.9651267134333722,0.965
0.0010434454319086701,0.17426781356334686,0.9679862267362266,0.9653252765752766,0.9651537738380068,0.965
0.0017594093369552866,0.17150293290615082,0.9679046416546416,0.9653252765752766,0.9650309668204629,0.965
0.0013348108501910854,0.17634503543376923,0.964025789025789,0.9616215728715729,0.9615173427845277,0.9616666666666668
0.0009775464471507196,0.17573198676109314,0.9679862267362266,0.9653252765752766,0.9651537738380068,0.965
0.0009409022059116978,0.17442572116851807,0.9679357216857216,0.9649885762385763,0.9650559079806177,0.965
0.0017886455292076182,0.19780218601226807,0.9682849326599325,0.96365860990861,0.963827809737645,0.9633333333333334
0.002707341747736791,0.17613491415977478,0.9662943075443075,0.9634734247234248,0.9634642238761457,0.9633333333333334
0.0008824678589007817,0.1788385808467865,0.9662943075443075,0.9634734247234248,0.9634642238761457,0.9633333333333334
0.001052609141576492,0.17710696160793304,0.9676579439079438,0.9649885762385764,0.9651267134333722,0.965
0.0010821805505353648,0.18395155668258667,0.9699847837347838,0.9662722462722463,0.9666836041609406,0.9666666666666667
0.0010878525633112683,0.17153483629226685,0.9695013782513783,0.9665157527657527,0.966564708582275,0.9666666666666667
0.000724273328766382,0.17248737812042236,0.9678094590594589,0.964663900913901,0.9648751586204137,0.965
0.0017827048777689924,0.17405545711517334,0.9692682780182779,0.9668404280904282,0.9666934563776893,0.9666666666666667
0.0015095589084618648,0.17737659811973572,0.9675763588263587,0.9649885762385764,0.9650039064158283,0.965
0.0011824964628128025,0.1767786145210266,0.9645072520072521,0.9619462481962482,0.9618437864933246,0.9616666666666668
0.0008429548261119635,0.17540106177330017,0.9638263588263588,0.9616215728715729,0.9614042823556779,0.9616666666666668
0.001296726512615957,0.18160653114318848,0.9709349446849447,0.9683555796055797,0.9683643001537963,0.9683333333333333
0.0013344489549732923,0.17997854948043823,0.9675763588263587,0.9649885762385764,0.9650039064158283,0.965
0.0010922561159532052,0.17950724065303802,0.9709349446849447,0.9683555796055797,0.9683643001537963,0.9683333333333333
0.0015865242373062454,0.17775285243988037,0.9670813445813445,0.9649885762385764,0.9648693823036153,0.965
0.0021210272764922897,0.17415058612823486,0.9692682780182779,0.9668404280904282,0.9666934563776893,0.9666666666666667
0.0008622759135808641,0.17765024304389954,0.9676579439079438,0.9649885762385764,0.9651267134333722,0.965
0.0021493509690723536,0.1743749976158142,0.9676579439079438,0.9649885762385764,0.9651267134333722,0.965
0.0010675832460644112,0.1736517995595932,0.9692682780182779,0.9668404280904282,0.9666934563776893,0.9666666666666667
0.0016626353850976254,0.17408409714698792,0.9693498630998629,0.9668404280904282,0.9668162633952333,0.9666666666666667
0.0011419057263992727,0.1764298975467682,0.9670813445813445,0.9649885762385764,0.9648693823036153,0.965
0.0009742482458629335,0.17719732224941254,0.9662943075443075,0.9634734247234248,0.9634642238761457,0.9633333333333334
0.0008836737724777777,0.18075960874557495,0.9707834295334296,0.9680309042809044,0.9681043911219575,0.9683333333333333
0.0018367102778332385,0.17773032188415527,0.9662943075443075,0.9634734247234248,0.9634642238761457,0.9633333333333334
0.0008957577562493194,0.17710340023040771,0.9693498630998629,0.9668404280904282,0.9668162633952333,0.9666666666666667
0.000923168119697948,0.17805004119873047,0.9662943075443075,0.9634734247234248,0.9634642238761457,0.9633333333333334
0.0008180845379683888,0.1746349334716797,0.9679862267362266,0.9653252765752766,0.9651537738380068,0.965
0.0007729981740946338,0.1754445880651474,0.9693498630998629,0.9668404280904282,0.9668162633952333,0.9666666666666667
0.0009490286417227859,0.17154425382614136,0.9693498630998629,0.9668404280904282,0.9668162633952333,0.9666666666666667
0.001018561772070825,0.17217543721199036,0.9691730954230953,0.9661790524290526,0.9665376481776402,0.9666666666666667
0.0008974407125303211,0.17671214044094086,0.9676579439079438,0.9649885762385764,0.9651267134333722,0.965
0.0013849065247389565,0.16934357583522797,0.9694508732008731,0.9661790524290524,0.9664668427248856,0.9666666666666667
0.0013690594235716465,0.1755751222372055,0.9636414511414512,0.9612848725348725,0.9608697287790706,0.9616666666666666
0.0008759966209860673,0.17603188753128052,0.9679862267362266,0.9653252765752766,0.9651537738380068,0.965
0.0007212322634586599,0.17903661727905273,0.9692682780182779,0.9668404280904282,0.9666934563776893,0.9666666666666667
0.0020460529861641894,0.17723050713539124,0.9662943075443075,0.9634734247234248,0.9634642238761457,0.9633333333333334
0.0006365862251792956,0.1813378781080246,0.9679862267362266,0.9653252765752766,0.9651537738380068,0.965
0.000669365972498781,0.18055133521556854,0.9692682780182779,0.9668404280904282,0.9666934563776893,0.9666666666666667
0.0007453752574898923,0.18120042979717255,0.9662943075443075,0.9634734247234248,0.9634642238761457,0.9633333333333334
0.0008742736620964328,0.17694085836410522,0.9679862267362266,0.9653252765752766,0.9651537738380068,0.965
0.0008640789431713832,0.1806107610464096,0.9693498630998629,0.9668404280904282,0.9668162633952333,0.9666666666666667
0.00126712641880052,0.17694991827011108,0.9656672031672032,0.9631367243867244,0.9631090268889997,0.9633333333333334
0.002388916991549195,0.17957395315170288,0.963575036075036,0.9597234247234248,0.9601474165864282,0.96
0.0007719529179060677,0.17788361012935638,0.9679862267362266,0.9653252765752766,0.9651537738380068,0.965
0.000792738976694333,0.17617809772491455,0.9693498630998629,0.9668404280904282,0.9668162633952333,0.9666666666666667
0.0007742927015594129,0.17721638083457947,0.9693498630998629,0.9668404280904282,0.9668162633952333,0.9666666666666667
0.0010486988236759014,0.1776132583618164,0.9679862267362266,0.9653252765752766,0.9651537738380068,0.965
0.0012418021045353573,0.17448008060455322,0.9676579439079438,0.9649885762385764,0.9651267134333722,0.965
0.001540352783194976,0.17671971023082733,0.9693498630998629,0.9668404280904282,0.9668162633952333,0.9666666666666667
0.0011692040291867063,0.1790773868560791,0.9693498630998629,0.9668404280904282,0.9668162633952333,0.9666666666666667
0.0007342859620014982,0.1762550175189972,0.9693498630998629,0.9668404280904282,0.9668162633952333,0.9666666666666667
0.0017941191338953406,0.18297281861305237,0.9682365319865319,0.9647570947570948,0.9648899533672898,0.965
0.0016509687484358437,0.17719095945358276,0.9691730954230953,0.9661790524290526,0.9665376481776402,0.9666666666666667
0.0007276394874982847,0.1815623939037323,0.9645072520072521,0.9619462481962482,0.9618437864933246,0.9616666666666668
0.0018065762851620093,0.1778600811958313,0.9662943075443075,0.9634734247234248,0.9634642238761457,0.9633333333333334
0.0010406348083051853,0.17770472168922424,0.9693498630998629,0.9668404280904282,0.9668162633952333,0.9666666666666667
0.001285887192352675,0.1845005601644516,0.9699031986531986,0.9662722462722463,0.9665607971433966,0.9666666666666667
0.0008222359623080896,0.1808759868144989,0.9693498630998629,0.9668404280904282,0.9668162633952333,0.9666666666666667
0.0007741449668780357,0.17657974362373352,0.9679862267362266,0.9653252765752766,0.9651537738380068,0.965
0.0008544941004705228,0.17189089953899384,0.9695013782513783,0.9665157527657527,0.966564708582275,0.9666666666666667
0.0016968028394330759,0.17859362065792084,0.9662943075443075,0.9634734247234248,0.9634642238761457,0.9633333333333334
0.0006865787642406455,0.17977651953697205,0.9693498630998629,0.9668404280904282,0.9668162633952333,0.9666666666666667
0.0011885451270548704,0.17819702625274658,0.9693498630998629,0.9668404280904282,0.9668162633952333,0.9666666666666667
0.0007252810300997226,0.18638162314891815,0.9709349446849447,0.9683555796055797,0.9683643001537963,0.9683333333333333
0.0012957429086479049,0.18251118063926697,0.9693498630998629,0.9668404280904282,0.9668162633952333,0.9666666666666667
0.0011134903422013547,0.1827365607023239,0.9679862267362266,0.9653252765752766,0.9651537738380068,0.965
0.002601660369691672,0.1865239441394806,0.9699847837347838,0.9662722462722463,0.9666836041609406,0.9666666666666667
