training_loss,validation_loss,precision,recall,f1,accuracy
0.37853409474094707,1.5959692001342773,0.7429420400330007,0.6686491313697195,0.6322724404776162,0.6616666666666667
0.09842347369218866,0.5638106465339661,0.8832331808690504,0.8591079617550205,0.8529372086997272,0.8533333333333334
0.09508794577171405,1.2616896629333496,0.8039528995564394,0.6805476522388286,0.6564848352033249,0.6766666666666666
0.07586750636498134,2.1883769035339355,0.8232446452060896,0.6385134228516581,0.6380314221975171,0.6433333333333333
0.0825424885066847,0.38446611166000366,0.9087170890112067,0.8980043431514019,0.8937721021873308,0.8966666666666668
0.06340988577964406,0.2154131531715393,0.9474594155844155,0.9386329873829875,0.9374244648312042,0.9383333333333334
0.049291855189949274,0.7002838850021362,0.8650724637515141,0.8189090865561454,0.8109737566934853,0.8233333333333333
0.025918136263499036,0.9786100387573242,0.831482106119619,0.7984794372294372,0.77783431688671,0.7999999999999999
0.030005919261990737,0.16040325164794922,0.9471679709179709,0.9471833885069181,0.9441183482557602,0.9466666666666667
0.03185380209470168,0.32386159896850586,0.9347755254005254,0.9286189273689273,0.9253693945784608,0.9266666666666667
0.04582789233730485,0.42709022760391235,0.9247527935027936,0.9145593295593297,0.9146367498652351,0.915
0.03621869252917046,0.29433807730674744,0.926772842167579,0.9154242979242979,0.9110692055346741,0.915
0.028176497677729156,0.19285111129283905,0.9477137847532585,0.9434157046657047,0.9421437899604417,0.9416666666666665
0.029770010349845204,0.2456212043762207,0.9548960493697335,0.9495477207977209,0.9484267960481111,0.9466666666666667
0.011622490116375653,0.23066115379333496,0.942326270221007,0.9352443852443852,0.9328416391724037,0.9366666666666666
0.005864442554108488,0.10226254165172577,0.9718041680541681,0.9701362988862989,0.9697962601155495,0.9699999999999999
0.003464053783318377,0.08768393099308014,0.9788826913826915,0.9771254208754208,0.9770967305485508,0.9766666666666666
0.0036967302573126895,0.07973672449588776,0.9807134994634995,0.9806788119288119,0.9802389076696408,0.98
0.0053978678885566,0.15741100907325745,0.9553381073117916,0.9499030136530137,0.9495687446308166,0.9500000000000001
0.011549400425186226,0.11961998790502548,0.9696100196100197,0.9679930254930255,0.9673082803795103,0.9683333333333333
0.0015738379812925511,0.10967335104942322,0.9704164816664816,0.9710744348244349,0.9698225730563851,0.9699999999999999
0.0006165055444095439,0.11185197532176971,0.9766869241869242,0.9752615440115441,0.9751628260799944,0.975
0.0003355266659733995,0.11022618412971497,0.9722703685203685,0.9725559163059164,0.9716861856257454,0.9716666666666667
0.0005027721308579203,0.09965764731168747,0.9736578236578236,0.971386483886484,0.9705065959978577,0.9716666666666666
0.00034921149199362844,0.09217725694179535,0.9766400266400267,0.9774380711880712,0.9764284174510092,0.9766666666666666
0.00022207061268394077,0.09207673370838165,0.9794178044178045,0.9789532227032227,0.9787372197598114,0.9783333333333334
0.00017874419821358364,0.09316867589950562,0.9794178044178045,0.9789532227032227,0.9787372197598114,0.9783333333333334
0.00011333306686841145,0.09347331523895264,0.9748933936433937,0.9759229196729198,0.9748753763839016,0.975
0.00011701981262982979,0.09121491760015488,0.9794178044178045,0.9789532227032227,0.9787372197598114,0.9783333333333334
8.930563929728426e-05,0.0943097397685051,0.9748933936433937,0.9759229196729198,0.9748753763839016,0.975
0.0006247627708641327,0.11891289800405502,0.9729483479483481,0.9719745069745072,0.9715976985655259,0.9716666666666667
0.00220484514996618,0.8316335082054138,0.9376798445219499,0.8997162097162096,0.8954923831502947,0.9
0.0061125466997206486,0.22120720148086548,0.9458173308173308,0.94387469012469,0.940444598859202,0.94
0.048187760963628534,1.623749017715454,0.8513249907140065,0.709217272379037,0.7048444035149176,0.71
0.13496996051010987,1.4054906368255615,0.8182535363554848,0.7807475422181306,0.7688491720323638,0.7766666666666667
0.23556721583008766,1.2540977001190186,0.6928681303932852,0.7025250076720665,0.6464446678192809,0.7000000000000001
0.11429835219557087,0.6067607402801514,0.8720522533022533,0.8474571262071261,0.8315675666568518,0.8483333333333333
0.0505762534836928,0.3766704499721527,0.9285735247867603,0.9020809909045203,0.9002155202268045,0.8983333333333333
0.021306808514054865,0.22475330531597137,0.9528359140859141,0.9522973785473786,0.9499322304841539,0.9516666666666665
0.014030705055726381,0.1848408430814743,0.951925343175343,0.9500835738335739,0.9485067954615768,0.9499999999999998
0.014189101707112664,0.2933671772480011,0.9397308274514157,0.9329682354682354,0.9306938537931355,0.9333333333333332
0.014562628336231379,0.4342116117477417,0.9228593397343398,0.911096928670458,0.9054422368575682,0.9083333333333333
0.018321585514058825,0.23931819200515747,0.9414089930537299,0.9380264833206011,0.9365283682643578,0.9366666666666665
0.015488715028671626,0.21571975946426392,0.9480601805601805,0.9490698653198654,0.9458499915617615,0.9483333333333333
0.009141167887719348,0.13579648733139038,0.9655609668109667,0.9665648703148704,0.9650028026365914,0.965
0.0034178482152735037,0.1653534471988678,0.9594004144004145,0.9593891293891293,0.9579169721825979,0.96
0.0017157754227810074,0.14793965220451355,0.9679289229289231,0.9670923520923521,0.9662302280699425,0.9666666666666668
0.0020777470748119717,0.12619075179100037,0.9679939042439042,0.9676364838864839,0.9664689558238599,0.9666666666666667
0.0019507620024038868,0.13585777580738068,0.9670134495134496,0.9656198893698894,0.9649180968213588,0.9666666666666667
0.002588333192761638,0.15168216824531555,0.972723063973064,0.971525789025789,0.9708090703604665,0.9716666666666667
0.00047599017580068903,0.16938334703445435,0.9726178451178451,0.970261544011544,0.970355389204672,0.9716666666666667
0.00044150531569660717,0.13650177419185638,0.9698130110630111,0.9704473304473304,0.9694404491642792,0.9699999999999999
0.0003385194121013531,0.13242170214653015,0.9698130110630111,0.9704473304473304,0.9694404491642792,0.9699999999999999
0.0001644573600666869,0.13064046204090118,0.9698130110630111,0.9704473304473304,0.9694404491642792,0.9699999999999999
0.00016005516105603115,0.13229015469551086,0.9685503848003848,0.9683639971139971,0.9676705765248413,0.9683333333333333
0.000321592087781634,0.1409010887145996,0.9685503848003848,0.9683639971139971,0.9676705765248413,0.9683333333333333
0.00015104095162617645,0.13728401064872742,0.9685503848003848,0.9683639971139971,0.9676705765248413,0.9683333333333333
0.00010151266966810606,0.13798949122428894,0.9685503848003848,0.9683639971139971,0.9676705765248413,0.9683333333333333
0.00015942573190841358,0.13935482501983643,0.9705284992784993,0.9704473304473304,0.9696175674424204,0.9699999999999999
0.00011977851272604312,0.14313898980617523,0.9685503848003848,0.9683639971139971,0.9676705765248413,0.9683333333333333
0.0001377493134289883,0.1405899077653885,0.9685503848003848,0.9683639971139971,0.9676705765248413,0.9683333333333333
0.00010146518570763874,0.1382720172405243,0.9705284992784993,0.9704473304473304,0.9696175674424204,0.9699999999999999
8.030672946309399e-05,0.13618803024291992,0.9685503848003848,0.9683639971139971,0.9676705765248413,0.9683333333333333
7.653355631494681e-05,0.13772094249725342,0.9685503848003848,0.9683639971139971,0.9676705765248413,0.9683333333333333
6.658315669483272e-05,0.1388067603111267,0.9705284992784993,0.9704473304473304,0.9696175674424204,0.9699999999999999
7.574379393796941e-05,0.13899169862270355,0.9705284992784993,0.9704473304473304,0.9696175674424204,0.9699999999999999
9.82652127277106e-05,0.1365351676940918,0.9705284992784993,0.9704473304473304,0.9696175674424204,0.9699999999999999
5.7459076060695224e-05,0.13968715071678162,0.9705284992784993,0.9704473304473304,0.9696175674424204,0.9699999999999999
0.00010376950225084632,0.1348409354686737,0.9717911255411256,0.9725306637806638,0.9713874400818584,0.9716666666666666
6.885111330727038e-05,0.13989414274692535,0.9705284992784993,0.9704473304473304,0.9696175674424204,0.9699999999999999
6.655236067369212e-05,0.13699263334274292,0.9705284992784993,0.9704473304473304,0.9696175674424204,0.9699999999999999
7.453699875744253e-05,0.13709288835525513,0.9705284992784993,0.9704473304473304,0.9696175674424204,0.9699999999999999
6.936013649768331e-05,0.1374160796403885,0.9705284992784993,0.9704473304473304,0.9696175674424204,0.9699999999999999
6.435294903894828e-05,0.1346406787633896,0.9705284992784993,0.9704473304473304,0.9696175674424204,0.9699999999999999
4.887918654124709e-05,0.1350005716085434,0.9705284992784993,0.9704473304473304,0.9696175674424204,0.9699999999999999
4.2953291995218024e-05,0.1362888514995575,0.9705284992784993,0.9704473304473304,0.9696175674424204,0.9699999999999999
4.986306059133009e-05,0.13958624005317688,0.9705284992784993,0.9704473304473304,0.9696175674424204,0.9699999999999999
3.396451476570898e-05,0.13714168965816498,0.9717911255411256,0.9725306637806638,0.9713874400818584,0.9716666666666666
3.238956166266386e-05,0.13674691319465637,0.9705284992784993,0.9704473304473304,0.9696175674424204,0.9699999999999999
4.7241648606662544e-05,0.13783881068229675,0.9705284992784993,0.9704473304473304,0.9696175674424204,0.9699999999999999
3.309150516391431e-05,0.13976255059242249,0.9705284992784993,0.9704473304473304,0.9696175674424204,0.9699999999999999
3.657758232596583e-05,0.1391514092683792,0.9705284992784993,0.9704473304473304,0.9696175674424204,0.9699999999999999
3.997047713255597e-05,0.13915760815143585,0.9705284992784993,0.9704473304473304,0.9696175674424204,0.9699999999999999
3.464559684592435e-05,0.13713279366493225,0.9705284992784993,0.9704473304473304,0.9696175674424204,0.9699999999999999
3.6062995225923565e-05,0.14262983202934265,0.9705284992784993,0.9704473304473304,0.9696175674424204,0.9699999999999999
4.807988767652205e-05,0.1359677016735077,0.9705284992784993,0.9704473304473304,0.9696175674424204,0.9699999999999999
3.710885842641195e-05,0.1400129497051239,0.9705284992784993,0.9704473304473304,0.9696175674424204,0.9699999999999999
2.992749248657371e-05,0.13915866613388062,0.9705284992784993,0.9704473304473304,0.9696175674424204,0.9699999999999999
0.00010619859131111298,0.13810819387435913,0.9717911255411256,0.9725306637806638,0.9713874400818584,0.9716666666666666
2.6671290318821168e-05,0.13942725956439972,0.9706159118659118,0.970678811928812,0.9696733877942766,0.9699999999999999
3.607690314311185e-05,0.14171408116817474,0.9705284992784993,0.9704473304473304,0.9696175674424204,0.9699999999999999
4.31531672499356e-05,0.13998109102249146,0.9705284992784993,0.9704473304473304,0.9696175674424204,0.9699999999999999
3.503998145030588e-05,0.1407914161682129,0.9705284992784993,0.9704473304473304,0.9696175674424204,0.9699999999999999
3.299872088291522e-05,0.1378784477710724,0.9705284992784993,0.9704473304473304,0.9696175674424204,0.9699999999999999
2.6794076082599833e-05,0.14078791439533234,0.9705284992784993,0.9704473304473304,0.9696175674424204,0.9699999999999999
4.2073130354462286e-05,0.13672061264514923,0.9705284992784993,0.9704473304473304,0.9696175674424204,0.9699999999999999
5.6107639655541185e-05,0.13788652420043945,0.9673751711251711,0.9665121452621452,0.9659565242372596,0.9666666666666667
2.05268460907367e-05,0.1406903713941574,0.9705284992784993,0.9704473304473304,0.9696175674424204,0.9699999999999999
3.660976896450544e-05,0.14112304151058197,0.9705284992784993,0.9704473304473304,0.9696175674424204,0.9699999999999999
3.0230681204557186e-05,0.13923315703868866,0.9705284992784993,0.9704473304473304,0.9696175674424204,0.9699999999999999
2.254347020880232e-05,0.13750658929347992,0.9705284992784993,0.9704473304473304,0.9696175674424204,0.9699999999999999
5.054374588553401e-05,0.13484080135822296,0.9717911255411256,0.9725306637806638,0.9713874400818584,0.9716666666666666
1.9779403885422653e-05,0.1368768960237503,0.9717911255411256,0.9725306637806638,0.9713874400818584,0.9716666666666666
2.2224783966369916e-05,0.13871736824512482,0.9705284992784993,0.9704473304473304,0.9696175674424204,0.9699999999999999
2.7987957328908426e-05,0.145390123128891,0.9672540885040884,0.9668488455988457,0.9661152994432486,0.9666666666666667
3.683388198775598e-05,0.14085876941680908,0.9705284992784993,0.9704473304473304,0.9696175674424204,0.9699999999999999
3.784418117902533e-05,0.14047035574913025,0.9705284992784993,0.9704473304473304,0.9696175674424204,0.9699999999999999
2.3989876240193553e-05,0.1397681087255478,0.9736429773929774,0.9743825156325157,0.9733482243955839,0.9733333333333333
2.602318935866303e-05,0.14140546321868896,0.9705284992784993,0.9704473304473304,0.9696175674424204,0.9699999999999999
1.8834670603003662e-05,0.13963958621025085,0.9705284992784993,0.9704473304473304,0.9696175674424204,0.9699999999999999
2.7527013893783685e-05,0.13711944222450256,0.9705284992784993,0.9704473304473304,0.9696175674424204,0.9699999999999999
2.4462143623319815e-05,0.1353147029876709,0.9717911255411256,0.9725306637806638,0.9713874400818584,0.9716666666666666
3.1086802891877596e-05,0.1374138593673706,0.9705284992784993,0.9704473304473304,0.9696175674424204,0.9699999999999999
4.362960635262425e-05,0.1343793123960495,0.9717911255411256,0.9725306637806638,0.9713874400818584,0.9716666666666666
3.372828194869726e-05,0.13720279932022095,0.9693532856032857,0.9685954785954786,0.9679035151548386,0.9683333333333333
2.424339455349885e-05,0.1364249289035797,0.9706159118659118,0.970678811928812,0.9696733877942766,0.9699999999999999
1.6568303180974908e-05,0.13677065074443817,0.9706159118659118,0.970678811928812,0.9696733877942766,0.9699999999999999
1.6208291090909672e-05,0.13292689621448517,0.9717911255411256,0.9725306637806638,0.9713874400818584,0.9716666666666666
2.1989544374415953e-05,0.13900473713874817,0.9693532856032857,0.9685954785954786,0.9679035151548386,0.9683333333333333
1.8984278009763027e-05,0.14009442925453186,0.9693532856032857,0.9685954785954786,0.9679035151548386,0.9683333333333333
9.018619764826023e-05,0.13988593220710754,0.9706159118659118,0.970678811928812,0.9696733877942766,0.9699999999999999
0.0001748692982156778,0.13051414489746094,0.9724677637177637,0.9725306637806638,0.97175672112761,0.9716666666666666
0.0005539033855939124,0.14183270931243896,0.9712223424723425,0.9706325156325156,0.9701620073537288,0.9700000000000001
0.013205964083795152,2.561452865600586,0.8675842699121376,0.7616534718005306,0.7674359683393538,0.7600000000000001
0.26181421890699613,10.362700462341309,0.5271395443906884,0.3615972535090182,0.3242647936377096,0.36499999999999994
0.30201718273262185,0.7633444666862488,0.8592158420641393,0.8256654021359905,0.822389273503407,0.8216666666666668
0.17599774772922197,0.6114240884780884,0.8698045612654747,0.8380237545678723,0.8347961936242022,0.8416666666666667
0.08984011454352488,0.6771516799926758,0.8912418194693736,0.8384010297980886,0.8301734648884209,0.8383333333333334
0.04106152346745754,0.19919638335704803,0.9434056221556223,0.931818845642375,0.931912793900854,0.9333333333333332
0.026248479349305853,0.17207811772823334,0.9413187044437045,0.9374488936988937,0.9340889973289466,0.9366666666666665
0.011257245685555972,0.1553235799074173,0.9572664372664375,0.9578679653679654,0.9553627112769982,0.9550000000000001
0.008206462110441256,0.13419128954410553,0.9616290653790655,0.960671596921597,0.9588087099639351,0.96
0.006651898692022466,0.1474216878414154,0.9576982276982277,0.961069856069856,0.9580422613911628,0.9583333333333334
0.010684255674883994,0.44906020164489746,0.9354181004181004,0.9205741943241943,0.916192299515921,0.9166666666666666
0.007107274994874994,0.17551183700561523,0.9613560513560513,0.95804498061851,0.9574582557336052,0.9583333333333334
0.0019201526165488758,0.1589646190404892,0.9612641062641062,0.9600972175972177,0.9584441951851878,0.9583333333333331
0.0011710716244124342,0.15349173545837402,0.9662404262404264,0.9649759499759499,0.9638997940735036,0.9633333333333333
0.0006381248549587326,0.14180272817611694,0.9682916620416622,0.9675090187590188,0.9660372190514058,0.9666666666666667
0.0010239858432517697,0.1526976227760315,0.9672781385281386,0.9653006253006252,0.9644410792228467,0.9633333333333333
0.0010975478932474896,0.14276401698589325,0.9708908683908682,0.9698250360750361,0.9686207374961694,0.9683333333333333
0.0003468821460046456,0.14012032747268677,0.9729758204758204,0.9707972582972584,0.970207791234522,0.9700000000000001
0.00027510146166302246,0.14258208870887756,0.9743178118178117,0.9719877344877346,0.9714823163096469,0.9716666666666667
0.0004460281124920584,0.16164836287498474,0.9677778240278241,0.9665710678210679,0.9655016586766471,0.9666666666666667
0.0008049710460606244,0.15047749876976013,0.9741193991193992,0.9719877344877346,0.9713308708683464,0.9716666666666667
0.00018527905255420288,0.13836726546287537,0.9755159192659192,0.9738395863395864,0.9731717456798094,0.9733333333333333
0.00020558257680628836,0.1434165984392166,0.9706471768971769,0.968469215969216,0.9676375369367568,0.9683333333333333
0.0001720800014481938,0.1439308524131775,0.9706471768971769,0.968469215969216,0.9676375369367568,0.9683333333333333
0.0008491043223936382,0.17045900225639343,0.9653303178303179,0.9651154401154401,0.9632445440947243,0.9633333333333334
0.00041005452809865045,0.16426940262317657,0.9684315684315684,0.9678210678210678,0.9664592839793934,0.9666666666666667
0.00032154490660711116,0.1511239856481552,0.966950086950087,0.965969215969216,0.9644848831079337,0.965
0.0002724154794577771,0.15189121663570404,0.966950086950087,0.965969215969216,0.9644848831079337,0.965
0.00013027071903100781,0.15345905721187592,0.966950086950087,0.965969215969216,0.9644848831079337,0.965
0.0002393344986254912,0.14813053607940674,0.9681253006253007,0.9680525493025492,0.966207105330156,0.9666666666666667
0.0001238075903226369,0.14810818433761597,0.9652152477152477,0.9643488455988455,0.9623836707842152,0.9633333333333333
0.0001473053285584077,0.14135265350341797,0.9684559884559883,0.9675895863395864,0.9658509799740306,0.9666666666666667
0.00019326587403156736,0.1321113407611847,0.9685704573204573,0.9673118085618085,0.9660835608932241,0.9666666666666665
7.399578881480313e-05,0.13221697509288788,0.970208633958634,0.9691636604136603,0.9678929290849453,0.9683333333333333
0.00010403235777782054,0.13531646132469177,0.9685612073112072,0.9673118085618087,0.9657713874173678,0.9666666666666667
8.982082120686148e-05,0.13533033430576324,0.9705393217893218,0.9687006974506974,0.9675368037288199,0.9683333333333333
8.177995607638877e-05,0.1347685158252716,0.9699577274577275,0.9691636604136605,0.9676122622288309,0.9683333333333333
9.003003397841287e-05,0.13029000163078308,0.9715975228475228,0.9710155122655122,0.9695979589229675,0.9699999999999999
7.36957792166019e-05,0.13760024309158325,0.9705393217893218,0.9687006974506974,0.9675368037288199,0.9683333333333333
5.448540029343955e-05,0.12811172008514404,0.9719282106782106,0.9705525493025493,0.9692418335668421,0.9699999999999999
9.738822700455785e-05,0.12879280745983124,0.9699500962000962,0.9691636604136605,0.9674764172553899,0.9683333333333333
6.584604507982779e-05,0.13382761180400848,0.9699500962000962,0.9691636604136605,0.9674764172553899,0.9683333333333333
8.064409045497693e-05,0.13285353779792786,0.971935841935842,0.9705525493025493,0.9693776785402829,0.9699999999999999
5.845387867490596e-05,0.14124619960784912,0.9672192159692159,0.9661213323713325,0.964496862342243,0.965
7.25426284589048e-05,0.1314876675605774,0.9745368520368521,0.9739195526695528,0.9727354513468375,0.9733333333333333
4.2275984848553584e-05,0.13304604589939117,0.9665247715247715,0.9668620731120732,0.964516068425476,0.965
4.097163700104526e-05,0.12931516766548157,0.9733247308247308,0.9724044011544012,0.9710827083783052,0.9716666666666666
6.645202680980826e-05,0.12891435623168945,0.9717983405483405,0.9708772246272247,0.9696200514602497,0.9700000000000001
4.165232157523254e-05,0.1342018097639084,0.9695141895141894,0.969904401154401,0.9679121351681782,0.9683333333333333
5.1203568583938854e-05,0.1358242928981781,0.9747466884966886,0.974256253006253,0.9727452252369005,0.9733333333333332
2.7634898894272435e-05,0.12951338291168213,0.9742911255411255,0.9743825156325157,0.9732251027629594,0.9733333333333335
2.7526815794468955e-05,0.13257823884487152,0.9734163059163059,0.9724044011544012,0.9710405160027795,0.9716666666666666
4.4405658968571515e-05,0.13316911458969116,0.9692632830132831,0.9699044011544012,0.9676314683120637,0.9683333333333333
4.563768669640922e-05,0.1323261708021164,0.9730790043290044,0.9728673641173642,0.9715723597944271,0.9716666666666666
5.9134960679330106e-05,0.12560144066810608,0.9747466884966886,0.974256253006253,0.9727452252369005,0.9733333333333332
0.004876574272429934,1.6175521612167358,0.8841181585299233,0.8392085692085692,0.8337717927515889,0.84
0.05593820726123037,1.235264778137207,0.8404087444489922,0.7977050727050727,0.768383472160216,0.795
0.09744826131888355,0.675332248210907,0.8739847652347651,0.8495833360539242,0.8500927909506442,0.85
0.0617747915093787,0.9312461614608765,0.8539603841577526,0.8196811549017432,0.8091625994973101,0.8150000000000001
0.036461729022751875,0.6688052415847778,0.8959024931547815,0.8326307026307026,0.8200916000068005,0.8316666666666667
0.016927659230229136,0.23785525560379028,0.9397836422836422,0.9346657046657046,0.9329850778146583,0.9366666666666665
0.018141330759438763,0.303260862827301,0.9444984644984645,0.9352744015244014,0.9335962725039636,0.9333333333333335
0.012432736203966973,0.20142841339111328,0.9500884763384764,0.9488781289516585,0.9472510885003483,0.9466666666666667
0.006853544195716192,0.152476966381073,0.9581438006438007,0.9608694083694084,0.9577041857507024,0.9583333333333334
0.0033176350783226858,0.15416233241558075,0.9593368205868206,0.960830327080327,0.9585968162763976,0.96
0.0020061871303672283,0.17994867265224457,0.9592637455137455,0.9563918951418953,0.9558533216833781,0.9566666666666666
0.0006915105320028184,0.16900405287742615,0.9645862008362008,0.9613792688792687,0.961120761026265,0.9616666666666666
0.0002890438818212715,0.16369381546974182,0.9658041495541497,0.9634626022126023,0.9628674152111342,0.9633333333333333
0.0002852598822755681,0.16255250573158264,0.9681189643689644,0.9653144540644542,0.9649371319867334,0.965
0.002466580441705446,0.1790488362312317,0.954730500980501,0.9547368998104292,0.9527312797821389,0.9533333333333333
0.0022020027568790588,0.196621835231781,0.9577731065231064,0.9563528138528139,0.9549232873366112,0.9550000000000001
0.03315568245246444,1.0631996393203735,0.846483898785689,0.7923090362796246,0.788569702004091,0.7899999999999999
0.0292147345317062,1.1044843196868896,0.870579864982039,0.8016207267677856,0.7981744262951107,0.7983333333333333
0.058052581628241264,0.7024409770965576,0.8980687123334182,0.8829734154734156,0.8741767845794809,0.88
0.061867546455080934,0.4924049973487854,0.8602847152847154,0.8640656565656566,0.8479753244071397,0.8616666666666667
0.03699331072615072,0.26206740736961365,0.9393267612017612,0.9315438265438266,0.9306132706004157,0.9333333333333332
0.010008020090026548,0.20092497766017914,0.947582648832649,0.946604367854368,0.9438648906745538,0.945
0.006456802318401363,0.19530656933784485,0.9616268916268917,0.9569684944684944,0.9567519113655987,0.955
0.001633359088979584,0.16010557115077972,0.9669830169830168,0.9670494782994782,0.9656480220276941,0.965
0.0005840518030405898,0.15108954906463623,0.9659670422170422,0.9662012987012987,0.9650207884079857,0.965
0.00041385530933742604,0.15605606138706207,0.9653961316461318,0.9645478595478595,0.9635104657927812,0.9633333333333334
0.00045065502824096865,0.17318406701087952,0.9723473748473749,0.9711886724386725,0.9701592670317586,0.9699999999999999
0.0002844750849059589,0.16708841919898987,0.9621569171569172,0.9625246512746513,0.9608622816776321,0.9616666666666666
0.00143950641313495,0.22761623561382294,0.9591982554482555,0.9558375420875421,0.9545272770998081,0.9533333333333333
0.0005850669831488631,0.20712262392044067,0.9584017371517372,0.955189393939394,0.9539932917027395,0.955
0.000260795554595461,0.1934053748846054,0.9626163188663189,0.9601827801827801,0.9588505273289213,0.96
0.002396879812863517,0.1966167390346527,0.9615083527583529,0.9608309283309283,0.9594930868777266,0.96
0.0006383367431984274,0.2239357829093933,0.9598222610722611,0.9582780182780183,0.9565466161695114,0.9583333333333331
0.0007032223523613842,0.1840829700231552,0.960985680985681,0.960995670995671,0.9588814438879707,0.96
0.00027363648185504036,0.18215128779411316,0.9659511784511784,0.9654268879268879,0.964077915527537,0.9649999999999999
0.0002369792309764307,0.18360339105129242,0.9624987974987976,0.9625697450697449,0.9608478364278928,0.9616666666666666
8.665263658258482e-05,0.18205760419368744,0.9612361712361713,0.9611808561808561,0.9594644372184066,0.96
0.0005172934189658918,0.18097567558288574,0.9679760054760056,0.9678469215969215,0.9661441309025759,0.9666666666666667
0.0014335803233128293,0.2875421941280365,0.955399692899693,0.9484974747474747,0.9475506843519684,0.9499999999999998
0.0011094562397223247,0.22409489750862122,0.960776677026677,0.9587006974506975,0.9572130480609928,0.9583333333333331
0.00039416929863970535,0.20870932936668396,0.9622321197321196,0.9600444925444926,0.95915071325722,0.9600000000000001
0.0002447980654854594,0.19122211635112762,0.9581047193547194,0.9567165704665704,0.9550700704700553,0.9566666666666666
0.0002828149054797298,0.1861327588558197,0.9651192788692788,0.962464526214526,0.9621006721502735,0.9633333333333333
8.753180535829112e-05,0.19422796368598938,0.9655119417619417,0.963020683020683,0.9624602024797527,0.9633333333333334
7.445812195783219e-05,0.1917261928319931,0.9655119417619417,0.963020683020683,0.9624602024797527,0.9633333333333334
8.149802776339736e-05,0.1933225393295288,0.9642493154993154,0.9609373496873497,0.9606275906471408,0.9616666666666666
0.0005394079145162323,0.191690593957901,0.9643989806489807,0.9623593073593074,0.9618416563334774,0.9633333333333333
0.000560310767904563,0.1820356696844101,0.9621436896436896,0.9580934343434344,0.9575136139730619,0.9583333333333334
0.00023818016150774687,0.17845308780670166,0.9650628075628075,0.9621410533910534,0.9612052792983589,0.9616666666666668
0.00030697663669343456,0.17313799262046814,0.9671961834461835,0.9655068542568542,0.9644784308861558,0.965
9.202122733616609e-05,0.1705397367477417,0.9708033170533171,0.969210557960558,0.9682215201381292,0.9683333333333333
8.069396024742066e-05,0.17239859700202942,0.9697016872016873,0.9674050024050024,0.9668043062068487,0.9666666666666667
8.670409412540418e-05,0.16710352897644043,0.9695643245643245,0.9678348965848965,0.9666885623551714,0.9666666666666667
7.742365164631337e-05,0.1656014770269394,0.9671944721944722,0.9658898508898509,0.9647317410908055,0.9649999999999999
0.00010557750814162621,0.1651919186115265,0.9728728216228216,0.9706457431457433,0.9701525070256377,0.9699999999999999
3.7657817150223614e-05,0.16596388816833496,0.9730381655381656,0.9708772246272246,0.9702056471222562,0.9700000000000001
5.1461656009147795e-05,0.17600727081298828,0.9624222999222999,0.9600036075036075,0.958529094064629,0.96
7.356127116509015e-05,0.17560264468193054,0.9682303807303807,0.965414862914863,0.9643837104627236,0.965
5.780001451209197e-05,0.1816120445728302,0.9667152292152292,0.9630339105339106,0.9623080083870216,0.9633333333333334
4.56651050437055e-05,0.18058624863624573,0.9644803807303807,0.9613672438672439,0.9603238814028946,0.9616666666666666
0.000811347385327584,0.1978267878293991,0.9582231657231657,0.9572394734894735,0.9555572953286403,0.9566666666666667
0.0017966836210992672,0.3082709014415741,0.9438945313945313,0.9435930735930737,0.9406033094589876,0.9399999999999998
0.0028140240391015445,0.28133541345596313,0.9557539682539683,0.9518272005772005,0.9501524379375547,0.9516666666666665
0.0009120752197304682,0.2451764941215515,0.9543548581048581,0.9518554593554592,0.9507116927835845,0.9500000000000001
0.0008862019564427707,0.21209029853343964,0.9587390387390388,0.9580122655122655,0.9558791743728702,0.9566666666666667
0.0004191649876095956,0.20722860097885132,0.9603964553964555,0.9592893217893219,0.9571654378726439,0.9583333333333334
9.628037764741748e-05,0.1989002674818039,0.9677687590187589,0.9660762385762386,0.9647536479156931,0.965
0.0001317830882120082,0.20452181994915009,0.9633003108003108,0.9618434343434344,0.9600340278559196,0.96
0.00032784681153922673,0.5256761908531189,0.9321894820579032,0.9134112048082637,0.9135207135076957,0.9133333333333334
0.012966241000109827,0.37693342566490173,0.944867586117586,0.9386872849372848,0.937203744419184,0.9400000000000001
0.012880756617960287,0.32098519802093506,0.9466647704147704,0.9427343027343027,0.9392648962722548,0.9416666666666665
0.029672801407286897,0.3854925334453583,0.9133904616625205,0.9011382299617594,0.900746043424007,0.8999999999999999
0.03253668312512067,0.5028228759765625,0.9238720593132358,0.9148581048581047,0.9064303539224121,0.9133333333333334
0.036443132654918976,0.9566330313682556,0.9109730338174611,0.8555650993886288,0.8548800537679994,0.8550000000000001
0.025540614465474693,1.4025958776474,0.8684704192678331,0.790500754691931,0.7904046654132912,0.7883333333333334
0.013310252349280441,0.21572379767894745,0.9485726773226774,0.9453708655179245,0.9444496299404038,0.9433333333333334
0.009135647658088905,0.428221195936203,0.9246678978915822,0.9034915248150542,0.9047223864624928,0.9083333333333333
0.01655789056045857,0.30481839179992676,0.9465945628445628,0.9433269671504965,0.9414377816962126,0.9416666666666668
0.009391300248050053,0.4236982762813568,0.9360507833669599,0.9133710271210272,0.9122382425186298,0.9166666666666666
0.0026328947802388334,0.17538133263587952,0.9659265588212956,0.9642231842231842,0.9636723640648014,0.965
0.0015394696762693154,0.16834044456481934,0.9562390387390388,0.9563143338143338,0.9540545535231004,0.9566666666666667
0.0016075114563136594,0.20183619856834412,0.9511395086395086,0.9492434417434419,0.9478020901624556,0.9499999999999998
0.0022607346068828824,0.24860017001628876,0.9530552950947687,0.9500491175491175,0.9486245411018822,0.9500000000000001
0.0005898180167302295,0.1971503347158432,0.9617416842416842,0.9607449494949495,0.9593806852479734,0.96
0.016573187674111978,0.4619928002357483,0.9219496013246014,0.9161971525206819,0.912945085947126,0.9133333333333332
0.003898393422787194,0.22935894131660461,0.9608414270914271,0.9579339179339178,0.9579462633553906,0.9583333333333331
0.008114818523381473,0.2776395082473755,0.9492426554926555,0.9460131072631074,0.9449319542783879,0.945
0.005448441549560812,0.3993365168571472,0.9438781126281127,0.9379988529988529,0.9371641258399444,0.9366666666666666
0.004299609310692176,0.29520365595817566,0.9516011766011766,0.9503347115847117,0.9487093737099346,0.9483333333333334
0.002588831028030351,0.28720659017562866,0.9526537814037814,0.9527751877751878,0.9497827250838199,0.9499999999999998
0.0025692275597369494,0.2525540590286255,0.9543907481407482,0.9518751156251156,0.9504161262358964,0.9499999999999998
0.002332144346610221,0.27509576082229614,0.9513607226107226,0.9480980593480594,0.9466906222019502,0.9483333333333333
0.0007776798674967722,0.2518078684806824,0.956535224035224,0.9519937469937471,0.9518307902249327,0.9533333333333333
0.00033564498645925295,0.23014436662197113,0.9564356014356014,0.9535209235209235,0.9523830004673419,0.955
0.00012308984992159822,0.23033683001995087,0.9576463351463351,0.9538455988455988,0.9532816395705188,0.955
4.734834027431134e-05,0.23227594792842865,0.9576463351463351,0.9538455988455988,0.9532816395705188,0.955
0.00020579179375583104,0.23084303736686707,0.9609796684796684,0.9583098845598846,0.9572143602551577,0.9583333333333334
6.384928951774782e-05,0.2324654459953308,0.9611526436526435,0.9576485088985089,0.9569904461881062,0.9583333333333334
0.00017104029382153385,0.2423178255558014,0.9588749676249676,0.9570278332778334,0.9555945771696882,0.9566666666666667
3.568251933453818e-05,0.23158463835716248,0.9637167462167461,0.9613522126022126,0.9602563970128807,0.9616666666666666
6.070872155798194e-05,0.23422156274318695,0.9637167462167461,0.9613522126022126,0.9602563970128807,0.9616666666666666
2.9534101552523378e-05,0.23095935583114624,0.9597296684796685,0.9586812724312724,0.9570174464288747,0.9583333333333334
4.515310155284169e-05,0.23130619525909424,0.9556732156732157,0.9544484681984682,0.9525298520484616,0.955
3.276367979765382e-05,0.2307770699262619,0.9637167462167461,0.9613522126022126,0.9602563970128807,0.9616666666666666
3.530899656804346e-05,0.23242196440696716,0.9607537832537831,0.9595003607503606,0.9577665866283335,0.96
0.00011129855806757405,0.23142537474632263,0.9586328023828025,0.9561740574240575,0.9550539201852972,0.9566666666666667
2.3867885123725802e-05,0.2467917650938034,0.9578585766085767,0.9560672198172199,0.9549543672958892,0.9566666666666667
2.426147462604907e-05,0.24328464269638062,0.9560702260702262,0.9530248917748918,0.9523487674641374,0.9533333333333333
2.053002516314943e-05,0.23789027333259583,0.9555746105746107,0.9535946923446924,0.952341198684639,0.9533333333333333
3.657162138400357e-05,0.23256084322929382,0.9571691271691273,0.954215367965368,0.9535814360301393,0.955
4.0949186048540774e-05,0.23645512759685516,0.9554219854219855,0.9535946923446924,0.9522645351442072,0.9533333333333333
2.3064414496805814e-05,0.22855055332183838,0.955978650978651,0.9541237928737929,0.9529660514147548,0.9533333333333333
3.736684706723281e-05,0.23688243329524994,0.9604581992081992,0.9596657046657047,0.9579287425149362,0.9583333333333334
3.960669112264744e-05,0.23521386086940765,0.9574702149702149,0.955201418951419,0.9540807232502503,0.955
6.442010348450822e-05,0.23227880895137787,0.9571813371813372,0.9548767436267437,0.9537996168097237,0.955
1.868267861482309e-05,0.23424112796783447,0.9571813371813372,0.9548767436267437,0.9537996168097237,0.955
2.4725993569063576e-05,0.2397177666425705,0.9570287120287121,0.9548767436267437,0.953722953269292,0.955
3.212213511953147e-05,0.23475390672683716,0.9589853664853664,0.9575823713323713,0.9561564253259524,0.9566666666666666
1.4614065515653843e-05,0.24502438306808472,0.955929810929811,0.9536862674362675,0.95249028470329,0.9533333333333333
3.628472531621204e-05,0.23869389295578003,0.9574702149702149,0.955201418951419,0.9540807232502503,0.955
2.9735962111014185e-05,0.24268905818462372,0.9574702149702149,0.955201418951419,0.9540807232502503,0.955
1.0633269847441321e-05,0.23928460478782654,0.9574702149702149,0.955201418951419,0.9540807232502503,0.955
6.992777166677418e-05,0.2206711769104004,0.9606470381470381,0.9586465848965849,0.9573669783263604,0.9583333333333331
1.4312863299892342e-05,0.23087859153747559,0.9574702149702149,0.955201418951419,0.9540807232502503,0.955
3.384093393776766e-05,0.2368539273738861,0.9589430476930477,0.9572847522847523,0.9558530404392341,0.9566666666666666
2.896169787902636e-05,0.23185661435127258,0.9604581992081992,0.9596657046657047,0.9579287425149362,0.9583333333333334
9.232163459197787e-06,0.23256348073482513,0.962732313982314,0.962046657046657,0.9604775265274884,0.9616666666666666
0.00022248485853045472,0.24800877273082733,0.9589853664853664,0.9575823713323713,0.9561564253259524,0.9566666666666666
0.0010196639104928333,0.2494349479675293,0.9552195027195026,0.9546198246198246,0.9529597054904634,0.955
0.003482096292865814,0.25507864356040955,0.950336445961446,0.9478860028860029,0.9461214935295786,0.9483333333333334
0.010292019505186545,1.1952807903289795,0.8864618300802513,0.8685578310578311,0.8617315415536168,0.8666666666666667
0.054173994503798895,0.9604713916778564,0.8375641559735988,0.8194781607281607,0.799207665386176,0.8249999999999998
0.11365614947862923,0.9653839468955994,0.8398488385253091,0.7843607318607319,0.7767522386730833,0.7816666666666667
0.04561266272018353,2.2250142097473145,0.8802212918660287,0.7913885814621109,0.7875024865577233,0.7883333333333332
0.03204203338827938,0.668285608291626,0.8683502608502609,0.8523389464565935,0.8470940245032463,0.8466666666666667
0.016645181417212978,0.3312632441520691,0.9375255762755764,0.9330395530395531,0.928605635646433,0.93
0.013359207309198004,0.22463330626487732,0.9499055428002796,0.9461525974025974,0.9444060739128156,0.9450000000000002
0.0026357347038962566,0.21064797043800354,0.9474121249121249,0.9456174843674843,0.9434045465489244,0.9466666666666668
0.0017687259223748697,0.18864157795906067,0.9583712121212121,0.9519805194805194,0.9530921277118725,0.9533333333333335
0.0012744357898858045,0.22426114976406097,0.9600491637991638,0.9564580327080326,0.9568092594180736,0.9566666666666666
0.00031499008036917076,0.1993938535451889,0.967245670995671,0.9653006253006252,0.9647336349892212,0.9649999999999999
0.00020285268192310468,0.19923630356788635,0.96622335997336,0.964719215969216,0.9640182259514383,0.965
0.001111684563322039,0.21972724795341492,0.9605420359367729,0.9583435545935545,0.9577375073991713,0.9583333333333334
0.003956371009432284,0.27350372076034546,0.9593697043697044,0.9550575350575351,0.954984611889095,0.955
0.006704672932755784,0.23584972321987152,0.9601608114108114,0.9583241295741297,0.956695936116851,0.9583333333333334
0.0011779453590558357,0.24796372652053833,0.9624981962481963,0.962833694083694,0.9611348107118256,0.9616666666666668
0.00044122189668390394,0.23861193656921387,0.9579984367484368,0.9586471861471862,0.9560264077705507,0.9566666666666666
0.00043718913468637766,0.2251591682434082,0.9640031265031266,0.9630784030784031,0.9617341717165702,0.9616666666666666
0.001313869256743298,0.2332184761762619,0.9591238391238391,0.9575024050024049,0.9560977998862752,0.9566666666666667
0.0001712455333517937,0.23592031002044678,0.9589182114182114,0.9605711880711881,0.9580103385533777,0.9583333333333334
0.002127887930479725,0.2235918492078781,0.9638418988418987,0.961436988936989,0.9606168404579684,0.96
0.0003221718456340265,0.2454361915588379,0.961637482887483,0.9621103896103896,0.959081981449683,0.96
0.0002780445397547737,0.2235965132713318,0.9650206737706739,0.9641426166426167,0.962631321474659,0.9633333333333334
0.000153273143913187,0.23064088821411133,0.9659928959928962,0.96622594997595,0.9644375612119332,0.965
9.58955283749674e-05,0.22576355934143066,0.9677984515484517,0.9656577681577682,0.9650194888628264,0.965
0.0001852660376471249,0.2210446298122406,0.9644777444777445,0.9650354737854738,0.9629791430868485,0.9633333333333334
5.070348523380138e-05,0.21400606632232666,0.9662833000333001,0.964467291967292,0.9635610707377417,0.9633333333333334
3.290891640025014e-05,0.22258806228637695,0.9635055222555223,0.9629521404521405,0.9611729033495743,0.9616666666666668
3.263731769228192e-05,0.22208623588085175,0.9650206737706739,0.9641426166426167,0.962631321474659,0.9633333333333334
8.050580866362604e-05,0.2191716879606247,0.9689736652236652,0.9675096200096199,0.9669337400705559,0.9666666666666667
4.183431413669799e-05,0.22217302024364471,0.9637634587634588,0.9624891774891776,0.9609701434331921,0.9616666666666668
5.6423942282890494e-05,0.2212538719177246,0.9621436896436898,0.9615301827801828,0.9597065673294626,0.96
3.465493531014848e-05,0.221744567155838,0.9662508325008327,0.9657629870129871,0.9642348012955511,0.965
3.602961686510753e-05,0.22119414806365967,0.963200456950457,0.9624891774891776,0.9611102401040307,0.9616666666666666
3.858367606805283e-05,0.22481998801231384,0.963200456950457,0.9624891774891776,0.9611102401040307,0.9616666666666666
2.4518966256437125e-05,0.21712295711040497,0.964735680985681,0.9645725108225109,0.9627763831704663,0.9633333333333334
3.207802733603179e-05,0.2228720784187317,0.964735680985681,0.9645725108225109,0.9627763831704663,0.9633333333333334
3.02731989639445e-05,0.22526520490646362,0.9649088411588412,0.9645725108225109,0.9629602762204263,0.9633333333333334
2.9508272907226758e-05,0.23015712201595306,0.9592829855329855,0.9582563732563734,0.9564768915869991,0.9566666666666666
1.8384853821847475e-05,0.2208508849143982,0.9672250897250899,0.9658892496392496,0.9651424927326543,0.965
2.4872620798532807e-05,0.22121557593345642,0.9662508325008327,0.9657629870129871,0.9642348012955511,0.965
1.9040703899501448e-05,0.22656196355819702,0.9659129296629296,0.964467291967292,0.9637920860780246,0.9633333333333333
2.4739503752850094e-05,0.22937625646591187,0.9627984515484517,0.9622907647907648,0.9609015525012167,0.9616666666666666
2.6439627106356056e-05,0.22843340039253235,0.9615418377918378,0.9615301827801829,0.9595410737816161,0.96
1.9126335833637615e-05,0.23213520646095276,0.9631351518851519,0.9629521404521405,0.9614039186898573,0.9616666666666666
2.2752483564166443e-05,0.22661083936691284,0.9646503034003034,0.9641426166426167,0.9628623368149422,0.9633333333333334
0.00023231973251351215,0.24382954835891724,0.9621122396122397,0.960962000962001,0.9596625801445974,0.9600000000000001
1.9945303743422e-05,0.2335730791091919,0.9633622396122398,0.9628138528138529,0.9614578709104763,0.9616666666666668
3.9410194043891046e-05,0.22950761020183563,0.9607981370481372,0.9594468494468495,0.9579353097120838,0.9583333333333331
2.243777102724683e-05,0.22955787181854248,0.9607981370481372,0.9594468494468495,0.9579353097120838,0.9583333333333331
2.2904674253254598e-05,0.2297348976135254,0.9619733507233508,0.9612987012987014,0.9598495609198133,0.9599999999999999
2.003669741649598e-05,0.22572611272335052,0.9607981370481372,0.9594468494468495,0.9579353097120838,0.9583333333333331
3.311038038115536e-05,0.22460222244262695,0.9607981370481372,0.9594468494468495,0.9579353097120838,0.9583333333333331
2.9157797304909156e-05,0.2239515483379364,0.9619733507233508,0.9612987012987014,0.9598495609198133,0.9599999999999999
3.873109822431312e-05,0.22691242396831512,0.962187025937026,0.960962000962001,0.9595436197027468,0.9599999999999999
1.2655059367242908e-05,0.23220103979110718,0.9632859270359271,0.9630453342953343,0.9613425615016885,0.9616666666666666
1.8612146201727835e-05,0.22273534536361694,0.9607981370481372,0.9594468494468495,0.9579353097120838,0.9583333333333331
1.145919155002654e-05,0.22308608889579773,0.9607981370481372,0.9594468494468495,0.9579353097120838,0.9583333333333331
3.8295784804631694e-05,0.22420446574687958,0.9632859270359271,0.9630453342953343,0.9613425615016885,0.9616666666666666
1.2282530372923853e-05,0.23070155084133148,0.9633622396122398,0.9628138528138529,0.9614578709104763,0.9616666666666668
1.0351538828482868e-05,0.22521863877773285,0.9603529803529804,0.9597835497835497,0.958214017813682,0.9583333333333331
7.382591347019722e-05,0.2213725447654724,0.9659782347282349,0.9640043290043291,0.9634984074921981,0.9633333333333334
2.104163169747153e-05,0.23691105842590332,0.963473655973656,0.9619799182299182,0.9606561067669562,0.9616666666666666
2.158403376976518e-05,0.24206006526947021,0.9624419099419099,0.959896584896585,0.9588526037565566,0.96
3.5188595366738205e-05,0.24545085430145264,0.963473655973656,0.9619799182299182,0.9606561067669562,0.9616666666666666
1.7778078884589377e-05,0.24194231629371643,0.963473655973656,0.9619799182299182,0.9606561067669562,0.9616666666666666
1.514116930915558e-05,0.2357475459575653,0.9652196877196877,0.9614117364117364,0.9612407711447241,0.9616666666666666
1.3684630559396282e-05,0.22982770204544067,0.9662514337514337,0.9634950697450697,0.9630442741551235,0.9633333333333333
0.00019910463989939822,0.24509543180465698,0.9636171236171237,0.9617484367484369,0.960766854964286,0.9616666666666666
9.209424183609372e-05,0.3225865364074707,0.9571179052429053,0.955186988936989,0.9538329600630591,0.955
0.001566578753416555,0.3942704200744629,0.9268002095943272,0.9179505679505678,0.9118080888772996,0.9166666666666666
0.006756182887405278,0.2866376042366028,0.949369634994635,0.9460455747955746,0.9455124608885318,0.9466666666666667
0.022186949313512134,1.7025847434997559,0.8554614706281373,0.8009278711484594,0.7858797241689358,0.8033333333333333
0.04311886109159483,0.6074928045272827,0.8907452963702965,0.864668525918526,0.8611839592096672,0.8666666666666667
0.03113946259448615,0.5467296838760376,0.9137697487697487,0.9044908658879248,0.9022200103946343,0.9016666666666667
0.02401879895235955,2.121755361557007,0.8885822772222866,0.7845097685538862,0.7911332527228868,0.7816666666666666
0.022122168287751265,0.7325881719589233,0.8805539593562038,0.8342319418054713,0.8320345693957023,0.8333333333333334
0.009644012082086798,0.38871055841445923,0.9425953067400434,0.9386988936988937,0.9363535654226514,0.9383333333333334
0.014361036617628997,0.4232637286186218,0.9364276926776925,0.9350877825877827,0.9318182970969463,0.9333333333333332
0.008353757669889697,0.3614768981933594,0.9316566766566766,0.932031857031857,0.9290028828819671,0.9299999999999998
0.004803601572954601,0.28125983476638794,0.9430631174381175,0.939618437118437,0.937817076411156,0.9366666666666666
0.009228262566466583,0.36132949590682983,0.9328996003996003,0.932569143819144,0.9285430700979339,0.93
0.003922207854581454,0.3624974191188812,0.9247714785214783,0.9178727753727755,0.9135807687293372,0.915
0.01892157876015214,0.30301937460899353,0.9340499169446538,0.9349817774817774,0.932578548161287,0.9316666666666668
0.006779747770603232,0.31329333782196045,0.9410865523365525,0.9350809838309839,0.93366014768577,0.9333333333333335
0.00295507786389256,0.2346128225326538,0.9543115680615681,0.9559890572390572,0.9529402862311717,0.9533333333333331
0.0016448883138764359,0.24710646271705627,0.9460109335109336,0.9484207622442917,0.9457079092021196,0.945
0.0001413450638096947,0.22031418979167938,0.9529939042439043,0.953845598845599,0.9521071826454225,0.9516666666666665
0.0001682183136987684,0.21809278428554535,0.9506968956968956,0.9526551226551229,0.9503752263301327,0.9499999999999998
8.595099162297022e-05,0.2194148302078247,0.9506968956968956,0.9526551226551229,0.9503752263301327,0.9499999999999998
0.0005787049636107137,0.27092427015304565,0.9435921485921486,0.9386465848965849,0.9355494963284259,0.9349999999999999
0.0025760299485379314,0.18766900897026062,0.9561722999223,0.954042809042809,0.9535788012932312,0.9533333333333331
