training_loss,validation_loss,precision,recall,f1,accuracy
1.2522041673461597,0.6518399715423584,0.8824168592845064,0.8521562261268144,0.8439141128381117,0.855
0.4537717141211033,0.37255364656448364,0.9332603970103971,0.9285882635882636,0.9273384768946307,0.9266666666666667
0.3128682281821966,0.2635100781917572,0.9419781607281608,0.9388750601250601,0.9382158624256149,0.9383333333333334
0.23180927025775114,0.24841678142547607,0.9366363035113036,0.9324001924001925,0.9296383192525292,0.93
0.1791131276016434,0.21970586478710175,0.9412482424982426,0.9392797017797019,0.9373276568317176,0.9383333333333334
0.14610452484339476,0.1922362893819809,0.94505365005365,0.9388041125541124,0.9371483204812949,0.9383333333333334
0.11514896589020888,0.15837028622627258,0.9471422558922561,0.9470099807599809,0.9448660760982968,0.9466666666666667
0.10892691121747096,0.1492614597082138,0.9565482665482667,0.9537902837902839,0.9538328068734584,0.9533333333333335
0.09779364553590615,0.17747263610363007,0.9440789936184673,0.9410064935064933,0.938936432915019,0.9383333333333334
0.0846541781599323,0.13976863026618958,0.9570627058127058,0.9562451899951899,0.954899840203403,0.9550000000000001
0.07488596051310499,0.1373603641986847,0.9569271238021239,0.9537902837902839,0.9532184340653358,0.9533333333333333
0.06918718184654911,0.12318810820579529,0.9639622877122878,0.962800024050024,0.9625373130560347,0.9633333333333333
0.06140501595412692,0.1196538656949997,0.9643853368853369,0.9611928811928813,0.9616973739313318,0.9616666666666668
0.061979532397041716,0.12368032336235046,0.9686995411995412,0.9657371332371333,0.9659126059891737,0.9666666666666667
0.05171904371430477,0.1327785700559616,0.96004551004551,0.9590554353054354,0.9579035550165806,0.9583333333333334
0.05035473429597914,0.13004712760448456,0.9639703583453584,0.9603974266474267,0.9602969117491424,0.96
0.054697098676115274,0.11442800611257553,0.9670026732526732,0.9645929533429535,0.9651373222885636,0.9649999999999999
0.047288765820364155,0.11654158681631088,0.9642218429718429,0.9618079605579606,0.961345589127839,0.9616666666666668
0.044762631257375084,0.11220364272594452,0.97131475006475,0.9682635882635883,0.9688104845313309,0.9683333333333333
0.039950879950386785,0.1147596463561058,0.968271682021682,0.9655988455988456,0.9662104127040285,0.9666666666666667
0.03949763672426343,0.11312173306941986,0.9654966792466793,0.9624164261664262,0.9625307239966104,0.9633333333333334
0.03274002484977245,0.11129027605056763,0.9653972416472415,0.9636008898508899,0.9633097056923391,0.9633333333333334
0.03422952404556175,0.12569625675678253,0.96622335997336,0.9622372534872534,0.9625322618865044,0.9616666666666668
0.03558829907948772,0.15064740180969238,0.9537260656010657,0.9505495430495431,0.9493298302470644,0.9499999999999998
0.03588655342658361,0.11692657321691513,0.9692314167314167,0.9670731120731121,0.9670820894696024,0.9666666666666667
0.026136441971175373,0.1268216371536255,0.9644897694897695,0.9612401949901949,0.9606899372384811,0.9616666666666668
0.02699820025979231,0.12175118923187256,0.9663869001369001,0.9626737614237614,0.96258198775372,0.9633333333333334
0.026912917499430478,0.1167818009853363,0.9717452454952454,0.969117364117364,0.9693089520238979,0.9699999999999999
0.022673726353483897,0.12031130492687225,0.9691032116032118,0.9674296536796536,0.9673319694753474,0.9666666666666667
0.024594111057619255,0.12315376847982407,0.9683844396344395,0.964188912938913,0.9641994791947409,0.965
0.023014085755373042,0.1310758739709854,0.9631036556036556,0.9591552429052429,0.9592631827160094,0.96
0.030590086108228814,0.11961217224597931,0.967394411144411,0.9638522126022125,0.963968429781702,0.965
0.024810993132026244,0.11686711758375168,0.969140442890443,0.9652994227994228,0.9661575920695205,0.9666666666666667
0.018796037106464308,0.1140175610780716,0.9724901949901951,0.9693951418951419,0.9698104775769109,0.9700000000000001
0.022727990775213886,0.1178738996386528,0.9653904428904428,0.9624422799422799,0.9627625303411255,0.9633333333333334
0.020479067674993228,0.12623447179794312,0.9648284585784586,0.9622246272246272,0.961934692724189,0.9616666666666668
0.02069158700760454,0.11692419648170471,0.9683006808006808,0.9655579605579606,0.9656222933683113,0.965
0.018241720759154607,0.122719407081604,0.9689661264661265,0.9665969215969216,0.9666551120060117,0.9666666666666667
0.019769287338325132,0.11619165539741516,0.9693751156251156,0.9656451418951417,0.9660186704729442,0.9666666666666665
0.01773267349926755,0.11684928834438324,0.9704068616568616,0.967728475228475,0.9678221734833437,0.9683333333333332
0.01787494107459982,0.12470684945583344,0.968226726976727,0.9648166185666186,0.9650230211824641,0.965
0.01717462728265673,0.11566724628210068,0.9696020646020647,0.9680321067821067,0.9679872510322886,0.9683333333333333
0.016861332677459966,0.1197403222322464,0.9687047212047212,0.9667484367484368,0.9663952695798841,0.9666666666666667
0.014711372690120092,0.11838807910680771,0.9720771358271358,0.9696855459355459,0.97000142394444,0.9700000000000001
0.013921359282297393,0.12001349031925201,0.970989935989936,0.9682635882635883,0.9685609434122244,0.9683333333333333
0.015250919367341945,0.12245035171508789,0.9690179727679727,0.9660618085618085,0.9662203428197281,0.9666666666666665
0.015362245874712244,0.11701782047748566,0.9717637455137456,0.9698250360750361,0.9701444495842239,0.9700000000000001
0.01467417615155379,0.12476345151662827,0.9710165297665297,0.9683555796055797,0.9684871071713402,0.9683333333333333
0.01547503360779956,0.1254984736442566,0.9713843563843564,0.965808682058682,0.9665117859094122,0.9666666666666667
0.013095902240214249,0.145341694355011,0.9608635114885115,0.9573887686387687,0.9568904813835669,0.9566666666666667
0.0148335230575564,0.1250234842300415,0.9717783142783142,0.9696855459355459,0.9697337408478095,0.9699999999999999
0.010876846024378514,0.12353765219449997,0.9735658323158324,0.9699302549302549,0.9706923759822536,0.9699999999999999
0.011823672490815321,0.1501200795173645,0.9670679048620227,0.9603725903725904,0.9608626660750638,0.96
0.01881686431200554,0.12465612590312958,0.9696366596366596,0.9678673641173642,0.9676806663338273,0.9683333333333333
0.013581623177742586,0.1197214350104332,0.9710576923076925,0.969374098124098,0.9693816883039187,0.9699999999999999
0.01057300551716859,0.12750329077243805,0.9699847837347838,0.9662722462722463,0.9666836041609406,0.9666666666666667
0.012406157727430886,0.12278877943754196,0.9756756206756209,0.9725426887926888,0.9734006627822754,0.9733333333333333
0.0124996770270324,0.12954309582710266,0.96500703000703,0.9618079605579606,0.9615998423893385,0.9616666666666668
0.01051726694762086,0.1282932460308075,0.9666717541717542,0.9647570947570947,0.9643110363286027,0.965
0.013941945566330105,0.12349961698055267,0.9775637325637327,0.9743945406445406,0.9749570537597189,0.975
0.008166649340031048,0.129340261220932,0.9688763782513784,0.9643151755651754,0.9647290321979827,0.965
0.008877943260207152,0.12059472501277924,0.9686965811965812,0.9660407647907648,0.9664295120794314,0.9666666666666667
0.009652908629504964,0.1505112200975418,0.9623705189146365,0.9560002960002961,0.9560206107944121,0.9550000000000001
0.012029416519605244,0.12999482452869415,0.9713736726236726,0.967938912938913,0.9682854348245562,0.9683333333333333
0.010014649364165962,0.12456972897052765,0.9719508732008734,0.9693608706108706,0.9698206745842364,0.9700000000000001
0.009721512639468225,0.13819903135299683,0.9688484200984201,0.9647570947570947,0.9650044061659532,0.965
0.008765876186468327,0.12274833023548126,0.9735922873422874,0.9708760221260221,0.9714123586887081,0.9716666666666667
0.010725552419899032,0.12497998774051666,0.9700533263033262,0.9680188792688793,0.9680955925382273,0.9683333333333333
0.008652967497861633,0.12812581658363342,0.9690468327968328,0.9665037277537278,0.9668079091763527,0.9666666666666667
0.00765365317541485,0.12719742953777313,0.966951566951567,0.9644666907166908,0.9648461575578616,0.965
0.009255844362390539,0.1501990258693695,0.9693202861952862,0.9653252765752764,0.9652112847003366,0.965
0.010013602654604862,0.12642787396907806,0.9704592167092168,0.9683219095719094,0.9680196342359824,0.9683333333333333
0.00711842582677491,0.12553176283836365,0.9706882469382468,0.9680188792688793,0.9683995932808246,0.9683333333333333
0.00730588393829142,0.15912744402885437,0.9648222801163978,0.9573422873422873,0.9578181180305158,0.9566666666666667
0.007231780007714406,0.12582971155643463,0.9719508732008734,0.9693608706108706,0.9698206745842364,0.9700000000000001
0.007964864062766234,0.12295778840780258,0.975721916971917,0.9725426887926888,0.9732595918611532,0.9733333333333333
0.007443310498880844,0.12965261936187744,0.9690468327968328,0.9665037277537278,0.9668079091763527,0.9666666666666667
0.0062806138303130865,0.134722501039505,0.9737542087542087,0.9692809042809044,0.9698826686498602,0.9699999999999999
0.009086880386651805,0.12993168830871582,0.9678616291116291,0.9653132515632517,0.9654635091090426,0.965
0.007998062326805666,0.13605323433876038,0.9678640572390572,0.9624753487253487,0.9631338207566502,0.9633333333333334
0.008593780269923931,0.1256922483444214,0.9690215802715803,0.9665037277537278,0.9667287495047177,0.9666666666666667
0.00794025398984862,0.12967191636562347,0.9726579439079438,0.9698707311207312,0.970078791275812,0.9699999999999999
0.006310062119155191,0.12860873341560364,0.9714601139601139,0.9681703944203944,0.9688627479468779,0.9683333333333333
0.008563610991889922,0.16300919651985168,0.9602441267882446,0.9540432252932254,0.9541214650634587,0.9533333333333333
0.007120979978935793,0.13637502491474152,0.9678616291116291,0.9653132515632517,0.9654635091090426,0.965
0.005529219512633669,0.14070722460746765,0.9710165297665297,0.9683555796055797,0.9684871071713402,0.9683333333333333
0.007044410944217816,0.13807886838912964,0.9714183501683502,0.9674627224627225,0.9679717318876647,0.9683333333333333
0.005340545690463235,0.1312580704689026,0.9693767806267807,0.9665037277537278,0.9668744438533107,0.9666666666666667
0.00643434844581255,0.13033613562583923,0.9735255485255486,0.9708760221260221,0.9714258182635712,0.9716666666666667
0.006914109806530178,0.14523494243621826,0.9667568311318312,0.9609601972101972,0.961567176874217,0.9616666666666668
0.005847550094282876,0.13573314249515533,0.9699847837347838,0.9662722462722463,0.9666836041609406,0.9666666666666667
0.0054524824032948045,0.1335187554359436,0.9714999352499354,0.9674627224627225,0.9680945389052087,0.9683333333333333
0.006589379476887795,0.13050739467144012,0.9725316812816813,0.9695460557960559,0.9698980419156084,0.9699999999999999
0.0061156982847023755,0.13458919525146484,0.9666717541717542,0.9647570947570947,0.9643110363286027,0.965
0.004577757601509802,0.13495230674743652,0.9691730954230954,0.9661790524290524,0.9664771946917594,0.9666666666666667
0.005322057942976244,0.13212089240550995,0.9693767806267807,0.9665037277537278,0.9668744438533107,0.9666666666666667
0.0045169582444941625,0.12813131511211395,0.972620065120065,0.9693608706108706,0.970127988342553,0.9699999999999999
0.005688485655506763,0.13209401071071625,0.9710165297665297,0.9683555796055797,0.9684871071713402,0.9683333333333333
0.004946960776578635,0.13439354300498962,0.9746150146150145,0.9712127224627225,0.9718863460091756,0.9716666666666666
0.004918616832583211,0.1343577802181244,0.9705367317867318,0.967694203944204,0.9681396842489858,0.9683333333333333
0.005424291288363747,0.15439456701278687,0.9676304713804713,0.9626737614237614,0.9628974721642822,0.9633333333333334
0.005048352691422527,0.13698968291282654,0.9690215802715803,0.9665037277537278,0.9667287495047177,0.9666666666666667
0.005809649126604199,0.14957056939601898,0.968543932918933,0.9624753487253487,0.963100585494582,0.9633333333333334
0.0049033381753057865,0.13663896918296814,0.9691646779146779,0.9661790524290524,0.966564708582275,0.9666666666666667
0.006035528456171353,0.13665644824504852,0.9706882469382468,0.9680188792688793,0.9683995932808246,0.9683333333333333
0.003787583807328095,0.13908454775810242,0.9644813982313982,0.9605904280904282,0.9611972339230047,0.9616666666666668
0.005709609429080349,0.1478080153465271,0.9674479224479225,0.9639237614237613,0.9642495461730554,0.965
0.005546995327070666,0.13913246989250183,0.969216847966848,0.9664700577200578,0.966855207961649,0.9666666666666667
0.0038732369284844026,0.1407555341720581,0.9664979927479926,0.9637981000481001,0.9638010195518162,0.9633333333333334
0.00467794128053356,0.14011824131011963,0.9731535594035594,0.970724506974507,0.9710545640410584,0.9716666666666666
0.005919237325239616,0.13841092586517334,0.9706882469382468,0.9680188792688793,0.9683995932808246,0.9683333333333333
0.005519272856569539,0.15162880718708038,0.9651545676545675,0.9624422799422799,0.9622919705778435,0.9633333333333334
0.004078210433362983,0.1421777606010437,0.9710165297665297,0.9683555796055797,0.9684871071713402,0.9683333333333333
0.003066372880615139,0.14178209006786346,0.9725316812816813,0.9695460557960559,0.9698980419156084,0.9699999999999999
0.004926802352808106,0.13783502578735352,0.9725637325637325,0.9695123857623859,0.9699445224313982,0.9700000000000001
0.006499451456572085,0.14300976693630219,0.9698539886039886,0.9684607984607984,0.9679765298764491,0.9683333333333333
0.0036121455292838314,0.14361128211021423,0.9657446257446258,0.9631367243867244,0.9632650732044663,0.9633333333333334
0.0053546597676662104,0.1437045931816101,0.9748905723905724,0.9712127224627225,0.9719545149322327,0.9716666666666666
0.006267262399584676,0.16023001074790955,0.9645186295186295,0.9614832852332852,0.961064352792064,0.9616666666666668
0.0051006210123887286,0.13795936107635498,0.9691730954230954,0.9661790524290524,0.9664771946917594,0.9666666666666667
0.0034300470773208267,0.15708203613758087,0.9685228891478892,0.962778379028379,0.9633652170157757,0.9633333333333334
0.005190924084066258,0.14290457963943481,0.9725316812816813,0.9695460557960559,0.9698980419156084,0.9699999999999999
0.0038539161711620786,0.13907292485237122,0.9742303992303992,0.9710275372775373,0.9716758196933859,0.9716666666666667
0.004348990842117928,0.14215439558029175,0.9725316812816813,0.9695460557960559,0.9698980419156084,0.9699999999999999
0.004079181797957669,0.1439393162727356,0.9660955710955711,0.963335137085137,0.9633457358110632,0.9633333333333334
0.0035548895393731073,0.1387244462966919,0.9691730954230954,0.9661790524290524,0.9664771946917594,0.9666666666666667
0.004178372029855382,0.14566843211650848,0.9710165297665297,0.9683555796055797,0.9684871071713402,0.9683333333333333
0.0030335696380158574,0.1466001719236374,0.9709349446849447,0.9683555796055797,0.9683643001537963,0.9683333333333333
0.0035891365453911326,0.1402515172958374,0.9726579439079438,0.9698707311207312,0.970078791275812,0.9699999999999999
0.004357190438895486,0.15580594539642334,0.9667644583085759,0.9609601972101971,0.9617299199979108,0.9616666666666666
0.003142605193716008,0.14863060414791107,0.9725316812816813,0.9695460557960559,0.9698980419156084,0.9699999999999999
0.002868547807641638,0.1489376723766327,0.9644036519036518,0.963335137085137,0.9626304099469959,0.9633333333333334
0.0045191526733106,0.14617010951042175,0.9676579439079438,0.9649885762385763,0.9650662599474913,0.965
0.00614432987155548,0.15001443028450012,0.96758806008806,0.9653132515632517,0.9652749856840471,0.965
0.003382493327080738,0.14801709353923798,0.9710165297665297,0.9683555796055797,0.9684871071713402,0.9683333333333333
0.0035731841538411877,0.14406999945640564,0.9701232563732565,0.967694203944204,0.9677212307077251,0.9683333333333333
0.0036348349264396043,0.14284053444862366,0.9676579439079438,0.9649885762385763,0.9650662599474913,0.965
0.004960847880283836,0.14724405109882355,0.9664979927479926,0.9637981000481001,0.9638010195518162,0.9633333333333334
0.003112383135885466,0.1449742466211319,0.9688953176453176,0.9661790524290526,0.966548000144514,0.9666666666666667
0.004746313357221273,0.14767658710479736,0.9693498630998629,0.9668404280904282,0.9668162633952333,0.9666666666666667
0.002599811166874133,0.1444208174943924,0.9725064287564288,0.9695460557960559,0.9698188822439732,0.9699999999999999
0.0033196663037718586,0.15379002690315247,0.9685123672623673,0.9668404280904282,0.966201192193587,0.9666666666666667
0.004230487109452952,0.1501142680644989,0.9677959077959079,0.9663774651274651,0.9658888140259457,0.9666666666666668
0.003239329086985284,0.14725123345851898,0.9691730954230953,0.9661790524290526,0.9665376481776402,0.9666666666666667
0.0036994269418452554,0.1569603979587555,0.9724500962000963,0.9695460557960559,0.9697752348980644,0.9699999999999999
0.0031684166363750896,0.15415728092193604,0.9659188034188034,0.9645256132756131,0.9640413446912639,0.965
0.003422098161536269,0.15080878138542175,0.9708650146150145,0.9680309042809044,0.9682271981395014,0.9683333333333333
0.006360828163451515,0.15561729669570923,0.9646587671587672,0.9634734247234248,0.9626269092640408,0.9633333333333334
0.0032464400962150344,0.15290960669517517,0.9657446257446258,0.9631367243867244,0.9632650732044663,0.9633333333333334
0.0029266085233151293,0.15629689395427704,0.964555167055167,0.9630104617604617,0.9624393086199184,0.9633333333333334
0.002694549701118376,0.14827023446559906,0.9694197931697932,0.9665157527657527,0.966441901564731,0.9666666666666667
0.003523429870256223,0.16304130852222443,0.9702819865319866,0.9653793891293891,0.9659876049035377,0.9666666666666667
0.0035698038482223637,0.15223482251167297,0.9657446257446258,0.9631367243867244,0.9632650732044663,0.9633333333333334
0.0031596188758461117,0.1590128391981125,0.9714183501683502,0.9674627224627225,0.9679717318876647,0.9683333333333333
0.002816661961939341,0.1498934030532837,0.9708650146150145,0.9680309042809044,0.9682271981395014,0.9683333333333333
0.0038019123385311104,0.15030381083488464,0.9708650146150145,0.9680309042809044,0.9682271981395014,0.9683333333333333
0.0026841223783170185,0.1519925594329834,0.9725316812816813,0.9695460557960559,0.9698980419156084,0.9699999999999999
0.0029974933495395817,0.15140748023986816,0.9724500962000963,0.9695460557960559,0.9697752348980644,0.9699999999999999
0.002305707192135742,0.15283438563346863,0.9724500962000963,0.9695460557960559,0.9697752348980644,0.9699999999999999
0.002885127561360908,0.14768075942993164,0.9710165297665297,0.9683555796055797,0.9684871071713402,0.9683333333333333
0.0033618291078407006,0.1532185673713684,0.9724500962000963,0.9695460557960559,0.9697752348980644,0.9699999999999999
0.002538917246662701,0.15351161360740662,0.9725316812816813,0.9695460557960559,0.9698980419156084,0.9699999999999999
0.0036694766458822414,0.150893896818161,0.9725316812816813,0.9695460557960559,0.9698980419156084,0.9699999999999999
0.0038740052865856947,0.15155033767223358,0.9657446257446258,0.9631367243867244,0.9632650732044663,0.9633333333333334
0.0035966659440115714,0.15737073123455048,0.9699847837347838,0.9662722462722463,0.9666836041609406,0.9666666666666667
0.002143647172488272,0.14971910417079926,0.9697050634550634,0.9668404280904282,0.9669619577438263,0.9666666666666667
0.002579527754278388,0.15317127108573914,0.9708397620897621,0.967694203944204,0.9682084919537471,0.9683333333333333
0.0049048807777580805,0.16139231622219086,0.9628085340585341,0.9618199855699855,0.9607914457710751,0.9616666666666668
0.0025848023772899373,0.15822353959083557,0.9725316812816813,0.9695460557960559,0.9698980419156084,0.9699999999999999
0.001973729277475892,0.15208129584789276,0.9702379102379103,0.967694203944204,0.9678720011523553,0.9683333333333333
0.002271987634837084,0.1534837782382965,0.9680131442631441,0.9649885762385764,0.9652724077819651,0.965
0.0021354024599228674,0.15239042043685913,0.9725064287564288,0.9695460557960559,0.9698188822439732,0.9699999999999999
0.0033467496396042407,0.15880466997623444,0.9656672031672032,0.9631367243867244,0.9631090268889997,0.9633333333333334
0.0018896229084930383,0.15316717326641083,0.9707834295334296,0.9680309042809044,0.9681043911219575,0.9683333333333333
0.0035294561870008088,0.1565229445695877,0.9708650146150145,0.9680309042809044,0.9682271981395014,0.9683333333333333
0.002478296089975629,0.15657585859298706,0.9724500962000963,0.9695460557960559,0.9697752348980644,0.9699999999999999
0.001965997890996126,0.1543903350830078,0.9707834295334296,0.9680309042809044,0.9681043911219575,0.9683333333333333
0.004374313747878962,0.15690195560455322,0.9695013782513783,0.9665157527657527,0.966564708582275,0.9666666666666667
0.0033167204674100503,0.1562880277633667,0.9655409405409404,0.9628120490620491,0.9629282775287957,0.9633333333333334
0.0022174351009501456,0.1609133780002594,0.9628153328153327,0.9619462481962482,0.961128460629257,0.9616666666666668
0.002964435775841897,0.15654145181179047,0.9652631627631627,0.9628120490620491,0.9629386294956696,0.9633333333333334
0.003590098538552411,0.15641990303993225,0.9724500962000963,0.9695460557960559,0.9697752348980644,0.9699999999999999
0.002577109044068493,0.15476852655410767,0.9675316812816813,0.964663900913901,0.9648855105872874,0.965
0.0018581505646579899,0.15625491738319397,0.9652631627631627,0.9628120490620491,0.9629386294956696,0.9633333333333334
0.002873225246730726,0.15986931324005127,0.9694197931697932,0.9665157527657527,0.966441901564731,0.9666666666666667
0.00342939956074891,0.1582890748977661,0.9686836774336774,0.9656108706108707,0.9659789583601897,0.9666666666666667
0.0021774802250244343,0.15778100490570068,0.9660165297665296,0.9634734247234248,0.9634745758430193,0.9633333333333334
0.0021373915539394752,0.1665758192539215,0.9709349446849447,0.9683555796055797,0.9683643001537963,0.9683333333333333
0.0033309896704546795,0.15705224871635437,0.9653894253894254,0.9631367243867244,0.9631193788558733,0.9633333333333334
0.0024230007596391565,0.15725314617156982,0.9679862267362266,0.9653252765752766,0.9651537738380068,0.965
0.003358227035884435,0.15995842218399048,0.9708650146150145,0.9680309042809044,0.9682271981395014,0.9683333333333333
0.0038844415515389605,0.16136351227760315,0.9679862267362266,0.9653252765752766,0.9651537738380068,0.965
0.0014805461541982368,0.16452144086360931,0.9692682780182779,0.9668404280904282,0.9666934563776893,0.9666666666666667
0.002407923936213289,0.16632118821144104,0.9628658378658378,0.9604310966810967,0.9602521023888526,0.9600000000000001
0.002062976927845739,0.1630690097808838,0.966062826062826,0.9634734247234248,0.9632272957715706,0.9633333333333334
0.0026906831335509196,0.1609696000814438,0.9641032116032116,0.9616215728715729,0.9616733890999943,0.9616666666666668
0.0016034308694846307,0.16154396533966064,0.9708650146150145,0.9680309042809044,0.9682271981395014,0.9683333333333333
0.0018402264455896027,0.16219471395015717,0.9695013782513783,0.9665157527657527,0.966564708582275,0.9666666666666667
0.0027466279401172264,0.16257789731025696,0.9707834295334296,0.9680309042809044,0.9681043911219575,0.9683333333333333
0.0016032726513609912,0.1611693799495697,0.9694197931697932,0.9665157527657527,0.966441901564731,0.9666666666666667
0.003098890221735928,0.1644313931465149,0.9707834295334296,0.9680309042809044,0.9681043911219575,0.9683333333333333
0.0022900112453498878,0.1633143275976181,0.9695013782513783,0.9665157527657527,0.966564708582275,0.9666666666666667
0.0015326136660102445,0.16218453645706177,0.9707834295334296,0.9680309042809044,0.9681043911219575,0.9683333333333333
0.0033300064751529135,0.16603490710258484,0.9707834295334296,0.9680309042809044,0.9681043911219575,0.9683333333333333
0.0017206101741370123,0.16318058967590332,0.9678094590594589,0.964663900913901,0.9648751586204137,0.965
0.0021583771716298847,0.16611933708190918,0.9663953176453175,0.964663900913901,0.9641494807894727,0.965
0.0015783718044986017,0.16145452857017517,0.9671823546823547,0.9643272005772006,0.9645199616332677,0.965
0.0019117051148593116,0.16108141839504242,0.9707834295334296,0.9680309042809044,0.9681043911219575,0.9683333333333333
0.0024737433765646224,0.17199742794036865,0.9699031986531986,0.9662722462722463,0.9665607971433966,0.9666666666666667
0.001634249235697401,0.16569232940673828,0.9724500962000963,0.9695460557960559,0.9697752348980644,0.9699999999999999
0.001911141207528999,0.15705004334449768,0.9678094590594589,0.964663900913901,0.9648751586204137,0.965
0.0016037246095947921,0.1658705472946167,0.9663953176453175,0.964663900913901,0.9641494807894727,0.965
0.0018754092113037284,0.16322720050811768,0.9678094590594589,0.964663900913901,0.9648751586204137,0.965
0.001849671146677186,0.16682803630828857,0.967727873977874,0.964663900913901,0.9647523516028698,0.965
0.002221422527024212,0.1679602712392807,0.9660165297665296,0.9634734247234248,0.9634745758430193,0.9633333333333334
0.0022326923741881424,0.1696189045906067,0.9608354145854144,0.9583477633477634,0.9581604468860717,0.9583333333333334
0.002756465179118095,0.18029050529003143,0.95883325008325,0.9576863876863877,0.9564503593740032,0.9583333333333334
0.0028257707720816447,0.1731453239917755,0.9693498630998629,0.9668404280904282,0.9668162633952333,0.9666666666666667
0.003920575227918259,0.17353469133377075,0.9698080160580161,0.9656108706108707,0.9664049889433475,0.9666666666666667
0.002077934220627261,0.16572101414203644,0.9691730954230953,0.9661790524290526,0.9665376481776402,0.9666666666666667
0.0017622993545955978,0.16673004627227783,0.9691730954230953,0.9661790524290526,0.9665376481776402,0.9666666666666667
0.0017797026157495566,0.16714608669281006,0.9691730954230953,0.9661790524290526,0.9665376481776402,0.9666666666666667
0.003065819684707094,0.16340307891368866,0.9691730954230953,0.9661790524290526,0.9665376481776402,0.9666666666666667
0.0021661787541233934,0.16319310665130615,0.9691730954230953,0.9661790524290526,0.9665376481776402,0.9666666666666667
0.0017352554544534844,0.162244513630867,0.9641267991267991,0.9628120490620491,0.9622025996978548,0.9633333333333334
0.0015467342357927312,0.1671627163887024,0.9691730954230953,0.9661790524290526,0.9665376481776402,0.9666666666666667
0.0014605651934592363,0.16529874503612518,0.9691730954230953,0.9661790524290526,0.9665376481776402,0.9666666666666667
0.0018512316746637225,0.16167712211608887,0.9678094590594589,0.964663900913901,0.9648751586204137,0.965
0.001975423624874869,0.16791990399360657,0.9626116476116476,0.9616215728715729,0.9607916649535868,0.9616666666666668
0.002563659341831226,0.16141283512115479,0.9694197931697932,0.9665157527657527,0.966441901564731,0.9666666666666667
0.0011768530542515994,0.1625371277332306,0.9688137325637326,0.9661790524290526,0.9664251931269701,0.9666666666666667
0.001243377846549265,0.1655053347349167,0.9679862267362266,0.9653252765752766,0.9651537738380068,0.965
0.002383688113089496,0.1643730103969574,0.966904576904577,0.9643272005772006,0.9645303136001414,0.965
0.001783319101377856,0.164261132478714,0.9678094590594589,0.964663900913901,0.9648751586204137,0.965
0.0012589069786675584,0.1660187542438507,0.9662943075443075,0.9634734247234248,0.9634642238761457,0.9633333333333334
0.0018749677777426161,0.1689990758895874,0.9708650146150145,0.9680309042809044,0.9682271981395014,0.9683333333333333
0.001506619932721757,0.16793090105056763,0.9707834295334296,0.9680309042809044,0.9681043911219575,0.9683333333333333
0.001347458074936488,0.16723403334617615,0.9695013782513783,0.9665157527657527,0.966564708582275,0.9666666666666667
0.0019363255778444,0.16357222199440002,0.9678094590594589,0.964663900913901,0.9648751586204137,0.965
0.0013567191829982523,0.16527891159057617,0.9707834295334296,0.9680309042809044,0.9681043911219575,0.9683333333333333
0.001970542688165248,0.1779230833053589,0.9699031986531986,0.9662722462722463,0.9665607971433966,0.9666666666666667
0.0018531425375840627,0.1625584363937378,0.9691730954230954,0.9661790524290524,0.9664771946917594,0.9666666666666667
0.0015837346691114362,0.16368702054023743,0.9691167628667628,0.9663305675805676,0.9663541822664854,0.9666666666666667
0.001664331214366636,0.1682441532611847,0.9695013782513783,0.9665157527657527,0.966564708582275,0.9666666666666667
0.0013062518773949705,0.16551366448402405,0.9721723184223184,0.969697570947571,0.969706221785573,0.9699999999999999
0.0013848290460979722,0.16816335916519165,0.9662943075443075,0.9634734247234248,0.9634642238761457,0.9633333333333334
0.0014753724044567207,0.1723305881023407,0.9643809893809893,0.9616215728715729,0.9616630371331206,0.9616666666666668
0.0028976936616042317,0.1764121949672699,0.9719044612794613,0.9674627224627225,0.9681982852776364,0.9683333333333333
0.0020849208000678723,0.171028733253479,0.967727873977874,0.964663900913901,0.9647523516028698,0.965
0.0013999895127199125,0.1669512391090393,0.9674500962000963,0.964663900913901,0.9647627035697436,0.965
0.0017385197813079383,0.1648319661617279,0.9653415103415103,0.9628120490620491,0.9628152170999459,0.9633333333333334
0.002080081289022928,0.17156094312667847,0.9707834295334296,0.9680309042809044,0.9681043911219575,0.9683333333333333
0.001985887206198337,0.1728932112455368,0.964025789025789,0.9616215728715729,0.9615173427845277,0.9616666666666668
0.0013051192787922143,0.16900043189525604,0.967727873977874,0.964663900913901,0.9647523516028698,0.965
0.0020392476192985973,0.17210082709789276,0.9707834295334296,0.9680309042809044,0.9681043911219575,0.9683333333333333
0.0018099054092696558,0.169277161359787,0.9690915103415102,0.9661790524290526,0.9664148411600962,0.9666666666666667
0.0012054339010016217,0.1695394217967987,0.9655409405409404,0.9628120490620491,0.9629282775287957,0.9633333333333334
0.001540200122690294,0.16932335495948792,0.9673927923927922,0.9644787157287157,0.9647858626681147,0.965
0.0014638160282629542,0.17211022973060608,0.9676579439079438,0.9649885762385764,0.9651267134333722,0.965
0.0018011059194880847,0.17026285827159882,0.9695013782513783,0.9665157527657527,0.966564708582275,0.9666666666666667
0.0013905112245993223,0.16987010836601257,0.9650316812816814,0.9628120490620491,0.9627017013910945,0.9633333333333334
0.0015265202200680505,0.1775972545146942,0.9684301346801347,0.9642809042809044,0.964635777622918,0.965
0.0011850680833352574,0.16740682721138,0.9655409405409404,0.9628120490620491,0.9629282775287957,0.9633333333333334
0.002338359579880489,0.16933971643447876,0.9694197931697932,0.9665157527657527,0.966441901564731,0.9666666666666667
0.0019615071032603737,0.17037200927734375,0.9690915103415102,0.9661790524290526,0.9664148411600962,0.9666666666666667
0.0022591457503343313,0.1740173101425171,0.9662943075443075,0.9634734247234248,0.9634642238761457,0.9633333333333334
0.0021173268711815276,0.1737706959247589,0.9692682780182779,0.9668404280904282,0.9666934563776893,0.9666666666666667
0.0016318244252033764,0.17006978392601013,0.9679862267362266,0.9653252765752766,0.9651537738380068,0.965
0.00098092563469739,0.1706990897655487,0.9672328597328597,0.964663900913901,0.9646178274906569,0.965
0.0018564103326449792,0.1724049150943756,0.9708650146150145,0.9680309042809044,0.9682271981395014,0.9683333333333333
0.0012694297644581336,0.1725863218307495,0.9724500962000963,0.9695460557960559,0.9697752348980644,0.9699999999999999
0.001254435478282782,0.1690393090248108,0.9694508732008731,0.9661790524290524,0.9664668427248856,0.9666666666666667
0.001192715816917674,0.16943925619125366,0.9695013782513783,0.9665157527657527,0.966564708582275,0.9666666666666667
0.0014419226554309716,0.17118090391159058,0.9655409405409404,0.9628120490620491,0.9629282775287957,0.9633333333333334
0.0015179254278336884,0.1671619415283203,0.9691730954230954,0.9661790524290524,0.9664771946917594,0.9666666666666667
0.001381826251114641,0.17384350299835205,0.9707834295334296,0.9680309042809044,0.9681043911219575,0.9683333333333333
0.0014645365457302735,0.1701757311820984,0.9707834295334296,0.9680309042809044,0.9681043911219575,0.9683333333333333
0.0011842924292674677,0.16860124468803406,0.9678094590594589,0.964663900913901,0.9648751586204137,0.965
0.001832780042605009,0.17108747363090515,0.9694508732008731,0.9661790524290524,0.9664668427248856,0.9666666666666667
0.0011773056745975434,0.1709502786397934,0.9691730954230953,0.9661790524290526,0.9665376481776402,0.9666666666666667
0.002133465517545119,0.17222699522972107,0.9724500962000963,0.9695460557960559,0.9697752348980644,0.9699999999999999
0.0010178976457003348,0.17154209315776825,0.9693498630998629,0.9668404280904282,0.9668162633952333,0.9666666666666667
0.0013324313610307097,0.17912618815898895,0.9645072520072521,0.9619462481962482,0.9618437864933246,0.9616666666666668
0.0013983272147015668,0.17017817497253418,0.9690915103415102,0.9661790524290526,0.9664148411600962,0.9666666666666667
0.0015810657938952015,0.17539426684379578,0.9676579439079438,0.9649885762385764,0.9651267134333722,0.965
0.0015234283600875642,0.17490778863430023,0.9676579439079438,0.9649885762385764,0.9651267134333722,0.965
0.002679673749905002,0.1747271716594696,0.9724500962000963,0.9695460557960559,0.9697752348980644,0.9699999999999999
0.0009057905020502707,0.1712673157453537,0.9724500962000963,0.9695460557960559,0.9697752348980644,0.9699999999999999
0.0012475741235296784,0.16764885187149048,0.9675316812816813,0.964663900913901,0.9648855105872874,0.965
0.0014302992713055573,0.1714361011981964,0.9724500962000963,0.9695460557960559,0.9697752348980644,0.9699999999999999
0.0013598725890915375,0.1706884205341339,0.9678094590594589,0.964663900913901,0.9648751586204137,0.965
0.0011525996512015506,0.1711227297782898,0.9694508732008731,0.9661790524290524,0.9664668427248856,0.9666666666666667
0.0016748624839237891,0.1728968322277069,0.9695097957597957,0.966655242905243,0.9669842985726911,0.9666666666666667
0.0020184690729365684,0.17563161253929138,0.9714999352499354,0.9674627224627225,0.9680945389052087,0.9683333333333333
0.0012471533045754768,0.1703261435031891,0.9708650146150145,0.9680309042809044,0.9682271981395014,0.9683333333333333
0.0015042741470097098,0.17201951146125793,0.963159988159988,0.9609601972101972,0.9605432850702739,0.9616666666666666
0.0008796505735517712,0.1677754819393158,0.9691730954230953,0.9661790524290526,0.9665376481776402,0.9666666666666667
0.0015881445251579862,0.17043083906173706,0.972948347948348,0.969697570947571,0.9702155022330686,0.9699999999999999
0.0027116155785430842,0.17102426290512085,0.9724500962000963,0.9695460557960559,0.9697752348980644,0.9699999999999999
0.0027796630056400318,0.17551223933696747,0.9679862267362266,0.9653252765752766,0.9651537738380068,0.965
0.001467326521378709,0.16936039924621582,0.9675316812816813,0.964663900913901,0.9648855105872874,0.965
0.0016001335097826086,0.17235338687896729,0.9708650146150145,0.9680309042809044,0.9682271981395014,0.9683333333333333
0.001882318606779639,0.17504975199699402,0.9645072520072521,0.9619462481962482,0.9618437864933246,0.9616666666666668
0.0020389319094344196,0.17270693182945251,0.9708650146150145,0.9680309042809044,0.9682271981395014,0.9683333333333333
0.0014627465261582984,0.1721627414226532,0.9678094590594589,0.964663900913901,0.9648751586204137,0.965
0.001116405144178619,0.17217253148555756,0.9728667628667629,0.969697570947571,0.9700926952155248,0.9699999999999999
0.001001737885720407,0.1766919493675232,0.9714183501683502,0.9674627224627225,0.9679717318876647,0.9683333333333333
0.0011832123724767978,0.16994021832942963,0.9708650146150145,0.9680309042809044,0.9682271981395014,0.9683333333333333
0.0030614908561498546,0.1699920892715454,0.9691730954230953,0.9661790524290526,0.9665376481776402,0.9666666666666667
0.001111018468994492,0.1691942662000656,0.9678094590594589,0.964663900913901,0.9648751586204137,0.965
0.0014762254662249081,0.174252450466156,0.9662101324601324,0.9644787157287157,0.964190903791422,0.965
0.0011205625014554244,0.173246830701828,0.9655409405409404,0.9628120490620491,0.9629282775287957,0.9633333333333334
0.0012281651264250588,0.1696825921535492,0.9698112073112073,0.9663305675805676,0.966740655696437,0.9666666666666667
0.0011783227570655679,0.17200593650341034,0.9693498630998629,0.9668404280904282,0.9668162633952333,0.9666666666666667
0.0013190844413960197,0.17188052833080292,0.9707834295334296,0.9680309042809044,0.9681043911219575,0.9683333333333333
0.0017694458559465904,0.17140206694602966,0.9660165297665296,0.9634734247234248,0.9634745758430193,0.9633333333333334
0.0011679397078599625,0.17001798748970032,0.9715031265031265,0.9681824194324194,0.9684302056582982,0.9683333333333333
0.001307134448021922,0.17169682681560516,0.9707834295334296,0.9680309042809044,0.9681043911219575,0.9683333333333333
0.0014190673027769662,0.17548660933971405,0.9695013782513783,0.9665157527657527,0.966564708582275,0.9666666666666667
0.0018290751838018575,0.17453241348266602,0.9678094590594589,0.964663900913901,0.9648751586204137,0.965
0.001631854618608486,0.17705294489860535,0.9708650146150145,0.9680309042809044,0.9682271981395014,0.9683333333333333
0.0009807617722496313,0.1790226548910141,0.9662943075443075,0.9634734247234248,0.9634642238761457,0.9633333333333334
0.0018286476139716494,0.1716172695159912,0.9676579439079438,0.9649885762385763,0.9650662599474913,0.965
0.0013197292161445755,0.17401450872421265,0.9698927923927924,0.9663305675805676,0.9668634627139809,0.9666666666666667
0.001340217437245883,0.1809384524822235,0.962091612091612,0.9588768638768639,0.9586695790661331,0.96
0.0015660087071106925,0.17241637408733368,0.9698927923927924,0.9663305675805676,0.9668634627139809,0.9666666666666667
0.0008889400620925395,0.176922008395195,0.9679862267362266,0.9653252765752766,0.9651537738380068,0.965
0.0011893514844511326,0.17444342374801636,0.9698927923927924,0.9663305675805676,0.9668634627139809,0.9666666666666667
0.0038190059009745405,0.17139402031898499,0.9679862267362266,0.9653252765752766,0.9651537738380068,0.965
0.0008447600084764417,0.1724531352519989,0.9695013782513783,0.9665157527657527,0.966564708582275,0.9666666666666667
0.0009366968649070865,0.17488086223602295,0.964025789025789,0.9616215728715729,0.9615173427845277,0.9616666666666668
0.0022262703326608366,0.17425256967544556,0.9690915103415102,0.9661790524290526,0.9664148411600962,0.9666666666666667
0.0008742706656145552,0.1722106784582138,0.9696613109113108,0.9663305675805676,0.9667327437597327,0.9666666666666667
0.0009393496420670999,0.1748032420873642,0.9695013782513783,0.9665157527657527,0.966564708582275,0.9666666666666667
0.0007461790507174252,0.1739296168088913,0.9695013782513783,0.9665157527657527,0.966564708582275,0.9666666666666667
0.0010614721116629273,0.17183904349803925,0.9694197931697932,0.9665157527657527,0.966441901564731,0.9666666666666667
0.0014933204559686903,0.17369399964809418,0.9694197931697932,0.9665157527657527,0.966441901564731,0.9666666666666667
0.0010617748957884032,0.17362555861473083,0.9678094590594589,0.964663900913901,0.9648751586204137,0.965
0.0008482628206062751,0.17294268310070038,0.9678094590594589,0.964663900913901,0.9648751586204137,0.965
0.0012368378247629153,0.1774430125951767,0.9662943075443075,0.9634734247234248,0.9634642238761457,0.9633333333333334
0.001017585212442403,0.17504756152629852,0.9655409405409404,0.9628120490620491,0.9629282775287957,0.9633333333333334
0.0007208160574615855,0.17481938004493713,0.9678094590594589,0.964663900913901,0.9648751586204137,0.965
0.0012568181579505715,0.17149215936660767,0.9698927923927924,0.9663305675805676,0.9668634627139809,0.9666666666666667
0.001434484382722682,0.1738942563533783,0.9690915103415102,0.9661790524290526,0.9664148411600962,0.9666666666666667
0.0010319751539403417,0.176248237490654,0.9678094590594589,0.964663900913901,0.9648751586204137,0.965
0.0020960675574315246,0.18491524457931519,0.9723463804713806,0.9676142376142377,0.9686055617032195,0.9683333333333333
0.0010827239336019072,0.17573361098766327,0.9662943075443075,0.9634734247234248,0.9634642238761457,0.9633333333333334
0.0011231185768944367,0.17235496640205383,0.967727873977874,0.964663900913901,0.9647523516028698,0.965
0.0011511562631009535,0.17600879073143005,0.9681461593961593,0.9651400913900914,0.9653218090154647,0.965
0.0007756497422330236,0.1750572919845581,0.967727873977874,0.964663900913901,0.9647523516028698,0.965
0.0023981731883395696,0.1816158890724182,0.9606051356051356,0.9580110630110631,0.9575937146697232,0.9583333333333334
0.001170468183166425,0.17474329471588135,0.9662943075443075,0.9634734247234248,0.9634642238761457,0.9633333333333334
0.0010150503815869645,0.17825929820537567,0.9662943075443075,0.9634734247234248,0.9634642238761457,0.9633333333333334
0.0007546637061750516,0.1754557341337204,0.9662943075443075,0.9634734247234248,0.9634642238761457,0.9633333333333334
0.001507615452283062,0.17594391107559204,0.9694197931697932,0.9665157527657527,0.966441901564731,0.9666666666666667
0.0009728029447918137,0.1781003326177597,0.9678094590594589,0.964663900913901,0.9648751586204137,0.965
0.0014609830213885289,0.1790437400341034,0.9679046416546416,0.9653252765752766,0.9650309668204629,0.965
0.0007912306591606466,0.17564257979393005,0.9678094590594589,0.964663900913901,0.9648751586204137,0.965
0.0009223388806276489,0.17761799693107605,0.9662943075443075,0.9634734247234248,0.9634642238761457,0.9633333333333334
0.0009397508765687235,0.18109989166259766,0.9724500962000963,0.9695460557960559,0.9697752348980644,0.9699999999999999
0.0015654439266654663,0.1780126988887787,0.967727873977874,0.964663900913901,0.9647523516028698,0.965
0.0017817040722244808,0.1802344173192978,0.9662943075443075,0.9634734247234248,0.9634642238761457,0.9633333333333334
0.0009594951685964285,0.17984026670455933,0.9679862267362266,0.9653252765752766,0.9651537738380068,0.965
0.0014688939894161497,0.18184831738471985,0.9690915103415102,0.9661790524290526,0.9664148411600962,0.9666666666666667
0.000966966292859676,0.18220804631710052,0.9728667628667629,0.969697570947571,0.9700926952155248,0.9699999999999999
0.0006917043204642445,0.18197020888328552,0.9678094590594589,0.964663900913901,0.9648751586204137,0.965
0.0010521558312272343,0.18080556392669678,0.9678094590594589,0.964663900913901,0.9648751586204137,0.965
0.001840580313000828,0.17675328254699707,0.9698927923927924,0.9663305675805676,0.9668634627139809,0.9666666666666667
0.000915903347049607,0.17849713563919067,0.9695013782513783,0.9665157527657527,0.966564708582275,0.9666666666666667
0.0010631123398828397,0.1764768660068512,0.9715847115847116,0.9681824194324194,0.9685530126758422,0.9683333333333333
0.0012707592856410581,0.18834100663661957,0.9713817201317202,0.9674627224627225,0.9679015288939236,0.9683333333333333
0.0010172225811402313,0.18192487955093384,0.9672328597328597,0.964663900913901,0.9646178274906569,0.965
0.0007767077701525219,0.18574826419353485,0.9662943075443075,0.9634734247234248,0.9634642238761457,0.9633333333333334
0.0012161647476508126,0.18330365419387817,0.9694197931697932,0.9665157527657527,0.966441901564731,0.9666666666666667
0.0011940628610318527,0.18383413553237915,0.9678094590594589,0.964663900913901,0.9648751586204137,0.965
0.0011228560075930243,0.18387067317962646,0.9694197931697932,0.9665157527657527,0.966441901564731,0.9666666666666667
0.0009682712558666632,0.18479564785957336,0.9695013782513783,0.9665157527657527,0.966564708582275,0.9666666666666667
0.0010656521917553619,0.18141238391399384,0.9672328597328597,0.964663900913901,0.9646178274906569,0.965
0.0008807796154239137,0.18464772403240204,0.9694197931697932,0.9665157527657527,0.966441901564731,0.9666666666666667
0.0008824161056206018,0.18457524478435516,0.9678094590594589,0.964663900913901,0.9648751586204137,0.965
0.0012186674369634904,0.18537282943725586,0.9678094590594589,0.964663900913901,0.9648751586204137,0.965
0.0007185211955705503,0.18382012844085693,0.9662943075443075,0.9634734247234248,0.9634642238761457,0.9633333333333334
0.0008134678076506437,0.18404237926006317,0.9678094590594589,0.964663900913901,0.9648751586204137,0.965
0.000955867451314892,0.18174421787261963,0.9678094590594589,0.964663900913901,0.9648751586204137,0.965
0.0014691267685217706,0.18033236265182495,0.9678094590594589,0.964663900913901,0.9648751586204137,0.965
0.0007812886487954529,0.17995016276836395,0.9679862267362266,0.9653252765752766,0.9651537738380068,0.965
0.0007942761682594816,0.18018710613250732,0.9707834295334296,0.9680309042809044,0.9681043911219575,0.9683333333333333
0.0006552359027409693,0.18227241933345795,0.9707834295334296,0.9680309042809044,0.9681043911219575,0.9683333333333333
0.0006570507345410684,0.18291187286376953,0.9679862267362266,0.9653252765752766,0.9651537738380068,0.965
0.00367850273444977,0.1813865602016449,0.9655409405409404,0.9628120490620491,0.9629282775287957,0.9633333333333334
0.0009834287017535341,0.1841413676738739,0.964025789025789,0.9616215728715729,0.9615173427845277,0.9616666666666668
0.0011315294777887175,0.18060243129730225,0.967727873977874,0.964663900913901,0.9647523516028698,0.965
0.0007335225406374472,0.18317773938179016,0.9707834295334296,0.9680309042809044,0.9681043911219575,0.9683333333333333
0.0009210560456267558,0.17812809348106384,0.9678094590594589,0.964663900913901,0.9648751586204137,0.965
0.0012067829290269099,0.17951807379722595,0.9673927923927922,0.9644787157287157,0.9647858626681147,0.965
0.0006514760661957553,0.1802787482738495,0.9698927923927924,0.9663305675805676,0.9668634627139809,0.9666666666666667
0.0006878352687635925,0.1792910099029541,0.9698927923927924,0.9663305675805676,0.9668634627139809,0.9666666666666667
0.001481779660631825,0.17960748076438904,0.9698112073112073,0.9663305675805676,0.966740655696437,0.9666666666666667
0.001561244331242051,0.1754482239484787,0.9712000962000961,0.9679972342472342,0.9683424863600526,0.9683333333333333
0.0009635517477969794,0.1777457594871521,0.967727873977874,0.964663900913901,0.9647523516028698,0.965
