training_loss,validation_loss,precision,recall,f1,accuracy
1.0523216240108013,0.2345285713672638,0.9341118947272199,0.9288772801272801,0.9253019728180911,0.9283333333333332
0.14240879037727913,0.7934920191764832,0.8415948499385032,0.7919205331705332,0.7728033172016869,0.79
0.06440214191873868,0.4878081679344177,0.8843941070682556,0.8436647475618063,0.8334509310623832,0.8416666666666667
0.06875959814836581,1.252311110496521,0.8996131849392719,0.682106909974557,0.7049387607264693,0.6816666666666666
0.27270433275649947,0.6670083999633789,0.9137405853949971,0.8723813251019134,0.8732777078167931,0.8733333333333334
0.08391471491389287,0.13203372061252594,0.9652367856315225,0.9609030784030783,0.9613855341155787,0.9616666666666666
0.023068718748011936,0.15918505191802979,0.9699399211899212,0.9655708343943639,0.9656353115317535,0.9649999999999999
0.005017256594631665,0.0845336765050888,0.9778507603507604,0.9771735209235209,0.9765145905923825,0.9766666666666666
0.005844159449528282,0.1031685471534729,0.9713027250527251,0.9698713323713323,0.9698747433930724,0.9700000000000001
0.0013187326894694706,0.09214388579130173,0.9769899544899544,0.9744288119288118,0.9744996794319783,0.9750000000000001
0.0006908503158532161,0.0897277221083641,0.9845318570318571,0.9830266955266956,0.983210726360365,0.9833333333333333
0.0005974342517826395,0.09064836800098419,0.9804423354423354,0.9781325156325157,0.9785933401609533,0.9783333333333334
0.00037480493119801395,0.09241007268428802,0.982096375846376,0.979322991822992,0.9799278677023775,0.98
0.0003253411277910345,0.09389258921146393,0.9804423354423354,0.9781325156325157,0.9785933401609533,0.9783333333333334
0.022341707246899507,1.1763142347335815,0.8277772882488356,0.7420422986599458,0.7347582706979171,0.75
0.0798231298297954,0.10094612836837769,0.9693654956154957,0.9656836219336221,0.9664041338417096,0.9666666666666667
0.014858298074007811,0.6241082549095154,0.9144606172495188,0.8448908036408036,0.8393907696691044,0.8466666666666667
0.0025715224279944473,0.07220719754695892,0.9778257244704612,0.9736081048581049,0.974538689901097,0.975
0.0014291732453178458,0.13420221209526062,0.9689686702186703,0.9682920782920784,0.9664676680118834,0.9666666666666665
0.0025040287100637215,0.08404382318258286,0.9832411886359256,0.979764911014911,0.9804584794147977,0.98
0.0005092600951381124,0.08154848217964172,0.9795459024406393,0.9754930254930255,0.9764637923529079,0.9766666666666667
0.00021795213297082228,0.08984421193599701,0.9839771193718563,0.9810485810485811,0.9818498316317434,0.9816666666666666
0.00029608507838929654,0.08813922107219696,0.9809347913295282,0.9773448773448773,0.9782913712105379,0.9783333333333334
0.00025301556236930384,0.08492173999547958,0.9809347913295282,0.9773448773448773,0.9782913712105379,0.9783333333333334
0.0001962689559604769,0.08622008562088013,0.9818119843119844,0.9801226551226551,0.9802569731761399,0.98
0.0006323545023102876,0.09892074763774872,0.9821486846486848,0.9804593554593555,0.9806304559025638,0.98
0.0001698851570684686,0.08391251415014267,0.9801453176453178,0.9787337662337663,0.9786551425125243,0.9783333333333334
0.00014690697162222932,0.07574433088302612,0.9818119843119844,0.9801226551226551,0.9802569731761399,0.98
0.0003289204829949692,0.0827585980296135,0.9848543123543124,0.9838263588263588,0.9838154335973454,0.9833333333333333
0.07979937286775869,1.269219160079956,0.8017793276984454,0.6836133800839684,0.6593211298474846,0.6866666666666666
0.15239613790375492,0.17352531850337982,0.9576385379326556,0.9552407314907314,0.9537402513053098,0.9533333333333333
0.10854233536520042,0.24745731055736542,0.9218501868501869,0.9163496225996227,0.9125730242281146,0.9183333333333334
0.014106445077535076,0.08760838210582733,0.9761241536241535,0.9731108706108706,0.9732144075434207,0.9733333333333333
0.009384400914617194,0.15165697038173676,0.9640031727531727,0.9612358175593471,0.9604137680502826,0.9583333333333334
0.0018640775488165673,0.06491708755493164,0.9818851518851518,0.9794612794612795,0.9799722792170392,0.98
0.0007870710851420881,0.06184244155883789,0.9836334036334037,0.9822059884559885,0.9823671334550307,0.9816666666666668
0.00048420031968513894,0.06409751623868942,0.9840612628112627,0.9823923761423763,0.9821304315091837,0.9816666666666666
0.0008006345148411734,0.057168684899806976,0.9834003034003035,0.9813131313131312,0.9818184722397029,0.9816666666666666
0.00030279974059036857,0.05839334428310394,0.984915454915455,0.9833964646464647,0.9836510840723146,0.9833333333333334
0.0019292293239535259,0.07308688014745712,0.9853300865800866,0.9833964646464647,0.9835458324193446,0.9833333333333333
0.0007109537730987844,0.05798782408237457,0.9863169700669702,0.9843434343434342,0.9850101933726004,0.9849999999999999
0.00023896157457177955,0.06452129036188126,0.9852180689680691,0.9830266955266956,0.9836505406796144,0.9833333333333333
0.0003103055601059168,0.0659080520272255,0.9841069578569579,0.9813600288600289,0.9821986350534803,0.9816666666666666
0.00021800607851218956,0.06686946749687195,0.9841069578569579,0.9813600288600289,0.9821986350534803,0.9816666666666666
0.00015128910520919211,0.06664414703845978,0.9841069578569579,0.9813600288600289,0.9821986350534803,0.9816666666666666
0.00011353651719521925,0.06792639940977097,0.9823034373034374,0.97997113997114,0.980718159102416,0.98
0.00014661322128025253,0.06906998157501221,0.9834145484145486,0.9816378066378068,0.9821700647285502,0.9816666666666666
0.004242741094609907,0.0822758898139,0.9818390405890405,0.9783177008177008,0.9794675273453022,0.9783333333333334
0.0002459943275425758,0.0787782371044159,0.9818390405890405,0.9783177008177008,0.9794675273453022,0.9783333333333334
9.254306663327345e-05,0.08058646321296692,0.9818390405890405,0.9783177008177008,0.9794675273453022,0.9783333333333334
0.00014791607911017005,0.08844353258609772,0.9818390405890405,0.9783177008177008,0.9794675273453022,0.9783333333333334
0.00011287133073286289,0.08559169620275497,0.9818390405890405,0.9783177008177008,0.9794675273453022,0.9783333333333334
7.569988504959231e-05,0.08707848191261292,0.9818390405890405,0.9783177008177008,0.9794675273453022,0.9783333333333334
0.00010936419035563934,0.08875840157270432,0.9818390405890405,0.9783177008177008,0.9794675273453022,0.9783333333333334
7.663130744125131e-05,0.0915556401014328,0.9818390405890405,0.9783177008177008,0.9794675273453022,0.9783333333333334
7.904628800285234e-05,0.08774708956480026,0.9818390405890405,0.9783177008177008,0.9794675273453022,0.9783333333333334
7.786571978840584e-05,0.0892481803894043,0.9818390405890405,0.9783177008177008,0.9794675273453022,0.9783333333333334
9.650250346264026e-05,0.08380886167287827,0.9818390405890405,0.9783177008177008,0.9794675273453022,0.9783333333333334
4.869997405876347e-05,0.08599739521741867,0.9818390405890405,0.9783177008177008,0.9794675273453022,0.9783333333333334
7.523159229094745e-05,0.08534576743841171,0.9818390405890405,0.9783177008177008,0.9794675273453022,0.9783333333333334
9.39009571728396e-05,0.0890621691942215,0.9818390405890405,0.9783177008177008,0.9794675273453022,0.9783333333333334
0.00011013030977361875,0.09300263226032257,0.9818390405890405,0.9783177008177008,0.9794675273453022,0.9783333333333334
6.190101324439941e-05,0.09209152311086655,0.9818390405890405,0.9783177008177008,0.9794675273453022,0.9783333333333334
9.538799675586536e-05,0.09121282398700714,0.9818390405890405,0.9783177008177008,0.9794675273453022,0.9783333333333334
5.3536097539108596e-05,0.08837002515792847,0.9818390405890405,0.9783177008177008,0.9794675273453022,0.9783333333333334
3.8772226048422453e-05,0.08628873527050018,0.9831810319310318,0.979508177008177,0.980742052420427,0.98
5.427161822050645e-05,0.08907473087310791,0.9818390405890405,0.9783177008177008,0.9794675273453022,0.9783333333333334
7.736226036551368e-05,0.07463096082210541,0.9816558904058903,0.9784439634439633,0.9795432294210041,0.9783333333333334
3.1800866452158516e-05,0.07847296446561813,0.9839223739223738,0.9798328523328523,0.9811190212762079,0.98
4.2946735902660294e-05,0.07912477105855942,0.9818390405890405,0.9783177008177008,0.9794675273453022,0.9783333333333334
3.442645080061387e-05,0.07730686664581299,0.9818390405890405,0.9783177008177008,0.9794675273453022,0.9783333333333334
2.8772155758360896e-05,0.07781091332435608,0.98003552003552,0.9769288119288119,0.9779870513942379,0.9766666666666667
4.8480431066385186e-05,0.07677116990089417,0.9813775113775113,0.9781192881192883,0.9792615764693627,0.9783333333333334
3.225485481076854e-05,0.07801701873540878,0.9818390405890405,0.9783177008177008,0.9794675273453022,0.9783333333333334
2.7447144096489257e-05,0.07591666281223297,0.98003552003552,0.9769288119288119,0.9779870513942379,0.9766666666666667
3.254691739584814e-05,0.07855411618947983,0.9818390405890405,0.9783177008177008,0.9794675273453022,0.9783333333333334
4.173795360884469e-05,0.08297329396009445,0.98003552003552,0.9769288119288119,0.9779870513942379,0.9766666666666667
3.723402791896054e-05,0.08077169209718704,0.9818390405890405,0.9783177008177008,0.9794675273453022,0.9783333333333334
2.641558635711287e-05,0.08174258470535278,0.9813775113775113,0.9781192881192883,0.9792615764693627,0.9783333333333334
3.3903917085353896e-05,0.08556975424289703,0.9818390405890405,0.9783177008177008,0.9794675273453022,0.9783333333333334
2.6676058325847407e-05,0.0867694616317749,0.9818390405890405,0.9783177008177008,0.9794675273453022,0.9783333333333334
2.0321011599359434e-05,0.0828171893954277,0.9818390405890405,0.9783177008177008,0.9794675273453022,0.9783333333333334
2.0719567932777256e-05,0.0862317830324173,0.9818390405890405,0.9783177008177008,0.9794675273453022,0.9783333333333334
2.3827751666279557e-05,0.08367934823036194,0.9818390405890405,0.9783177008177008,0.9794675273453022,0.9783333333333334
1.340568059049474e-05,0.08332961797714233,0.9818390405890405,0.9783177008177008,0.9794675273453022,0.9783333333333334
2.360542585696142e-05,0.0825284868478775,0.9827649665149666,0.9801695526695525,0.9809241099783553,0.98
2.7181903410185743e-05,0.08404767513275146,0.9818390405890405,0.9783177008177008,0.9794675273453022,0.9783333333333334
0.00012053310431762536,0.07782793790102005,0.9823034373034374,0.97997113997114,0.980718159102416,0.98
0.00012674003812662704,0.08532083034515381,0.9810982998482999,0.978654401154401,0.9792532662022485,0.9783333333333334
1.7179846802643322e-05,0.08100543916225433,0.9792947792947794,0.9772655122655123,0.9777727902511842,0.9766666666666667
1.4289617666918275e-05,0.08085155487060547,0.9818390405890405,0.9783177008177008,0.9794675273453022,0.9783333333333334
4.013935689310225e-05,0.08074088394641876,0.9827649665149666,0.9801695526695525,0.9809241099783553,0.98
2.0652016056980454e-05,0.08144965022802353,0.9827649665149666,0.9801695526695525,0.9809241099783553,0.98
4.952291631828606e-05,0.08614981174468994,0.9783688533688534,0.9754136604136604,0.9763162076181309,0.975
2.8784672461294274e-05,0.08326061069965363,0.9809614459614461,0.9787806637806638,0.9794436340272911,0.9783333333333334
1.9516349084369722e-05,0.08367516845464706,0.9827649665149666,0.9801695526695525,0.9809241099783553,0.98
2.5731325251854287e-05,0.08367513120174408,0.9827649665149666,0.9801695526695525,0.9809241099783553,0.98
1.7808874417823972e-05,0.08330641686916351,0.98003552003552,0.9769288119288119,0.9779870513942379,0.9766666666666667
3.4877459427207214e-05,0.08439794182777405,0.9792947792947794,0.9772655122655123,0.9777727902511842,0.9766666666666667
2.2454261715173136e-05,0.08726959675550461,0.9801723739223739,0.9768025493025493,0.9777966835691951,0.9766666666666666
2.5056799169457616e-05,0.08682095259428024,0.9827649665149666,0.9801695526695525,0.9809241099783553,0.98
1.2063980060853888e-05,0.08315755426883698,0.9827649665149666,0.9801695526695525,0.9809241099783553,0.98
3.401080702284768e-05,0.08666644990444183,0.9801723739223739,0.9768025493025493,0.9777966835691951,0.9766666666666666
1.3358592980239337e-05,0.08730246126651764,0.9827649665149666,0.9801695526695525,0.9809241099783553,0.98
2.3281176927033204e-05,0.08726724237203598,0.98003552003552,0.9769288119288119,0.9779870513942379,0.9766666666666667
3.265937128560381e-05,0.08885228633880615,0.98003552003552,0.9769288119288119,0.9779870513942379,0.9766666666666667
1.970628903791294e-05,0.08595982193946838,0.98003552003552,0.9769288119288119,0.9779870513942379,0.9766666666666667
1.8713275470834862e-05,0.08980556577444077,0.98003552003552,0.9769288119288119,0.9779870513942379,0.9766666666666667
1.2793143601660025e-05,0.08868377655744553,0.9818390405890405,0.9783177008177008,0.9794675273453022,0.9783333333333334
2.6176969081840678e-05,0.08352496474981308,0.9809614459614461,0.9787806637806638,0.9794436340272911,0.9783333333333334
1.1897881833533575e-05,0.08850376307964325,0.9818390405890405,0.9783177008177008,0.9794675273453022,0.9783333333333334
4.448950277454363e-05,0.08776231855154037,0.9801723739223739,0.9768025493025493,0.9777966835691951,0.9766666666666666
2.1935105001110362e-05,0.0846705436706543,0.9827649665149666,0.9801695526695525,0.9809241099783553,0.98
3.060936896304156e-05,0.08627252280712128,0.9827649665149666,0.9801695526695525,0.9809241099783553,0.98
1.1759400327567468e-05,0.0862104743719101,0.9801723739223739,0.9768025493025493,0.9777966835691951,0.9766666666666666
1.445472238496374e-05,0.084062360227108,0.9806367706367708,0.9784559884559885,0.9790473153263091,0.9783333333333334
1.3685226425271443e-05,0.08856026828289032,0.9818390405890405,0.9783177008177008,0.9794675273453022,0.9783333333333334
1.9603570654188236e-05,0.08686672151088715,0.9818390405890405,0.9783177008177008,0.9794675273453022,0.9783333333333334
2.2077560762075638e-05,0.0836206004023552,0.98003552003552,0.9769288119288119,0.9779870513942379,0.9766666666666667
1.6835332023864186e-05,0.08329533785581589,0.9818390405890405,0.9783177008177008,0.9794675273453022,0.9783333333333334
1.4588236903515886e-05,0.085086390376091,0.98003552003552,0.9769288119288119,0.9779870513942379,0.9766666666666667
1.3836622249148908e-05,0.08581265807151794,0.9818390405890405,0.9783177008177008,0.9794675273453022,0.9783333333333334
1.0438958777096255e-05,0.0823887512087822,0.9818390405890405,0.9783177008177008,0.9794675273453022,0.9783333333333334
1.5044410957898435e-05,0.08574952930212021,0.9827649665149666,0.9801695526695525,0.9809241099783553,0.98
2.276837868938249e-05,0.08718498796224594,0.9827649665149666,0.9801695526695525,0.9809241099783553,0.98
1.4346043229807037e-05,0.08246864378452301,0.9809614459614461,0.9787806637806638,0.9794436340272911,0.9783333333333334
1.7188588666764797e-05,0.08443176746368408,0.9818390405890405,0.9783177008177008,0.9794675273453022,0.9783333333333334
1.0277032856720325e-05,0.08381620049476624,0.9813775113775113,0.9781192881192883,0.9792615764693627,0.9783333333333334
1.054863135626268e-05,0.08508145064115524,0.9801723739223739,0.9768025493025493,0.9777966835691951,0.9766666666666666
2.1322965802520837e-05,0.0860188826918602,0.9810982998482999,0.978654401154401,0.9792532662022485,0.9783333333333334
1.8150806316915197e-05,0.08765378594398499,0.9827649665149666,0.9801695526695525,0.9809241099783553,0.98
9.480118914477012e-06,0.08629756420850754,0.9823034373034374,0.97997113997114,0.980718159102416,0.98
9.50713949994982e-06,0.08609684556722641,0.9801723739223739,0.9768025493025493,0.9777966835691951,0.9766666666666666
1.6615787866195813e-05,0.08751100301742554,0.9818390405890405,0.9783177008177008,0.9794675273453022,0.9783333333333334
1.3353029942209105e-05,0.08927386999130249,0.98003552003552,0.9769288119288119,0.9779870513942379,0.9766666666666667
1.0199546911356569e-05,0.08664154261350632,0.9827649665149666,0.9801695526695525,0.9809241099783553,0.98
3.2636920205201626e-05,0.08314573764801025,0.9818390405890405,0.9783177008177008,0.9794675273453022,0.9783333333333334
1.5078385539860998e-05,0.08331244438886642,0.9818390405890405,0.9783177008177008,0.9794675273453022,0.9783333333333334
4.376212703505189e-05,0.08548964560031891,0.9810982998482999,0.978654401154401,0.9792532662022485,0.9783333333333334
1.329998161736512e-05,0.08713164180517197,0.9813775113775113,0.9781192881192883,0.9792615764693627,0.9783333333333334
2.3143490281540835e-05,0.08421556651592255,0.9825679875679877,0.97997113997114,0.9808592525768427,0.98
0.00013040880169512548,0.09760066121816635,0.9824886224886225,0.9797859547859549,0.980713482095497,0.98
0.0015007571388376089,0.1068245992064476,0.980992895992896,0.9777946127946128,0.9788746833105396,0.9783333333333334
0.00029006202728965036,0.1159435510635376,0.9769043919043918,0.9740909090909091,0.9746617203475768,0.975
0.0004973059938038205,0.15789034962654114,0.9738826913826913,0.9726016113516115,0.9719651679226528,0.9716666666666667
0.0003656857132625646,0.13474200665950775,0.9748210585710586,0.9722390572390572,0.9724476680599952,0.9733333333333333
0.00013572156310222758,0.13167457282543182,0.9735390072890073,0.971048581048581,0.9711637174427112,0.9716666666666667
0.0003184628482226041,0.13901135325431824,0.9728482165982166,0.9700565175565176,0.9700798343248523,0.9699999999999999
4.488170227053464e-05,0.12839987874031067,0.9740081677581678,0.9712469937469937,0.9713450747205274,0.9716666666666667
0.00010403414658336867,0.12223406136035919,0.977202010952011,0.9742893217893217,0.9745803841093778,0.9750000000000001
3.881672932948277e-05,0.12097565829753876,0.9758600196100197,0.9730988455988455,0.9733058590342529,0.9733333333333333
4.0437181264489176e-05,0.12460792064666748,0.9784840622340623,0.9754797979797979,0.9758643347266617,0.9766666666666667
5.103270270960062e-05,0.12233709543943405,0.9788686776186776,0.9758044733044734,0.9762512278854847,0.9766666666666667
3.437360152247493e-05,0.12047533690929413,0.9788686776186776,0.9758044733044734,0.9762512278854847,0.9766666666666667
2.982735634304845e-05,0.12449188530445099,0.977313011063011,0.9739526214526214,0.9742563799233702,0.975
4.448513147773762e-05,0.12418266385793686,0.9791334128834129,0.9758044733044734,0.9764253169543107,0.9766666666666667
0.00012137929385858115,0.1088598221540451,0.9822340622340621,0.9788468013468012,0.9797492307903504,0.98
1.201033597908463e-05,0.1122208684682846,0.9822340622340621,0.9788468013468012,0.9797492307903504,0.98
1.5480319921342318e-05,0.11233493685722351,0.9793494468494468,0.9751430976430976,0.9759173784284468,0.9766666666666666
2.751112043123764e-05,0.11285173892974854,0.9803415103415102,0.9774579124579125,0.9782917144504811,0.9783333333333332
1.5221436844588728e-05,0.11216193437576294,0.9776705701705701,0.9744155844155845,0.9751801849755672,0.975
1.4961163188331739e-05,0.11481060832738876,0.9780673955673955,0.9739526214526215,0.9746334278111629,0.975
3.4579236630823594e-05,0.11638985574245453,0.9793494468494468,0.9751430976430976,0.9759173784284468,0.9766666666666666
2.67481808743734e-05,0.11472707986831665,0.9803415103415102,0.9774579124579125,0.9782917144504811,0.9783333333333332
2.833823374714939e-05,0.11247451603412628,0.9808451733451733,0.9769949494949494,0.9779216519327204,0.9783333333333334
1.2452006423302464e-05,0.11331513524055481,0.9822340622340621,0.9788468013468012,0.9797492307903504,0.98
1.707434655410604e-05,0.11241650581359863,0.9803415103415102,0.9774579124579125,0.9782917144504811,0.9783333333333332
1.101593175197498e-05,0.11430933326482773,0.9803415103415102,0.9774579124579125,0.9782917144504811,0.9783333333333332
8.300940199508963e-06,0.11341176927089691,0.9822340622340621,0.9788468013468012,0.9797492307903504,0.98
1.5879869470343994e-05,0.11285506188869476,0.9803415103415102,0.9774579124579125,0.9782917144504811,0.9783333333333332
1.0818441789221348e-05,0.11560261249542236,0.9803415103415102,0.9774579124579125,0.9782917144504811,0.9783333333333332
5.19686944642217e-05,0.11531014740467072,0.9789526214526214,0.9756060606060606,0.9764641355928512,0.9766666666666666
9.480794475772807e-05,0.1171092614531517,0.9776705701705701,0.9744155844155845,0.9751801849755672,0.975
2.4169683863798735e-05,0.12131692469120026,0.9789526214526214,0.9756060606060606,0.9764641355928512,0.9766666666666666
1.757661491789501e-05,0.11920742690563202,0.9808451733451733,0.9769949494949494,0.9779216519327204,0.9783333333333334
1.1306603686496905e-05,0.11649088561534882,0.9808451733451733,0.9769949494949494,0.9779216519327204,0.9783333333333334
1.5521844484093588e-05,0.11928602308034897,0.9789526214526214,0.9756060606060606,0.9764641355928512,0.9766666666666666
0.0107859719730925,0.14220532774925232,0.974891774891775,0.9735287397787399,0.9736545526751238,0.9733333333333333
0.008887818968446481,0.16467547416687012,0.9762554112554112,0.9728733766233767,0.9734245209324387,0.9733333333333333
0.0004116456728979756,0.12316387891769409,0.986540404040404,0.9854335016835017,0.9854800904211066,0.985
0.00017908940664786618,0.11804535239934921,0.9864279701779702,0.9849705387205386,0.985242029834749,0.985
0.00012097100534447236,0.12399347871541977,0.9810569985569986,0.9808760221260222,0.9804194654635031,0.98
5.7636300804612496e-05,0.12025242298841476,0.9851316738816739,0.9834553872053872,0.9836064867286177,0.9833333333333334
5.604902876636212e-05,0.12467063963413239,0.9833281533281534,0.9820664983164984,0.9821260107775535,0.9816666666666668
0.001750180675609651,0.1455642580986023,0.9825996225996226,0.9798448773448775,0.980422975547127,0.98
7.448812262585609e-05,0.14470554888248444,0.9834455821955821,0.9813600288600289,0.9818355268472346,0.9816666666666666
0.00010258535559160009,0.13488490879535675,0.985297434047434,0.9832118807118807,0.9837963111609601,0.9833333333333333
0.018685169717040633,0.1620849221944809,0.9649633237133237,0.9628120490620491,0.9623101202221975,0.9616666666666668
0.001999828429613141,0.1456264704465866,0.9719366281866281,0.969726430976431,0.9697780297310485,0.9700000000000001
0.00023792515185050434,0.1517912745475769,0.9757742257742258,0.9727200577200578,0.9732480234993792,0.9716666666666666
0.000636413090357261,0.09720080345869064,0.9797328597328598,0.9770670995670997,0.9777710691553261,0.9766666666666666
0.00020873149041259845,0.10175799578428268,0.9791773041773042,0.976650432900433,0.977234670687893,0.9766666666666666
0.009405714102210064,0.35216495394706726,0.9323030673030672,0.9195424482924482,0.9176124853232716,0.9183333333333333
0.004717760815159029,0.19973687827587128,0.9550499962999964,0.9547705698440994,0.9528846833118156,0.9533333333333331
0.0006300777191275605,0.12963604927062988,0.9725443075443075,0.9692700817700818,0.96984461590272,0.9700000000000001
0.00016144672811909308,0.12166907638311386,0.9744246494246495,0.9705327080327081,0.9713512084710975,0.9716666666666667
8.156299574579862e-05,0.1293497532606125,0.9742109742109742,0.9706589706589707,0.9714464465663356,0.9716666666666667
0.0001310447844010317,0.12916246056556702,0.9741350316350318,0.9734698172198173,0.9731027186935562,0.9733333333333333
0.00010680119106609709,0.1316789984703064,0.9790170015170016,0.9765121452621454,0.977202205721836,0.9766666666666667
0.00033049970742619433,0.12921643257141113,0.9779515854515854,0.9763137325637326,0.9765044799083012,0.9766666666666667
0.00027238647171164604,0.12029200792312622,0.9801738076738077,0.9777026214526215,0.9784087909106948,0.9783333333333334
0.0002031179238694373,0.12638381123542786,0.9757293632293633,0.972742303992304,0.9734035590005407,0.9733333333333335
0.0027576282483513146,0.4492860436439514,0.9288785751285751,0.9227457264957266,0.9200732901379691,0.9216666666666667
0.010014955151708213,0.546197772026062,0.920931907646304,0.903344882241941,0.9022026167958933,0.9033333333333333
0.0009286863660046644,0.20485429465770721,0.9638311688311689,0.962549718799719,0.961423859609695,0.9600000000000001
0.00022212842837158556,0.1762523055076599,0.9694825544825544,0.9682646057646057,0.9677975238902222,0.9666666666666667
0.00011993527484340423,0.16741949319839478,0.97250962000962,0.9715384152884153,0.9710341866464929,0.9699999999999999
0.00015551368180884614,0.17346712946891785,0.9716458541458541,0.9694550819550819,0.9695052366129788,0.9683333333333333
7.385373275307454e-05,0.17477969825267792,0.9721530784030784,0.9715384152884153,0.9707169647140258,0.9699999999999999
0.00011850793936218906,0.15729491412639618,0.9759511784511785,0.974440836940837,0.9744031945598538,0.9733333333333333
4.872302222717432e-05,0.15833227336406708,0.9758164983164984,0.9749037999037999,0.9744635934969522,0.9733333333333333
6.616195099695688e-05,0.15864524245262146,0.9776683501683503,0.9762926887926889,0.9760596908731007,0.975
3.786822206564011e-05,0.15832537412643433,0.9776683501683503,0.9762926887926889,0.9760596908731007,0.975
2.1509528262223892e-05,0.15237554907798767,0.9789646464646465,0.9778078403078404,0.9776952339792321,0.9766666666666667
3.651161922372618e-05,0.1543906182050705,0.9710954785954787,0.9693482443482443,0.9685140722405255,0.9683333333333333
3.886103657180229e-05,0.15161627531051636,0.9765836940836942,0.9764189514189514,0.9756885450160214,0.975
2.9996434832924024e-05,0.15192022919654846,0.9765836940836942,0.9764189514189514,0.9756885450160214,0.975
1.4636317762513803e-05,0.15017543733119965,0.9789646464646465,0.9778078403078404,0.9776952339792321,0.9766666666666667
2.87367903458365e-05,0.14956489205360413,0.9765836940836942,0.9764189514189514,0.9756885450160214,0.975
1.9060770910073188e-05,0.15052445232868195,0.9765836940836942,0.9764189514189514,0.9756885450160214,0.975
4.653652590036472e-05,0.150238499045372,0.9772979797979798,0.975724506974507,0.975706929885665,0.9750000000000001
2.6036103785524272e-05,0.15042275190353394,0.9765836940836942,0.9764189514189514,0.9756885450160214,0.975
2.1344026004991672e-05,0.15542057156562805,0.9742845117845119,0.9729467291967292,0.9726195218877708,0.9716666666666666
1.860280834857046e-05,0.14913925528526306,0.9789646464646465,0.9778078403078404,0.9776952339792321,0.9766666666666667
4.3408275838411704e-05,0.14939306676387787,0.9737554112554113,0.9729467291967292,0.9722089303007087,0.9716666666666666
1.8965602118707164e-05,0.15256370604038239,0.9769961519961522,0.9736411736411736,0.9741917379165086,0.9733333333333335
2.2886594126229436e-05,0.15396559238433838,0.9748400673400673,0.9728204665704664,0.9725800761577882,0.9716666666666666
1.8223424968747775e-05,0.15031354129314423,0.9761363636363637,0.9743356180856181,0.9742156192639194,0.9733333333333335
9.26514464557234e-06,0.15557140111923218,0.9748400673400673,0.9728204665704664,0.9725800761577882,0.9716666666666666
3.7997365976612706e-05,0.15105848014354706,0.9749170274170275,0.9743356180856182,0.9737002409224541,0.9733333333333332
8.320013645146673e-06,0.14805281162261963,0.9765836940836942,0.9764189514189514,0.9756885450160214,0.975
1.5967885452994324e-05,0.15132352709770203,0.9781577681577683,0.9750300625300626,0.975683048538254,0.9750000000000001
1.857479420882176e-05,0.14980298280715942,0.9781577681577683,0.9750300625300626,0.975683048538254,0.9750000000000001
1.8101334354980736e-05,0.14863497018814087,0.9761363636363637,0.9743356180856181,0.9742156192639194,0.9733333333333335
9.376406616468103e-06,0.14560770988464355,0.9749170274170275,0.9743356180856182,0.9737002409224541,0.9733333333333332
2.2878646594411595e-05,0.15138055384159088,0.9761363636363637,0.9743356180856181,0.9742156192639194,0.9733333333333335
1.2188553752660406e-05,0.15176177024841309,0.9748400673400673,0.9728204665704664,0.9725800761577882,0.9716666666666666
9.336272765854877e-06,0.1448400914669037,0.9772979797979798,0.975724506974507,0.975706929885665,0.9750000000000001
1.601696006758857e-05,0.1466681808233261,0.9749170274170275,0.9743356180856182,0.9737002409224541,0.9733333333333332
4.108448913816195e-05,0.14252951741218567,0.9772979797979798,0.975724506974507,0.975706929885665,0.9750000000000001
1.588543261850835e-05,0.14454054832458496,0.9791895141895143,0.9765452140452142,0.9770498915717637,0.9766666666666667
1.4704863107321367e-05,0.15034076571464539,0.9729882154882156,0.9714315776815776,0.9709839787816396,0.9699999999999999
0.00011089125850105575,0.14547330141067505,0.9781461593961595,0.9758313445813447,0.9759346420983698,0.975
3.2319029391677155e-05,0.1415395885705948,0.9779924242424243,0.9765257890257891,0.9764921688451325,0.975
1.1003613423099523e-05,0.14236271381378174,0.9788522126022127,0.9758313445813447,0.9764682874977217,0.975
0.00012072344583202721,0.15150445699691772,0.9762432012432014,0.9743356180856181,0.9743221362668558,0.9733333333333333
3.749291038938433e-05,0.14400964975357056,0.9780950530950533,0.975724506974507,0.9759182336430045,0.9750000000000001
9.6253551973291e-06,0.14393262565135956,0.9761363636363637,0.9743356180856181,0.9742156192639194,0.9733333333333335
1.3066728892378402e-05,0.14454896748065948,0.9758044733044734,0.9737674362674363,0.9735231473433772,0.9733333333333335
5.389650628018217e-06,0.14820560812950134,0.9731992544492546,0.9708633958633959,0.9704766091151652,0.9699999999999999
1.4364918137961999e-05,0.14190666377544403,0.9803030303030303,0.9791967291967292,0.9791820125197863,0.9783333333333334
1.270949840185646e-05,0.1397651880979538,0.9800394975394976,0.9791967291967292,0.9790878644613765,0.9783333333333332
5.321433060601066e-05,0.14712867140769958,0.9797617197617199,0.9778078403078404,0.9779065377365717,0.9766666666666667
4.539887045496016e-05,0.14993776381015778,0.9750511063011064,0.9722522847522846,0.9720727064913137,0.9716666666666667
3.0815203510078014e-05,0.14503765106201172,0.977009795759796,0.9736411736411736,0.9737753208703986,0.9733333333333335
1.2549757760401311e-05,0.1425015926361084,0.9758718133718135,0.9743356180856181,0.9739469191912978,0.9733333333333335
1.2458364082590379e-05,0.15154987573623657,0.9758718133718135,0.9743356180856181,0.9739469191912978,0.9733333333333335
1.3798077619734764e-05,0.14771389961242676,0.9726563251563253,0.9708633958633959,0.9702915068610974,0.9699999999999999
5.894700706221556e-06,0.14420531690120697,0.9775384800384801,0.9764189514189514,0.9759352232848649,0.9750000000000001
7.257461478597331e-06,0.1451168656349182,0.9778030303030304,0.9764189514189514,0.9762039233574865,0.9750000000000001
1.2366572673746154e-05,0.1441194713115692,0.9789646464646465,0.9778078403078404,0.9776952339792321,0.9766666666666667
1.336554682633088e-05,0.14586800336837769,0.9764668664668665,0.9736411736411736,0.9735902186163309,0.9733333333333335
1.885334675814458e-05,0.14407604932785034,0.9794971694971696,0.9778078403078404,0.97763783766395,0.9766666666666667
1.0135968365669138e-05,0.1420278549194336,0.9803030303030303,0.9791967291967292,0.9791820125197863,0.9783333333333334
1.5251438108284296e-05,0.1393783986568451,0.9818913493913494,0.9805856180856182,0.980683961837525,0.9800000000000001
1.4774600688364595e-05,0.14229336380958557,0.9822617197617198,0.9805856180856182,0.9808846268988715,0.98
5.772312506498641e-06,0.14229705929756165,0.983850038850039,0.981974506974507,0.9823865762166101,0.9816666666666668
8.317033523515724e-06,0.14166326820850372,0.9790714840714841,0.9778078403078404,0.9778017509821685,0.9766666666666667
3.5593907057318575e-06,0.14234212040901184,0.9758718133718135,0.9743356180856181,0.9739469191912978,0.9733333333333335
9.601911063583657e-06,0.14515194296836853,0.9759786509786511,0.9743356180856181,0.9740534361942342,0.9733333333333333
7.28130335284997e-06,0.1453070044517517,0.977830502830503,0.975724506974507,0.9756495335703828,0.9750000000000001
1.1871059470536238e-05,0.1387607902288437,0.9818913493913494,0.9805856180856182,0.980683961837525,0.9800000000000001
4.961490607987192e-06,0.14068108797073364,0.9818913493913494,0.9805856180856182,0.980683961837525,0.9800000000000001
2.190192502619463e-05,0.1385437250137329,0.9829230954230955,0.9821007696007696,0.9820508048710347,0.9816666666666668
9.726484525648024e-06,0.1469314992427826,0.9750511063011064,0.9722522847522846,0.9720727064913137,0.9716666666666667
7.338523865030311e-06,0.13823866844177246,0.9758718133718135,0.9743356180856181,0.9739469191912978,0.9733333333333335
1.1414487959863587e-05,0.1405578851699829,0.9818913493913494,0.9805856180856182,0.980683961837525,0.9800000000000001
6.72638424722057e-06,0.14317777752876282,0.9818913493913494,0.9805856180856182,0.980683961837525,0.9800000000000001
1.333594294905538e-05,0.139706090092659,0.9799963924963926,0.9793229918229919,0.9790620770127417,0.9783333333333334
5.257527076215259e-06,0.14116252958774567,0.9819550819550821,0.9807118807118808,0.9807646913918268,0.98
5.0735473896187005e-06,0.1450784057378769,0.9748400673400673,0.9728204665704664,0.9725800761577882,0.9716666666666666
4.609425900525821e-06,0.1450270712375641,0.977830502830503,0.975724506974507,0.9756495335703828,0.9750000000000001
3.6364794245476637e-06,0.1388559639453888,0.9813347763347764,0.9807118807118806,0.980548855553296,0.98
9.299119237008805e-06,0.14236316084861755,0.9789646464646465,0.9778078403078404,0.9776952339792321,0.9766666666666667
2.80419986016985e-06,0.14271888136863708,0.9819550819550821,0.9807118807118808,0.9807646913918268,0.98
5.29011091791413e-06,0.1424180567264557,0.9740199615199616,0.9729467291967292,0.9723508218151493,0.9716666666666666
9.069442773087152e-06,0.1438075751066208,0.9758718133718135,0.9743356180856181,0.9739469191912978,0.9733333333333335
4.512270261140354e-06,0.14125750958919525,0.9819550819550821,0.9807118807118808,0.9807646913918268,0.98
2.591411276379555e-06,0.13736498355865479,0.9829230954230955,0.9821007696007696,0.9820508048710347,0.9816666666666668
5.56210672542079e-06,0.14026053249835968,0.9819550819550821,0.9807118807118808,0.9807646913918268,0.98
5.473891813304969e-06,0.14256876707077026,0.9758718133718135,0.9743356180856181,0.9739469191912978,0.9733333333333335
3.5512447809082914e-06,0.14385607838630676,0.9818913493913494,0.9805856180856182,0.980683961837525,0.9800000000000001
2.9959281621453706e-06,0.14294840395450592,0.977830502830503,0.975724506974507,0.9756495335703828,0.9750000000000001
3.639857003060835e-06,0.14597438275814056,0.9783734321234322,0.975724506974507,0.9758346358244504,0.9750000000000001
6.950100241690886e-06,0.14067897200584412,0.9789646464646465,0.9778078403078404,0.9776952339792321,0.9766666666666667
8.136113662260414e-05,0.15304499864578247,0.9811628186628187,0.9785022847522847,0.9791581311723756,0.9783333333333334
3.9970875077936325e-06,0.14576756954193115,0.9792566692566694,0.977113395863396,0.9774095442647499,0.9766666666666667
4.507501950949215e-06,0.147281676530838,0.9780950530950533,0.975724506974507,0.9759182336430045,0.9750000000000001
7.015665315653526e-06,0.14940866827964783,0.9780950530950533,0.975724506974507,0.9759182336430045,0.9750000000000001
5.633632284229861e-06,0.1533833146095276,0.9753679653679654,0.9715578403078403,0.9718637228898351,0.9716666666666667
3.875692654512856e-06,0.14280804991722107,0.9822617197617198,0.9805856180856182,0.9808846268988715,0.98
4.288156837617407e-06,0.14510470628738403,0.983850038850039,0.981974506974507,0.9823865762166101,0.9816666666666668
1.6897121730844827e-05,0.14184755086898804,0.980923335923336,0.9791967291967293,0.9793978483583171,0.9783333333333334
3.6386648775514154e-06,0.14612692594528198,0.977830502830503,0.975724506974507,0.9756495335703828,0.9750000000000001
7.770657608337691e-06,0.1495799422264099,0.9811628186628187,0.9785022847522847,0.9791581311723756,0.9783333333333334
4.983941710297775e-06,0.1459386944770813,0.9767987567987569,0.9742093554593554,0.9742826905368731,0.9733333333333333
3.019372634582851e-06,0.14579886198043823,0.9780950530950533,0.975724506974507,0.9759182336430045,0.9750000000000001
2.161463090880981e-06,0.14493612945079803,0.9780950530950533,0.975724506974507,0.9759182336430045,0.9750000000000001
5.042751556771918e-06,0.1406501680612564,0.983850038850039,0.981974506974507,0.9823865762166101,0.9816666666666668
3.973841697776e-06,0.1442456692457199,0.9822617197617198,0.9805856180856182,0.9808846268988715,0.98
5.009174369519087e-06,0.14401113986968994,0.9749469049469051,0.9728204665704666,0.9726865931607245,0.9716666666666667
1.3319055256033607e-05,0.14420244097709656,0.9822617197617198,0.9805856180856182,0.9808846268988715,0.98
3.2321612420579036e-06,0.14429056644439697,0.983850038850039,0.981974506974507,0.9823865762166101,0.9816666666666668
1.165052215412743e-05,0.14665894210338593,0.9767987567987569,0.9742093554593554,0.9742826905368731,0.9733333333333333
5.24580480565362e-06,0.1424107551574707,0.9822617197617198,0.9805856180856182,0.9808846268988715,0.98
3.135005674614888e-06,0.1459815502166748,0.980923335923336,0.9791967291967293,0.9793978483583171,0.9783333333333334
6.4400830955454085e-06,0.14755886793136597,0.9749469049469051,0.9728204665704666,0.9726865931607245,0.9716666666666667
2.7358531949535823e-06,0.14660213887691498,0.9767987567987569,0.9742093554593554,0.9742826905368731,0.9733333333333333
3.767013502908867e-06,0.14916785061359406,0.9767987567987569,0.9742093554593554,0.9742826905368731,0.9733333333333333
2.3814042435787997e-06,0.1471930742263794,0.9767987567987569,0.9742093554593554,0.9742826905368731,0.9733333333333333
7.39475092004227e-06,0.14727070927619934,0.9822617197617198,0.9805856180856182,0.9808846268988715,0.98
4.108746850306488e-06,0.1434650421142578,0.9819981869981871,0.9805856180856182,0.9807904788404614,0.9800000000000001
6.012320547199579e-06,0.14193080365657806,0.9791267991267992,0.9772396584896584,0.9772850766765141,0.9766666666666667
3.5778681066744866e-06,0.14199399948120117,0.9792566692566694,0.977113395863396,0.9774095442647499,0.9766666666666667
3.4173329387006865e-06,0.1462392657995224,0.9792566692566694,0.977113395863396,0.9774095442647499,0.9766666666666667
3.6086638803093742e-06,0.14435261487960815,0.983850038850039,0.981974506974507,0.9823865762166101,0.9816666666666668
8.167425711747e-06,0.14135435223579407,0.980923335923336,0.9791967291967293,0.9793978483583171,0.9783333333333334
2.505183235967934e-06,0.1430346667766571,0.9811628186628187,0.9785022847522847,0.9791581311723756,0.9783333333333334
2.280275000525004e-06,0.1451176553964615,0.9767987567987569,0.9742093554593554,0.9742826905368731,0.9733333333333333
2.115567510211728e-06,0.14558708667755127,0.9792566692566694,0.977113395863396,0.9774095442647499,0.9766666666666667
5.659858463384164e-06,0.14370310306549072,0.9792566692566694,0.977113395863396,0.9774095442647499,0.9766666666666667
2.8751293648099363e-06,0.13660255074501038,0.983850038850039,0.981974506974507,0.9823865762166101,0.9816666666666668
3.9156277793495065e-06,0.1397881805896759,0.9822617197617198,0.9805856180856182,0.9808846268988715,0.98
2.216696761555189e-06,0.1437302827835083,0.9792566692566694,0.977113395863396,0.9774095442647499,0.9766666666666667
5.999406250604504e-06,0.14413988590240479,0.9792566692566694,0.977113395863396,0.9774095442647499,0.9766666666666667
5.543033341955568e-06,0.1428404450416565,0.980923335923336,0.9791967291967293,0.9793978483583171,0.9783333333333334
4.445711740667472e-06,0.13767078518867493,0.983850038850039,0.981974506974507,0.9823865762166101,0.9816666666666668
3.1059980252952832e-06,0.13820944726467133,0.983850038850039,0.981974506974507,0.9823865762166101,0.9816666666666668
5.013744088936771e-06,0.14278674125671387,0.980923335923336,0.9791967291967293,0.9793978483583171,0.9783333333333334
5.098581337866411e-06,0.14193086326122284,0.9822617197617198,0.9805856180856182,0.9808846268988715,0.98
2.5129317968719533e-06,0.1392429918050766,0.9822617197617198,0.9805856180856182,0.9808846268988715,0.98
5.609393166257822e-06,0.14280018210411072,0.9802884152884154,0.9786285473785474,0.9787763872982596,0.9783333333333334
2.24490960457994e-06,0.1417878121137619,0.9822617197617198,0.9805856180856182,0.9808846268988715,0.98
4.391868956214277e-06,0.15030835568904877,0.9792566692566694,0.977113395863396,0.9774095442647499,0.9766666666666667
4.629492800963438e-06,0.1484607458114624,0.9780950530950533,0.975724506974507,0.9759182336430045,0.9750000000000001
4.232327173762466e-06,0.14417195320129395,0.980409867909868,0.9791967291967292,0.9792885295227228,0.9783333333333334
2.764860810522407e-06,0.13958685100078583,0.9822617197617198,0.9805856180856182,0.9808846268988715,0.98
3.476142923138544e-06,0.14531931281089783,0.980409867909868,0.9791967291967292,0.9792885295227228,0.9783333333333334
8.533795793870999e-06,0.14238467812538147,0.9822617197617198,0.9805856180856182,0.9808846268988715,0.98
4.300475128005132e-06,0.14182376861572266,0.9792566692566694,0.977113395863396,0.9774095442647499,0.9766666666666667
2.1102031186141326e-06,0.14460808038711548,0.9792566692566694,0.977113395863396,0.9774095442647499,0.9766666666666667
1.9860466439425295e-05,0.15015879273414612,0.9774048174048175,0.975724506974507,0.9758134468886013,0.975
3.515879336409474e-06,0.14231650531291962,0.9792566692566694,0.977113395863396,0.9774095442647499,0.9766666666666667
3.4099817464531648e-06,0.14436370134353638,0.9762432012432014,0.9743356180856181,0.9743221362668558,0.9733333333333333
3.4675996118949115e-06,0.14644259214401245,0.9774048174048175,0.975724506974507,0.9758134468886013,0.975
3.4916401171850944e-06,0.1412777304649353,0.980409867909868,0.9791967291967292,0.9792885295227228,0.9783333333333334
7.2121619669000365e-06,0.1444920152425766,0.9774048174048175,0.975724506974507,0.9758134468886013,0.975
8.945266126640187e-06,0.1408124715089798,0.9822617197617198,0.9805856180856182,0.9808846268988715,0.98
2.7072430045886145e-06,0.14491486549377441,0.9822617197617198,0.9805856180856182,0.9808846268988715,0.98
2.5749206547705703e-06,0.14411865174770355,0.980409867909868,0.9791967291967292,0.9792885295227228,0.9783333333333334
3.620783466828925e-06,0.13963697850704193,0.980409867909868,0.9791967291967292,0.9792885295227228,0.9783333333333334
1.5385945602020001e-06,0.14284050464630127,0.980409867909868,0.9791967291967292,0.9792885295227228,0.9783333333333334
3.7574767794978925e-06,0.14136356115341187,0.980409867909868,0.9791967291967292,0.9792885295227228,0.9783333333333334
3.082156183609186e-06,0.14802639186382294,0.9762432012432014,0.9743356180856181,0.9743221362668558,0.9733333333333333
2.678036696697935e-06,0.1448034644126892,0.9774048174048175,0.975724506974507,0.9758134468886013,0.975
3.22441260477054e-06,0.14410272240638733,0.980409867909868,0.9791967291967292,0.9792885295227228,0.9783333333333334
3.709793077177892e-06,0.14533603191375732,0.9774048174048175,0.975724506974507,0.9758134468886013,0.975
3.9559602056371546e-06,0.14709977805614471,0.9774048174048175,0.975724506974507,0.9758134468886013,0.975
3.835161516955547e-06,0.14182931184768677,0.9822617197617198,0.9805856180856182,0.9808846268988715,0.98
3.9569537229056095e-06,0.14168059825897217,0.9774048174048175,0.975724506974507,0.9758134468886013,0.975
3.1491120466853317e-06,0.14294856786727905,0.9792566692566694,0.977113395863396,0.9774095442647499,0.9766666666666667
2.349416416080885e-06,0.1471298784017563,0.9774048174048175,0.975724506974507,0.9758134468886013,0.975
1.95542969727569e-06,0.14342042803764343,0.9774048174048175,0.975724506974507,0.9758134468886013,0.975
5.715688179937691e-06,0.14695541560649872,0.9749469049469051,0.9728204665704666,0.9726865931607245,0.9716666666666667
4.129608495162529e-06,0.1440814882516861,0.9822617197617198,0.9805856180856182,0.9808846268988715,0.98
4.9547353775381e-06,0.1380143165588379,0.9822617197617198,0.9805856180856182,0.9808846268988715,0.98
2.7491648909953406e-06,0.14164714515209198,0.980409867909868,0.9791967291967292,0.9792885295227228,0.9783333333333334
4.395246514595404e-06,0.1389135718345642,0.9822617197617198,0.9805856180856182,0.9808846268988715,0.98
4.549026454488588e-06,0.1450723111629486,0.9774048174048175,0.975724506974507,0.9758134468886013,0.975
4.0449698606911016e-06,0.14040368795394897,0.9805950530950532,0.9785022847522847,0.9788963228053041,0.9783333333333334
2.9782454475935083e-06,0.14075399935245514,0.9822617197617198,0.9805856180856182,0.9808846268988715,0.98
1.071691506204786e-05,0.1420375406742096,0.980409867909868,0.9791967291967292,0.9792885295227228,0.9783333333333334
1.7364819786536145e-06,0.1403992623090744,0.9787432012432014,0.9771133958633959,0.9773002254291555,0.9766666666666666
2.2172927944078918e-05,0.14133313298225403,0.9822617197617198,0.9805856180856182,0.9808846268988715,0.98
3.143151616313844e-06,0.1412716507911682,0.980409867909868,0.9791967291967292,0.9792885295227228,0.9783333333333334
2.9776493128963466e-06,0.14616750180721283,0.9774048174048175,0.975724506974507,0.9758134468886013,0.975
2.577702206352228e-06,0.14293958246707916,0.980409867909868,0.9791967291967292,0.9792885295227228,0.9783333333333334
2.305110324248479e-06,0.14636683464050293,0.9774048174048175,0.975724506974507,0.9758134468886013,0.975
3.100832283683038e-06,0.1434725672006607,0.9805950530950532,0.9785022847522847,0.9788963228053041,0.9783333333333334
4.522005747039278e-06,0.14180274307727814,0.9822617197617198,0.9805856180856182,0.9808846268988715,0.98
2.6092926243374373e-06,0.14246909320354462,0.9822617197617198,0.9805856180856182,0.9808846268988715,0.98
3.8097302219597395e-06,0.1433308720588684,0.9822617197617198,0.9805856180856182,0.9808846268988715,0.98
2.707044292430775e-06,0.14470338821411133,0.9787432012432014,0.9771133958633959,0.9773002254291555,0.9766666666666666
4.648764931521517e-06,0.14028123021125793,0.9822617197617198,0.9805856180856182,0.9808846268988715,0.98
3.744562493560958e-06,0.14224499464035034,0.980409867909868,0.9791967291967292,0.9792885295227228,0.9783333333333334
8.975664410826312e-06,0.14103522896766663,0.980409867909868,0.9791967291967292,0.9792885295227228,0.9783333333333334
1.9754966279113737e-06,0.14304499328136444,0.980409867909868,0.9791967291967292,0.9792885295227228,0.9783333333333334
1.912911712883177e-06,0.14055465161800385,0.980117845117845,0.9791967291967292,0.9791877458072533,0.9783333333333334
2.467433604399124e-06,0.13799235224723816,0.9822617197617198,0.9805856180856182,0.9808846268988715,0.98
3.4075975430999015e-06,0.1414823830127716,0.9819981869981871,0.9805856180856182,0.9807904788404614,0.9800000000000001
