training_loss,validation_loss,precision,recall,f1,accuracy
0.6717387363314629,4.327850341796875,0.7663750144730748,0.46865921932098403,0.492402820086524,0.4633333333333334
0.1864613297705849,0.5545219779014587,0.8428074867026106,0.8186017713223596,0.8019084826058324,0.8150000000000001
0.04593290066501746,1.6686657667160034,0.7860383838342114,0.6276382876382876,0.613018735590717,0.63
0.027412556218526635,0.19881045818328857,0.9464870509607352,0.9316889591889591,0.931556968978717,0.9349999999999999
0.11072712927125394,1.9446001052856445,0.6982186702186702,0.6139310226810226,0.5923077984502813,0.6116666666666667
0.2391949286684394,0.2909391224384308,0.928651750296487,0.9130109405844701,0.9134473925141567,0.9133333333333334
0.02200396900298074,0.09415324777364731,0.9672424797424798,0.9656132756132757,0.9646031626825796,0.965
0.014346671576883333,0.08684339374303818,0.9801469363969364,0.9800565175565176,0.9793909421622549,0.9783333333333334
0.011684590465544412,0.2554773688316345,0.9565567765567765,0.9340616790616791,0.936031753749285,0.9366666666666665
0.012130278310602685,0.13559292256832123,0.9710095024800908,0.9678920153920155,0.9674577660546264,0.9666666666666667
0.02291892416906194,0.9236757755279541,0.8484045597648538,0.8177711966682555,0.8003884730561639,0.8183333333333334
0.018672741115248453,1.063800573348999,0.8643508698762322,0.8369442131942133,0.8151064648213228,0.8383333333333333
0.012062362783278028,0.1136416345834732,0.967427294927295,0.9649897787397786,0.9648760608590252,0.9649999999999999
0.0014679266096209176,0.06653739511966705,0.9775990213490213,0.9766173641173642,0.9763889696707259,0.9766666666666666
0.0008466215970959942,0.07136717438697815,0.9780619843119843,0.9775102212602212,0.9769250258440368,0.9766666666666666
0.00034301688477474573,0.07996998727321625,0.975934620934621,0.9738065175565177,0.9738565887634515,0.9733333333333333
0.00046739061296345125,0.07700406759977341,0.9808403633403633,0.9789321789321789,0.9786854522368161,0.9783333333333332
0.0002635256457021266,0.07475034147500992,0.9808403633403633,0.9789321789321789,0.9786854522368161,0.9783333333333332
0.00020170569337096822,0.076020747423172,0.9790726865726866,0.9770803270803271,0.9770688200767058,0.9766666666666666
0.00018987218481925083,0.07391342520713806,0.9820308395308395,0.9807840307840308,0.9802831283442962,0.9799999999999999
0.00016612728654763487,0.0791112408041954,0.9819767269767269,0.9803210678210678,0.9801243756322614,0.9799999999999999
0.0004791967091174835,0.10016918182373047,0.9762013912013913,0.9739117364117363,0.9735966039082654,0.9733333333333333
0.00022957623165590726,0.10659532248973846,0.9766730954230954,0.9755188792688793,0.9751468283373877,0.975
0.0009249673187999482,0.17880460619926453,0.9652043327043328,0.9573749398749398,0.9576545766777502,0.9583333333333334
0.0003157151755506978,0.10682975500822067,0.980476837976838,0.9785954785954786,0.9784270364711541,0.9783333333333334
0.0002110369961580242,0.10372385382652283,0.9759235209235211,0.9741762866762866,0.9739552709533528,0.9733333333333333
0.002380538383173795,0.22851398587226868,0.9535326479076479,0.9467157842157841,0.9451170060361007,0.9466666666666667
0.0010276486426240201,0.11436101049184799,0.9704968642468642,0.9691047378547378,0.9694981130059989,0.9699999999999999
0.0008171478760914397,0.09812983125448227,0.9731626244126246,0.971386483886484,0.9716334745580272,0.9716666666666667
0.00020198206023754514,0.09461458772420883,0.9737680375180376,0.9739327801827802,0.9734872776861941,0.9733333333333333
0.022288527373802935,0.8850120306015015,0.917021340587517,0.8859646535381828,0.8735777457796781,0.8883333333333333
0.006398650385866252,0.1095447987318039,0.9734003034003034,0.972034632034632,0.9716586751459323,0.9716666666666667
0.0013375757010483842,0.11731322854757309,0.9709634809634812,0.9697466884966887,0.9682693387569773,0.9683333333333333
0.000277554394112182,0.0916653573513031,0.9736842786842788,0.9742694805194806,0.97361272275516,0.9733333333333333
0.00021341263982321834,0.1045161783695221,0.9702920227920228,0.9706709956709957,0.970057627254648,0.9699999999999999
0.0002769691764115123,0.0963316559791565,0.9763159525659525,0.9756583694083694,0.9753792475615399,0.975
9.42299757298315e-05,0.0969465896487236,0.9775064287564287,0.9775102212602212,0.9769769236690199,0.9766666666666666
9.234487959020043e-05,0.09389888495206833,0.9775064287564287,0.9775102212602212,0.9769769236690199,0.9766666666666666
7.643520905276091e-05,0.09469197690486908,0.9775064287564287,0.9775102212602212,0.9769769236690199,0.9766666666666666
5.3993265112239897e-05,0.09180831164121628,0.9775064287564287,0.9775102212602212,0.9769769236690199,0.9766666666666666
5.0312082104634705e-05,0.09344947338104248,0.9775064287564287,0.9775102212602212,0.9769769236690199,0.9766666666666666
7.312675309852541e-05,0.09782037138938904,0.9733041495541496,0.9726160413660413,0.9721668394098734,0.9716666666666667
0.00019106149560836153,0.09456472098827362,0.9744641007141007,0.9738065175565175,0.9734320798055487,0.9733333333333333
4.898806442573308e-05,0.09286630153656006,0.9775064287564287,0.9775102212602212,0.9769769236690199,0.9766666666666666
9.323100084657199e-05,0.0959029495716095,0.9775064287564287,0.9775102212602212,0.9769769236690199,0.9766666666666666
5.4938793103550175e-05,0.09151503443717957,0.9775064287564287,0.9775102212602212,0.9769769236690199,0.9766666666666666
4.3198863465931936e-05,0.09269847720861435,0.9775064287564287,0.9775102212602212,0.9769769236690199,0.9766666666666666
6.748298695432216e-05,0.091471366584301,0.9756545769045769,0.9756583694083694,0.9750297559130287,0.975
5.5517951561038594e-05,0.09512480348348618,0.9775064287564287,0.9775102212602212,0.9769769236690199,0.9766666666666666
4.218777026684014e-05,0.09173016250133514,0.9775064287564287,0.9775102212602212,0.9769769236690199,0.9766666666666666
0.0003410234014230203,0.10357608646154404,0.9803447478447479,0.9788991101491101,0.9789213893017007,0.9783333333333334
4.913190984249619e-05,0.100536048412323,0.9759013209013209,0.9758567821067822,0.9753409103264848,0.975
4.2585730777015364e-05,0.10086740553379059,0.9739426314426315,0.9744678932178932,0.9736382959473998,0.9733333333333333
4.265666080982555e-05,0.09981302917003632,0.9780762293262293,0.9770472582972584,0.9769745082100827,0.9766666666666666
3.9643247722172724e-05,0.09835724532604218,0.9739426314426315,0.9744678932178932,0.9736382959473998,0.9733333333333333
0.00011903027685396712,0.09872296452522278,0.9744641007141007,0.9738065175565175,0.9734320798055487,0.9733333333333333
4.3121973684871286e-05,0.0972585380077362,0.9750339012839012,0.9733435545935545,0.9733071153270036,0.9733333333333333
3.628909600668825e-05,0.0950310230255127,0.9749270636770637,0.9738065175565175,0.97355166870391,0.9733333333333333
5.457520550559517e-05,0.08859327435493469,0.9796486846486846,0.9795935545935546,0.9789886475620536,0.9783333333333334
3.32719089518226e-05,0.08966106176376343,0.9773801661301661,0.9777417027417027,0.9770417664704357,0.9766666666666667
2.6711821476510522e-05,0.08908618986606598,0.9774948199948201,0.9775102212602212,0.9768735627636782,0.9766666666666666
2.614279575633797e-05,0.09017239511013031,0.9788953176453177,0.9789321789321789,0.9784527012147038,0.9783333333333334
2.763013014828175e-05,0.0894455835223198,0.9802842065342067,0.9807840307840308,0.980157731052726,0.98
3.0149618510222354e-05,0.09070956707000732,0.9769172031672032,0.9777417027417027,0.9767996285524666,0.9766666666666667
3.734906457945423e-05,0.08844804018735886,0.978769055019055,0.9795935545935546,0.9787467963084578,0.9783333333333334
1.9894838430900563e-05,0.0895695835351944,0.9810375735375735,0.9814454064454065,0.9806936774000757,0.98
2.4464527541567804e-05,0.08999556303024292,0.9810375735375735,0.9814454064454065,0.9806936774000757,0.98
2.0679632674121724e-05,0.08940976113080978,0.978769055019055,0.9795935545935546,0.9787467963084578,0.9783333333333334
3.800412057823147e-05,0.09038528054952621,0.9770781533281534,0.9777417027417027,0.9768904261070323,0.9766666666666666
2.720157284367512e-05,0.09307794272899628,0.9780167055167054,0.9786345598845599,0.9774266591187554,0.9766666666666666
1.9735892692551715e-05,0.09063604474067688,0.9769172031672032,0.9777417027417027,0.9767996285524666,0.9766666666666667
2.3776491701710256e-05,0.09205609560012817,0.9784323546823548,0.9789321789321789,0.9782105632967347,0.9783333333333334
1.3910929330525809e-05,0.0904262587428093,0.9769172031672032,0.9777417027417027,0.9767996285524666,0.9766666666666667
2.564569330350726e-05,0.0909716784954071,0.9790215802715804,0.9787006974506974,0.978387858413288,0.9783333333333332
1.5232960369833867e-05,0.09073235839605331,0.9784323546823548,0.9789321789321789,0.9782105632967347,0.9783333333333334
2.691507334399527e-05,0.09189897775650024,0.978769055019055,0.9795935545935546,0.9787467963084578,0.9783333333333334
3.386716099385012e-05,0.09057685732841492,0.9759796684796685,0.9763197450697451,0.9754626280194101,0.975
2.067089093316099e-05,0.09132315218448639,0.9759796684796685,0.9763197450697451,0.9754626280194101,0.975
1.8082857034566285e-05,0.09037256240844727,0.978769055019055,0.9795935545935546,0.9787467963084578,0.9783333333333334
1.5036861062374859e-05,0.09000200033187866,0.9796955821955823,0.9791636604136604,0.978560054945246,0.9783333333333334
2.1323164389741578e-05,0.08918663114309311,0.9770434657934658,0.9775102212602212,0.9768625445840526,0.9766666666666667
1.6912023075595545e-05,0.08717354387044907,0.9802842065342067,0.9807840307840308,0.980157731052726,0.98
1.773993196252377e-05,0.09103132784366608,0.9769172031672032,0.9777417027417027,0.9767996285524666,0.9766666666666667
2.164602263595346e-05,0.09051431715488434,0.978769055019055,0.9795935545935546,0.9787467963084578,0.9783333333333334
1.9656022516301164e-05,0.08969786018133163,0.982996262996263,0.9828342953342953,0.9823962917791608,0.9816666666666666
1.808206218356645e-05,0.09158723056316376,0.9769172031672032,0.9777417027417027,0.9767996285524666,0.9766666666666667
1.7157793270901795e-05,0.08978185057640076,0.9784323546823548,0.9789321789321789,0.9782105632967347,0.9783333333333334
1.5043616144794214e-05,0.09077917039394379,0.978769055019055,0.9795935545935546,0.9787467963084578,0.9783333333333334
1.0535319641273114e-05,0.08854188024997711,0.9802842065342067,0.9807840307840308,0.980157731052726,0.98
1.30786498194387e-05,0.09056093543767929,0.978769055019055,0.9795935545935546,0.9787467963084578,0.9783333333333334
8.246242906769415e-05,0.10699137300252914,0.976851666851667,0.975321669071669,0.9749255293401321,0.975
1.5202561916301724e-05,0.10144418478012085,0.978432955932956,0.9770803270803271,0.976790182305808,0.9766666666666666
1.6265114178774336e-05,0.10098038613796234,0.9769178044178043,0.9758898508898509,0.9753792475615399,0.975
1.4865000859269154e-05,0.100966677069664,0.9769178044178043,0.9758898508898509,0.9753792475615399,0.975
3.812074584175207e-05,0.0993773341178894,0.978432955932956,0.9770803270803271,0.976790182305808,0.9766666666666666
1.2918710732871356e-05,0.10189535468816757,0.9757578532578531,0.9746993746993747,0.9741140071658648,0.9733333333333333
5.610863453853199e-05,0.09854097664356232,0.9778311040811042,0.9768488455988455,0.976790182305808,0.9766666666666666
1.3146797973225452e-05,0.09960993379354477,0.9799144374144375,0.9789321789321789,0.9787645831772678,0.9783333333333332
1.4367500961990723e-05,0.10185959935188293,0.9785255485255485,0.9770803270803271,0.9769370043196378,0.9766666666666666
2.2138158461378527e-05,0.10630406439304352,0.9798371073371074,0.9785954785954786,0.9781483987002564,0.9783333333333334
2.1806756440885994e-05,0.10155906528234482,0.9770103970103969,0.9758898508898509,0.9755260695753697,0.975
1.0033051168534257e-05,0.10517057031393051,0.9770440670440671,0.9752284752284752,0.9749626034481781,0.975
1.51648124718425e-05,0.10151150077581406,0.9799144374144375,0.9789321789321789,0.9787645831772678,0.9783333333333332
2.254486085462304e-05,0.10416257381439209,0.978432955932956,0.9770803270803271,0.976790182305808,0.9766666666666666
1.564025870000781e-05,0.10321437567472458,0.9783992858992859,0.9777417027417027,0.9773536484329997,0.9766666666666666
1.259764032113253e-05,0.10128586739301682,0.9799144374144375,0.9789321789321789,0.9787645831772678,0.9783333333333332
1.017888389280112e-05,0.10400282591581345,0.9799144374144375,0.9789321789321789,0.9787645831772678,0.9783333333333332
9.701649313835029e-06,0.09967891871929169,0.9785255485255485,0.9770803270803271,0.9769370043196378,0.9766666666666666
2.194305254003363e-05,0.10494231432676315,0.978432955932956,0.9770803270803271,0.976790182305808,0.9766666666666666
1.0187029886310484e-05,0.10460473597049713,0.9799144374144375,0.9789321789321789,0.9787645831772678,0.9783333333333332
1.0375181763796112e-05,0.09872806072235107,0.9799144374144375,0.9789321789321789,0.9787645831772678,0.9783333333333332
1.154502233665274e-05,0.10298658907413483,0.9799144374144375,0.9789321789321789,0.9787645831772678,0.9783333333333332
1.3830860448630725e-05,0.1055045872926712,0.9769178044178043,0.9758898508898509,0.9753792475615399,0.975
1.0700821851135819e-05,0.09802292287349701,0.9799144374144375,0.9789321789321789,0.9787645831772678,0.9783333333333332
1.2500882149879544e-05,0.09852736443281174,0.9799144374144375,0.9789321789321789,0.9787645831772678,0.9783333333333332
1.3811588388534801e-05,0.10597865283489227,0.9799144374144375,0.9789321789321789,0.9787645831772678,0.9783333333333332
9.799997044979136e-06,0.09805317968130112,0.9790215802715804,0.9787006974506974,0.978387858413288,0.9783333333333332
9.310444208191862e-06,0.10278772562742233,0.9799144374144375,0.9789321789321789,0.9787645831772678,0.9783333333333332
1.0001659267307636e-05,0.10282918065786362,0.9783992858992859,0.9777417027417027,0.9773536484329997,0.9766666666666666
9.121696242194352e-06,0.10402029007673264,0.981873126873127,0.9803210678210678,0.9804671975563527,0.98
4.927376923073249e-05,0.10683717578649521,0.978432955932956,0.9770803270803271,0.976790182305808,0.9766666666666666
1.9674697971557482e-05,0.10477208346128464,0.9799144374144375,0.9789321789321789,0.9787645831772678,0.9783333333333332
9.43521652156202e-06,0.1001916229724884,0.9790215802715804,0.9787006974506974,0.978387858413288,0.9783333333333332
8.407036564979839e-06,0.10476931929588318,0.9799144374144375,0.9789321789321789,0.9787645831772678,0.9783333333333332
9.61760675958582e-06,0.10593435168266296,0.9799144374144375,0.9789321789321789,0.9787645831772678,0.9783333333333332
1.612842066833764e-05,0.1101989597082138,0.978432955932956,0.9770803270803271,0.976790182305808,0.9766666666666666
2.3206273894516016e-05,0.09969627112150192,0.9809802697302699,0.9800895863395863,0.980090472792373,0.9799999999999999
1.643796752640962e-05,0.10547851026058197,0.9783992858992859,0.9777417027417027,0.9773536484329997,0.9766666666666666
1.5291969115575437e-05,0.1059192642569542,0.9799144374144375,0.9789321789321789,0.9787645831772678,0.9783333333333332
6.030201902262888e-06,0.1010853499174118,0.9830636030636031,0.9821729196729195,0.9820648736638327,0.9816666666666666
1.311600210603577e-05,0.10865606367588043,0.9772730047730048,0.9758898508898509,0.975524941910133,0.975
8.407831179132094e-06,0.10353623330593109,0.9803579753579754,0.9791305916305916,0.9790562628120846,0.9783333333333334
1.3624429816635105e-05,0.10009466111660004,0.9830636030636031,0.9821729196729195,0.9820648736638327,0.9816666666666666
1.0118087137319284e-05,0.10569541156291962,0.9799144374144375,0.9789321789321789,0.9787645831772678,0.9783333333333332
9.522835388982761e-06,0.10450217127799988,0.9799144374144375,0.9789321789321789,0.9787645831772678,0.9783333333333332
1.0577837476451654e-05,0.10654135793447495,0.981873126873127,0.9803210678210678,0.9804671975563527,0.98
1.8327633540593524e-05,0.11040311306715012,0.978432955932956,0.9770803270803271,0.976790182305808,0.9766666666666666
2.438982298258452e-05,0.10558132827281952,0.9777165427165427,0.9760882635882635,0.9758166215449497,0.975
9.22203064135374e-06,0.11036187410354614,0.9755474155474158,0.9738065175565175,0.9736406901857277,0.9733333333333333
9.571512597024897e-06,0.10703390836715698,0.9777165427165427,0.9760882635882635,0.9758166215449497,0.975
1.8958250052492076e-05,0.11321744322776794,0.9757578532578531,0.9746993746993747,0.9741140071658648,0.9733333333333333
2.133687299021858e-05,0.10791170597076416,0.9755890405890405,0.9741311928811928,0.973577333789038,0.9733333333333333
1.5447536862704208e-05,0.10193933546543121,0.9767073667073669,0.9749969937469937,0.9749059305814028,0.975
2.5996168181071273e-05,0.09531141817569733,0.9781888481888483,0.9768488455988455,0.9768803314528626,0.9766666666666666
1.0777314623548287e-05,0.09651409089565277,0.9781888481888483,0.9768488455988455,0.9768803314528626,0.9766666666666666
7.674892728459781e-06,0.09969326108694077,0.9770288970288972,0.9753216690716692,0.9752934331542601,0.975
7.683237366033305e-06,0.0993419885635376,0.9767073667073669,0.9749969937469937,0.9749059305814028,0.975
1.113514136837542e-05,0.09717626869678497,0.9767073667073669,0.9749969937469937,0.9749059305814028,0.975
9.301900841289049e-06,0.10151892155408859,0.9799144374144375,0.9789321789321789,0.9787645831772678,0.9783333333333332
1.133918760369094e-05,0.0975780338048935,0.9781888481888483,0.9768488455988455,0.9768803314528626,0.9766666666666666
2.363622196336716e-05,0.09415900707244873,0.9793793243793245,0.9787006974506974,0.9784780075603425,0.9783333333333332
1.5465219921869295e-05,0.10116766393184662,0.9781888481888483,0.9768488455988455,0.9768803314528626,0.9766666666666666
6.91254930273999e-06,0.09963961690664291,0.9781888481888483,0.9768488455988455,0.9768803314528626,0.9766666666666666
5.690058098177057e-06,0.09982573986053467,0.9799144374144375,0.9789321789321789,0.9787645831772678,0.9783333333333332
7.5225036795245614e-06,0.09969581663608551,0.9781888481888483,0.9768488455988455,0.9768803314528626,0.9766666666666666
1.7878413274274862e-05,0.10434554517269135,0.978432955932956,0.9770803270803271,0.976790182305808,0.9766666666666666
5.293885910380898e-06,0.1015370786190033,0.9799144374144375,0.9789321789321789,0.9787645831772678,0.9783333333333332
9.906887918020857e-06,0.10144402831792831,0.9781888481888483,0.9768488455988455,0.9768803314528626,0.9766666666666666
2.7203559682220657e-05,0.10035622119903564,0.9767073667073669,0.9749969937469937,0.9749059305814028,0.975
7.126529988947065e-06,0.11108565330505371,0.9788297813297814,0.9774050024050024,0.9768725202577113,0.9766666666666666
8.336504241886663e-06,0.10105572640895844,0.9781888481888483,0.9768488455988455,0.9768803314528626,0.9766666666666666
0.006481509646967254,0.2724793255329132,0.959203889792125,0.9442494542494543,0.946291383017563,0.9433333333333334
0.03709200309026528,0.5466476678848267,0.929730217394691,0.9082615995115995,0.9100339266634178,0.9066666666666667
0.025633414596086368,0.15509796142578125,0.9548956598956599,0.954613025863026,0.9515963994934843,0.9516666666666667
0.004770423450281669,0.08527502417564392,0.9716873404373404,0.9721614959114958,0.970629714447321,0.9699999999999999
0.006148954968618152,0.10928647220134735,0.9689612702112703,0.9681788119288118,0.967491741706327,0.9683333333333333
0.007272319467422979,0.3553943634033203,0.9411532984559301,0.9254118566618567,0.9254755693174811,0.9249999999999999
0.006347965135015936,0.11882492154836655,0.9661957024457025,0.9661351611351611,0.9651623738555357,0.965
0.008076954393345659,0.13236361742019653,0.9509766622266621,0.9511471861471862,0.9485742264885936,0.9500000000000001
0.0018726827656792011,0.11791051924228668,0.9707824582824581,0.9697318422318423,0.9675591902040616,0.9683333333333334
0.00046785533231741283,0.07247607409954071,0.9817032042032041,0.9810834535834535,0.9806639644478968,0.9800000000000001
8.408665625362725e-05,0.07252901792526245,0.9803395678395678,0.9777501202501201,0.9780226389118344,0.9783333333333332
0.00012432933044692618,0.07586222887039185,0.9817032042032041,0.9810834535834535,0.9806639644478968,0.9800000000000001
0.0001654505715199169,0.07887434959411621,0.9817032042032041,0.9810834535834535,0.9806639644478968,0.9800000000000001
6.0106118894509564e-05,0.08396871387958527,0.9817032042032041,0.9810834535834535,0.9806639644478968,0.9800000000000001
6.726483544146807e-05,0.07979367673397064,0.9817032042032041,0.9810834535834535,0.9806639644478968,0.9800000000000001
8.462846259741734e-05,0.08003755658864975,0.9796661671661671,0.9792316017316017,0.9787089134216383,0.9783333333333332
6.232917326087772e-05,0.0814879983663559,0.9817032042032041,0.9810834535834535,0.9806639644478968,0.9800000000000001
5.592286591612113e-05,0.08142778277397156,0.9817032042032041,0.9810834535834535,0.9806639644478968,0.9800000000000001
3.481467539738029e-05,0.08120878785848618,0.9817032042032041,0.9810834535834535,0.9806639644478968,0.9800000000000001
4.802385952492235e-05,0.08205478638410568,0.9817032042032041,0.9810834535834535,0.9806639644478968,0.9800000000000001
3.38244439888058e-05,0.08211185783147812,0.9817032042032041,0.9810834535834535,0.9806639644478968,0.9800000000000001
3.22953859874057e-05,0.07952604442834854,0.9817032042032041,0.9810834535834535,0.9806639644478968,0.9800000000000001
2.1208325999092874e-05,0.08019116520881653,0.9817032042032041,0.9810834535834535,0.9806639644478968,0.9800000000000001
2.677400897255211e-05,0.07833616435527802,0.9817032042032041,0.9810834535834535,0.9806639644478968,0.9800000000000001
3.89575965111059e-05,0.08133077621459961,0.983555056055056,0.9824723424723424,0.982368994285919,0.9816666666666668
4.3787559803831755e-05,0.08054395765066147,0.983555056055056,0.9824723424723424,0.982368994285919,0.9816666666666668
4.022975823166538e-05,0.08409880101680756,0.9817032042032041,0.9810834535834535,0.9806639644478968,0.9800000000000001
2.1253824068404963e-05,0.0822782889008522,0.983555056055056,0.9824723424723424,0.982368994285919,0.9816666666666668
2.7636289663253894e-05,0.08194797486066818,0.983555056055056,0.9824723424723424,0.982368994285919,0.9816666666666668
2.282023426876852e-05,0.0830603837966919,0.9817032042032041,0.9810834535834535,0.9806639644478968,0.9800000000000001
2.23962465781824e-05,0.08187995851039886,0.983555056055056,0.9824723424723424,0.982368994285919,0.9816666666666668
4.2929252515477856e-05,0.08184375613927841,0.983555056055056,0.9824723424723424,0.982368994285919,0.9816666666666668
3.896494711360295e-05,0.08506479114294052,0.983555056055056,0.9824723424723424,0.982368994285919,0.9816666666666668
2.7258793617572035e-05,0.08468186855316162,0.9817032042032041,0.9810834535834535,0.9806639644478968,0.9800000000000001
1.652320219136527e-05,0.08166620135307312,0.983555056055056,0.9824723424723424,0.982368994285919,0.9816666666666668
1.6901890338279674e-05,0.08509713411331177,0.983555056055056,0.9824723424723424,0.982368994285919,0.9816666666666668
5.6551099390844684e-05,0.08274631202220917,0.9808614533614534,0.9794420394420394,0.9792208461377708,0.9783333333333334
2.240260460458406e-05,0.08267414569854736,0.983555056055056,0.9824723424723424,0.982368994285919,0.9816666666666668
1.6115108920189414e-05,0.08437873423099518,0.9820735745735746,0.9809571909571909,0.9807956163967516,0.98
1.3831655290156656e-05,0.08307187259197235,0.9828784178784177,0.9827501202501202,0.9822054086380824,0.9816666666666668
2.6641488062750796e-05,0.08329810202121735,0.9813969363969363,0.9807587782587782,0.9804196050978929,0.98
9.511907876458281e-06,0.082079216837883,0.9828784178784177,0.9827501202501202,0.9822054086380824,0.9816666666666668
8.969306885357279e-06,0.08572610467672348,0.9820735745735746,0.9809571909571909,0.9807956163967516,0.98
1.7548799258785646e-05,0.0849328339099884,0.982036667036667,0.9806325156325157,0.9805498646769343,0.98
1.2424190771298527e-05,0.08603470772504807,0.9808614533614534,0.9794420394420394,0.9792208461377708,0.9783333333333334
1.5733241800338266e-05,0.08465048670768738,0.9828784178784177,0.9827501202501202,0.9822054086380824,0.9816666666666668
3.708263263509556e-05,0.08424713462591171,0.9832487882487881,0.9821476671476672,0.9821246349359151,0.9816666666666666
3.2531817519535856e-05,0.08649484813213348,0.9820735745735746,0.9809571909571909,0.9807956163967516,0.98
1.651187736229076e-05,0.08553823828697205,0.9832487882487881,0.9821476671476672,0.9821246349359151,0.9816666666666666
1.334091021239677e-05,0.08195653557777405,0.983555056055056,0.9824723424723424,0.982368994285919,0.9816666666666668
2.011458118052663e-05,0.08811940252780914,0.9815737040737041,0.9809102934102935,0.9804466655025278,0.98
1.3631780925985973e-05,0.08494512736797333,0.982036667036667,0.9806325156325157,0.9805498646769343,0.98
8.823474236881642e-06,0.08402633666992188,0.9847302697302696,0.9836628186628187,0.9836980128250823,0.9833333333333334
1.3949672431105379e-05,0.08397756516933441,0.9847302697302696,0.9836628186628187,0.9836980128250823,0.9833333333333334
1.4976858982625648e-05,0.08756109327077866,0.9832487882487881,0.9821476671476672,0.9821246349359151,0.9816666666666666
1.4301538319235382e-05,0.08558441698551178,0.9861191586191586,0.9853294853294853,0.9852998434886979,0.985
1.6139547019141293e-05,0.08437361568212509,0.983555056055056,0.9824723424723424,0.982368994285919,0.9816666666666668
1.3247529629722976e-05,0.08223744481801987,0.983555056055056,0.9824723424723424,0.982368994285919,0.9816666666666668
1.0367830602338776e-05,0.08448310196399689,0.9847302697302696,0.9836628186628187,0.9836980128250823,0.9833333333333334
1.36776766339608e-05,0.08465121686458588,0.983555056055056,0.9824723424723424,0.982368994285919,0.9816666666666668
8.380810387601892e-06,0.08476843684911728,0.9832487882487881,0.9821476671476672,0.9821246349359151,0.9816666666666666
1.0461409947500519e-05,0.08523328602313995,0.983555056055056,0.9824723424723424,0.982368994285919,0.9816666666666668
1.285950335727648e-05,0.08625710010528564,0.983555056055056,0.9824723424723424,0.982368994285919,0.9816666666666668
1.2751420342738129e-05,0.08099845051765442,0.9820735745735746,0.9809571909571909,0.9807956163967516,0.98
4.45103635703011e-05,0.0861988291144371,0.983555056055056,0.9824723424723424,0.982368994285919,0.9816666666666668
1.2049476287264346e-05,0.08376037329435349,0.9820735745735746,0.9809571909571909,0.9807956163967516,0.98
1.380662132769809e-05,0.08892747014760971,0.9820735745735746,0.9809571909571909,0.9807956163967516,0.98
1.2974540330408976e-05,0.08742295205593109,0.9808614533614534,0.9794420394420394,0.9792208461377708,0.9783333333333334
8.985996259980311e-06,0.08629658073186874,0.9820735745735746,0.9809571909571909,0.9807956163967516,0.98
8.199214974524693e-06,0.08696657419204712,0.983555056055056,0.9824723424723424,0.982368994285919,0.9816666666666668
1.7408330999539128e-05,0.08556658029556274,0.9847302697302696,0.9836628186628187,0.9836980128250823,0.9833333333333334
1.5907486262752475e-05,0.08422712981700897,0.983555056055056,0.9824723424723424,0.982368994285919,0.9816666666666668
9.484291057996566e-06,0.0862484723329544,0.9808614533614534,0.9794420394420394,0.9792208461377708,0.9783333333333334
1.9190112804305198e-05,0.09166931360960007,0.9820735745735746,0.9809571909571909,0.9807956163967516,0.98
1.0477503167294344e-05,0.08779066056013107,0.9832487882487881,0.9826238576238576,0.9823370605869371,0.9816666666666666
1.708428052893396e-05,0.08216264098882675,0.9832487882487881,0.9821476671476672,0.9821246349359151,0.9816666666666666
1.1085867865764007e-05,0.08595778793096542,0.983555056055056,0.9824723424723424,0.982368994285919,0.9816666666666668
1.0868311036915657e-05,0.08502473682165146,0.9820735745735746,0.9809571909571909,0.9807956163967516,0.98
9.009440740707456e-06,0.08355826139450073,0.9820735745735746,0.9809571909571909,0.9807956163967516,0.98
1.6837517473315227e-05,0.08633803576231003,0.9846376771376771,0.9838143338143338,0.9837264655995307,0.9833333333333333
7.862448735333297e-06,0.08463436365127563,0.983555056055056,0.9824723424723424,0.982368994285919,0.9816666666666668
8.76386964894967e-06,0.08606797456741333,0.982036667036667,0.9806325156325157,0.9805498646769343,0.98
1.5752315382163335e-05,0.08867001533508301,0.9832487882487881,0.9826238576238576,0.9823370605869371,0.9816666666666666
1.761138472507658e-05,0.08999590575695038,0.9826006401006402,0.981962481962482,0.9817714145732722,0.9816666666666666
7.559259771028337e-06,0.08611047267913818,0.9847302697302696,0.9836628186628187,0.9836980128250823,0.9833333333333334
6.9646040969928436e-06,0.08630567789077759,0.9834255559255559,0.9822991822991823,0.9821516953405499,0.9816666666666666
9.075403241354252e-06,0.08675549924373627,0.9832487882487881,0.9821476671476672,0.9821246349359151,0.9816666666666666
7.437865027289566e-06,0.0843958705663681,0.9846376771376771,0.9838143338143338,0.9837264655995307,0.9833333333333333
6.954669946897714e-06,0.08710895478725433,0.982036667036667,0.9806325156325157,0.9805498646769343,0.98
1.1966824504365073e-05,0.08530857414007187,0.9832487882487881,0.9821476671476672,0.9821246349359151,0.9816666666666666
5.156000412398498e-06,0.08311520516872406,0.9820735745735746,0.9809571909571909,0.9807956163967516,0.98
7.274349618076788e-06,0.0850035697221756,0.9846376771376771,0.9838143338143338,0.9837264655995307,0.9833333333333333
1.021126900013769e-05,0.08861564099788666,0.9861191586191586,0.9853294853294853,0.9852998434886979,0.985
1.3400713842296833e-05,0.08522304147481918,0.9832487882487881,0.9821476671476672,0.9821246349359151,0.9816666666666666
8.316636195123314e-06,0.08579768985509872,0.9834255559255559,0.9822991822991823,0.9821516953405499,0.9816666666666666
8.51333129029778e-06,0.08951251953840256,0.982036667036667,0.9806325156325157,0.9805498646769343,0.98
8.305708564175044e-06,0.08924268931150436,0.9813885188885191,0.9804473304473306,0.9801966443142914,0.98
1.0203719182773815e-05,0.08669796586036682,0.982036667036667,0.9806325156325157,0.9805498646769343,0.98
6.159543914918686e-06,0.08422773331403732,0.9832487882487881,0.9821476671476672,0.9821246349359151,0.9816666666666666
7.748206504250751e-06,0.08566804230213165,0.9861191586191586,0.9853294853294853,0.9852998434886979,0.985
9.148915651735479e-06,0.08529352396726608,0.9847302697302696,0.9836628186628187,0.9836980128250823,0.9833333333333334
6.222724986552445e-06,0.08948316425085068,0.9834255559255559,0.9822991822991823,0.9821516953405499,0.9816666666666666
7.447600358053326e-06,0.08326683938503265,0.9846376771376771,0.9838143338143338,0.9837264655995307,0.9833333333333333
8.533596987566247e-06,0.08639629185199738,0.9832487882487881,0.9821476671476672,0.9821246349359151,0.9816666666666666
9.389519727657595e-06,0.08548185229301453,0.9846376771376771,0.9838143338143338,0.9837264655995307,0.9833333333333333
5.587538086141801e-06,0.08424882590770721,0.9861191586191586,0.9853294853294853,0.9852998434886979,0.985
8.245309260246358e-06,0.08745812624692917,0.9820735745735746,0.9809571909571909,0.9807956163967516,0.98
4.643797853513358e-06,0.08784864842891693,0.982036667036667,0.9806325156325157,0.9805498646769343,0.98
5.896886226726868e-06,0.08859306573867798,0.9834255559255559,0.9822991822991823,0.9821516953405499,0.9816666666666666
3.4603277211905e-05,0.08844148367643356,0.9834255559255559,0.9822991822991823,0.9821516953405499,0.9816666666666666
6.698171209980804e-06,0.08591114729642868,0.9832487882487881,0.9826238576238576,0.9823370605869371,0.9816666666666666
2.8863549398276216e-05,0.0864974707365036,0.982036667036667,0.9806325156325157,0.9805498646769343,0.98
5.236268044939152e-06,0.08899261802434921,0.9834255559255559,0.9822991822991823,0.9821516953405499,0.9816666666666666
4.538694996133093e-06,0.08579820394515991,0.9846376771376771,0.9838143338143338,0.9837264655995307,0.9833333333333333
8.33213338561715e-06,0.08934017270803452,0.982036667036667,0.9806325156325157,0.9805498646769343,0.98
1.2806852685306088e-05,0.08557625859975815,0.9847302697302696,0.9836628186628187,0.9836980128250823,0.9833333333333334
2.0888248478456717e-05,0.09036223590373993,0.982036667036667,0.9806325156325157,0.9805498646769343,0.98
3.128250438540666e-06,0.0886612981557846,0.9847302697302696,0.9836628186628187,0.9836980128250823,0.9833333333333334
3.291765843016492e-06,0.08812171220779419,0.982036667036667,0.9806325156325157,0.9805498646769343,0.98
4.289547594756489e-06,0.08982513844966888,0.982036667036667,0.9806325156325157,0.9805498646769343,0.98
7.080435698488448e-06,0.08842014521360397,0.9834255559255559,0.9822991822991823,0.9821516953405499,0.9816666666666666
3.758470176270142e-06,0.08698004484176636,0.9847302697302696,0.9836628186628187,0.9836980128250823,0.9833333333333334
4.5009454131180364e-06,0.08745279908180237,0.9847302697302696,0.9836628186628187,0.9836980128250823,0.9833333333333334
5.861719448792731e-06,0.0883944034576416,0.9832487882487881,0.9821476671476672,0.9821246349359151,0.9816666666666666
4.957715624698267e-06,0.08667944371700287,0.9834255559255559,0.9822991822991823,0.9821516953405499,0.9816666666666666
4.848043090532883e-06,0.08949275314807892,0.982036667036667,0.9806325156325157,0.9805498646769343,0.98
5.673170067055366e-06,0.08879929035902023,0.9846376771376771,0.9838143338143338,0.9837264655995307,0.9833333333333333
4.046161999819257e-06,0.08573462069034576,0.9832487882487881,0.9821476671476672,0.9821246349359151,0.9816666666666666
1.4313658167471507e-05,0.09087862819433212,0.9834255559255559,0.9822991822991823,0.9821516953405499,0.9816666666666666
6.022254697294708e-06,0.0902373194694519,0.982036667036667,0.9806325156325157,0.9805498646769343,0.98
6.865858954559674e-06,0.091683030128479,0.9846376771376771,0.9838143338143338,0.9837264655995307,0.9833333333333333
8.08636364505825e-06,0.09151403605937958,0.9834255559255559,0.9822991822991823,0.9821516953405499,0.9816666666666666
3.7743647827899926e-06,0.0910833403468132,0.982036667036667,0.9806325156325157,0.9805498646769343,0.98
3.903706866500063e-06,0.08921010792255402,0.982036667036667,0.9806325156325157,0.9805498646769343,0.98
5.830526267421495e-06,0.08723832666873932,0.9846376771376771,0.9838143338143338,0.9837264655995307,0.9833333333333333
5.8718522547944e-06,0.08799020946025848,0.982036667036667,0.9806325156325157,0.9805498646769343,0.98
6.342927681165141e-06,0.0865815281867981,0.9832487882487881,0.9821476671476672,0.9821246349359151,0.9816666666666666
5.2915016913364825e-06,0.08952963352203369,0.982036667036667,0.9806325156325157,0.9805498646769343,0.98
7.900198229530512e-06,0.08736611902713776,0.982036667036667,0.9806325156325157,0.9805498646769343,0.98
1.171886934040837e-05,0.08912095427513123,0.9847302697302696,0.9836628186628187,0.9836980128250823,0.9833333333333334
3.8206578120518015e-06,0.09114201366901398,0.982036667036667,0.9806325156325157,0.9805498646769343,0.98
4.961490629303474e-06,0.09137722849845886,0.982036667036667,0.9806325156325157,0.9805498646769343,0.98
3.998080885025956e-06,0.08888810127973557,0.982036667036667,0.9806325156325157,0.9805498646769343,0.98
5.471706430171253e-06,0.0921715721487999,0.982036667036667,0.9806325156325157,0.9805498646769343,0.98
5.786816404433163e-06,0.08846928924322128,0.9834255559255559,0.9822991822991823,0.9821516953405499,0.9816666666666666
5.350609660107845e-05,0.09059792757034302,0.9834255559255559,0.9822991822991823,0.9821516953405499,0.9816666666666666
4.218935851933262e-05,0.08527233451604843,0.9847302697302696,0.9841390091390091,0.9839104384761045,0.9833333333333334
9.767452425772187e-05,0.08878934383392334,0.9855840455840456,0.9850980038480038,0.9850132678717728,0.985
8.78969828240391e-06,0.08894021809101105,0.9847302697302696,0.9841390091390091,0.9839104384761045,0.9833333333333334
1.0725458485201974e-05,0.08909410238265991,0.9847302697302696,0.9841390091390091,0.9839104384761045,0.9833333333333334
4.27663327802937e-06,0.08857759088277817,0.983555056055056,0.9824723424723424,0.982368994285919,0.9816666666666668
3.814895957058677e-06,0.08933974802494049,0.9843935693935694,0.983246151996152,0.9834155917642927,0.9833333333333334
3.99490195945873e-06,0.08992494642734528,0.9830046805046804,0.9820556758056758,0.9820261867516993,0.9816666666666668
2.25766498758162e-05,0.09085562080144882,0.9818294668294668,0.9803890091390092,0.9804847425615137,0.9800000000000001
9.300708711634798e-06,0.08890017122030258,0.9846376771376771,0.9838143338143338,0.9837264655995307,0.9833333333333333
1.2294650275634922e-05,0.09189318865537643,0.983555056055056,0.9824723424723424,0.982368994285919,0.9816666666666668
7.5268745215832196e-06,0.08709826320409775,0.983555056055056,0.9824723424723424,0.982368994285919,0.9816666666666668
7.943709634380033e-06,0.08891008794307709,0.9818294668294668,0.9803890091390092,0.9804847425615137,0.9800000000000001
7.2391827714568535e-06,0.08971305936574936,0.9861191586191586,0.9853294853294853,0.9852998434886979,0.985
3.5744905796756634e-06,0.08761855214834213,0.9861191586191586,0.9853294853294853,0.9852998434886979,0.985
5.3133567021745876e-06,0.08650284260511398,0.9830046805046804,0.9820556758056758,0.9820261867516993,0.9816666666666668
3.942847262313383e-06,0.08571569621562958,0.9859207459207457,0.985990860990861,0.9855081145835846,0.985
4.3569008643847456e-06,0.08525426685810089,0.9847302697302696,0.9841390091390091,0.9839104384761045,0.9833333333333334
2.5239189843280958e-05,0.0925324410200119,0.983555056055056,0.9824723424723424,0.982368994285919,0.9816666666666668
5.859931377472094e-06,0.08695827424526215,0.983555056055056,0.9824723424723424,0.982368994285919,0.9816666666666668
8.535186204028378e-06,0.08678002655506134,0.9861191586191586,0.9853294853294853,0.9852998434886979,0.985
5.337397343652128e-06,0.089420847594738,0.9861191586191586,0.9853294853294853,0.9852998434886979,0.985
8.825063834668375e-06,0.09112855046987534,0.9861191586191586,0.9853294853294853,0.9852998434886979,0.985
3.5031636590095636e-06,0.08542536199092865,0.9847302697302696,0.9836628186628187,0.9836980128250823,0.9833333333333334
2.7461846473878873e-06,0.08596744388341904,0.9861191586191586,0.9853294853294853,0.9852998434886979,0.985
1.4129479708913095e-05,0.08547861874103546,0.9847302697302696,0.9841390091390091,0.9839104384761045,0.9833333333333334
6.857713006051351e-06,0.08701431006193161,0.9820735745735746,0.9809571909571909,0.9807956163967516,0.98
3.739794053103651e-06,0.08832769095897675,0.983555056055056,0.9824723424723424,0.982368994285919,0.9816666666666668
5.616744334228467e-06,0.08793630450963974,0.982036667036667,0.9811087061087062,0.9807622903279564,0.98
7.521907619434387e-06,0.08651785552501678,0.9820735745735746,0.9809571909571909,0.9807956163967516,0.98
2.603332234230038e-06,0.08591575920581818,0.9847302697302696,0.9841390091390091,0.9839104384761045,0.9833333333333334
3.574093154175747e-06,0.08580448478460312,0.9832487882487881,0.9821476671476672,0.9821246349359151,0.9816666666666666
5.640586133874119e-06,0.08323153853416443,0.9847302697302696,0.9836628186628187,0.9836980128250823,0.9833333333333334
4.875461232956013e-06,0.08732883632183075,0.9832487882487881,0.9821476671476672,0.9821246349359151,0.9816666666666666
2.742409707915764e-06,0.08566155284643173,0.983555056055056,0.9824723424723424,0.982368994285919,0.9816666666666668
7.061163491547025e-06,0.08492551743984222,0.9861191586191586,0.9853294853294853,0.9852998434886979,0.985
4.457434050901081e-06,0.0881182998418808,0.982036667036667,0.9811087061087062,0.9807622903279564,0.98
3.309051190096094e-06,0.08510074019432068,0.9847302697302696,0.9836628186628187,0.9836980128250823,0.9833333333333334
3.829201016714023e-06,0.0918961763381958,0.9834255559255559,0.9822991822991823,0.9821516953405499,0.9816666666666666
5.885362546346566e-06,0.0848308801651001,0.983555056055056,0.9824723424723424,0.982368994285919,0.9816666666666668
3.293355308168581e-06,0.08745193481445312,0.9861191586191586,0.9853294853294853,0.9852998434886979,0.985
3.3915042886671167e-06,0.08853164315223694,0.9832487882487881,0.9821476671476672,0.9821246349359151,0.9816666666666666
4.070003820781191e-06,0.08530088514089584,0.9861191586191586,0.9853294853294853,0.9852998434886979,0.985
5.932648927379584e-06,0.0846770629286766,0.983555056055056,0.9824723424723424,0.982368994285919,0.9816666666666668
5.474686638251569e-06,0.09031865000724792,0.9832487882487881,0.9821476671476672,0.9821246349359151,0.9816666666666666
5.578398745598179e-06,0.08560648560523987,0.9847302697302696,0.9836628186628187,0.9836980128250823,0.9833333333333334
5.879402140844074e-06,0.08743505924940109,0.9861191586191586,0.9853294853294853,0.9852998434886979,0.985
5.314946099825117e-06,0.08742927014827728,0.9846376771376771,0.9838143338143338,0.9837264655995307,0.9833333333333333
7.601777687919291e-06,0.08788764476776123,0.982036667036667,0.9806325156325157,0.9805498646769343,0.98
5.068580276675523e-06,0.08718879520893097,0.9820735745735746,0.9809571909571909,0.9807956163967516,0.98
2.42650510173803e-06,0.08747607469558716,0.982036667036667,0.9806325156325157,0.9805498646769343,0.98
4.544456842836553e-06,0.08554469048976898,0.9832487882487881,0.9821476671476672,0.9821246349359151,0.9816666666666666
3.0755996860420964e-06,0.08708587288856506,0.9808614533614534,0.9794420394420394,0.9792208461377708,0.9783333333333334
1.0618964561596536e-05,0.08684992045164108,0.9820735745735746,0.9809571909571909,0.9807956163967516,0.98
3.0134121900005084e-06,0.09050428122282028,0.982036667036667,0.9806325156325157,0.9805498646769343,0.98
4.553397447537577e-06,0.08892332017421722,0.982036667036667,0.9806325156325157,0.9805498646769343,0.98
3.4431616361037718e-06,0.09007501602172852,0.9834255559255559,0.9822991822991823,0.9821516953405499,0.9816666666666666
2.69611673786585e-06,0.09008842706680298,0.982036667036667,0.9806325156325157,0.9805498646769343,0.98
3.0338764058039183e-06,0.08858653157949448,0.9846376771376771,0.9838143338143338,0.9837264655995307,0.9833333333333333
3.2021601962621085e-06,0.09087987244129181,0.9832487882487881,0.9821476671476672,0.9821246349359151,0.9816666666666666
4.622936175498656e-06,0.08663158863782883,0.9846376771376771,0.9838143338143338,0.9837264655995307,0.9833333333333333
3.2317638402427442e-06,0.08683368563652039,0.983555056055056,0.9824723424723424,0.982368994285919,0.9816666666666668
6.253520715186293e-06,0.08433948457241058,0.9820519295519295,0.9812938912938912,0.9808185222452509,0.98
4.020134525717367e-06,0.08766739070415497,0.9834255559255559,0.9822991822991823,0.9821516953405499,0.9816666666666666
2.1296739713960733e-06,0.08408530056476593,0.9847302697302696,0.9836628186628187,0.9836980128250823,0.9833333333333334
8.40226804695495e-06,0.08637119829654694,0.9846376771376771,0.9838143338143338,0.9837264655995307,0.9833333333333333
2.2910038760907505e-06,0.09091790020465851,0.982036667036667,0.9806325156325157,0.9805498646769343,0.98
4.3612719113165594e-06,0.08911523222923279,0.983555056055056,0.9824723424723424,0.982368994285919,0.9816666666666668
2.232591337284854e-06,0.08731858432292938,0.9820735745735746,0.9809571909571909,0.9807956163967516,0.98
2.532402694062815e-06,0.08828803896903992,0.9832487882487881,0.9821476671476672,0.9821246349359151,0.9816666666666666
6.965398664959821e-06,0.08623264729976654,0.9832487882487881,0.9821476671476672,0.9821246349359151,0.9816666666666666
4.15444373658147e-06,0.0833827555179596,0.983555056055056,0.9824723424723424,0.982368994285919,0.9816666666666668
7.756153858432905e-06,0.08916030824184418,0.9834255559255559,0.9822991822991823,0.9821516953405499,0.9816666666666666
2.3742516634210156e-06,0.08594253659248352,0.982036667036667,0.9806325156325157,0.9805498646769343,0.98
2.639293684936206e-06,0.0851476639509201,0.983555056055056,0.9824723424723424,0.982368994285919,0.9816666666666668
4.800359435582398e-06,0.08579238504171371,0.9846376771376771,0.9838143338143338,0.9837264655995307,0.9833333333333333
2.168814386749318e-06,0.0871843695640564,0.9808614533614534,0.9794420394420394,0.9792208461377708,0.9783333333333334
2.7672449813091284e-06,0.08828102797269821,0.983555056055056,0.9824723424723424,0.982368994285919,0.9816666666666668
3.918806703140376e-06,0.09283581376075745,0.9832487882487881,0.9821476671476672,0.9821246349359151,0.9816666666666666
2.3810069293972447e-06,0.08911171555519104,0.982036667036667,0.9806325156325157,0.9805498646769343,0.98
1.093347877538046e-05,0.0834721028804779,0.9846376771376771,0.9838143338143338,0.9837264655995307,0.9833333333333333
4.083911550859891e-06,0.08315125107765198,0.9846376771376771,0.9838143338143338,0.9837264655995307,0.9833333333333333
4.2283535239088605e-06,0.08330996334552765,0.9820735745735746,0.9809571909571909,0.9807956163967516,0.98
4.002849300614268e-06,0.08443103730678558,0.9847302697302696,0.9836628186628187,0.9836980128250823,0.9833333333333334
4.352331176941486e-06,0.08607916533946991,0.983555056055056,0.9824723424723424,0.982368994285919,0.9816666666666668
3.7582715061527474e-06,0.082029327750206,0.9832487882487881,0.9821476671476672,0.9821246349359151,0.9816666666666666
3.3358732665078605e-06,0.08473572134971619,0.9846376771376771,0.9838143338143338,0.9837264655995307,0.9833333333333333
2.3120641697479036e-06,0.08390858769416809,0.9832487882487881,0.9821476671476672,0.9821246349359151,0.9816666666666666
3.4606456642549688e-06,0.08558516204357147,0.9861191586191586,0.9853294853294853,0.9852998434886979,0.985
3.7284692690301804e-06,0.08416612446308136,0.9832487882487881,0.9821476671476672,0.9821246349359151,0.9816666666666666
1.7333030939425953e-06,0.08522670716047287,0.9832487882487881,0.9821476671476672,0.9821246349359151,0.9816666666666666
2.095500654775151e-06,0.08462005853652954,0.9820735745735746,0.9809571909571909,0.9807956163967516,0.98
2.9230118213282217e-06,0.08389127254486084,0.9832487882487881,0.9821476671476672,0.9821246349359151,0.9816666666666666
2.3110707682387024e-06,0.08234734833240509,0.9844392644392643,0.9839995189995191,0.9837223110433951,0.9833333333333333
