training_loss,validation_loss,precision,recall,f1,accuracy
0.37260662391781807,1.7370737791061401,0.817307212245618,0.7125386568768922,0.7070952499358905,0.7083333333333334
0.1372829219326377,1.0279128551483154,0.7814543845387498,0.7809458134458135,0.750313656634135,0.7816666666666666
0.09526654441530506,0.5082733631134033,0.9012233191644956,0.8693582207552795,0.8677522538701533,0.8683333333333333
0.08686920977197587,0.39521512389183044,0.9065902153402153,0.8909416210151503,0.8846866077126769,0.89
0.07602098359105487,0.5146734118461609,0.931053768762102,0.8921349483849484,0.8879600171495405,0.8916666666666667
0.033068491369097806,0.2011498510837555,0.9507099382099383,0.9477218614718614,0.9472257674695291,0.9466666666666664
0.016173425426435035,0.30755615234375,0.9386249715197085,0.9308567821067822,0.9289805041170186,0.9316666666666666
0.017254391733634595,0.20234465599060059,0.9580872368372368,0.9533632108632109,0.9527676683956643,0.9516666666666665
0.024605127313407138,0.2655501961708069,0.9444267075517075,0.9398508898508898,0.9362506283768228,0.9383333333333334
0.012385610539543753,0.347186416387558,0.9267834697981757,0.912916527916528,0.9043608998726622,0.91
0.019129808713235736,0.5089283585548401,0.8863172469228969,0.8661829075064369,0.8464428491917789,0.8650000000000001
0.05410707259822326,0.5419479608535767,0.9109874439286205,0.8885873277049748,0.8862603231461857,0.8883333333333333
0.05257269268622622,0.4567752778530121,0.9048740203151967,0.8923952762923352,0.8860599802752898,0.8900000000000001
0.07833356464592119,2.168257236480713,0.845994339945577,0.7266578247460601,0.7185630805463634,0.7266666666666667
0.06488718074009132,0.6230063438415527,0.8986240563988243,0.8551320901320901,0.8455170153440396,0.8550000000000001
0.040626636104813464,0.6545827388763428,0.901485367845662,0.8558012521247815,0.8435778228450533,0.85
0.019372493465198204,0.3167358338832855,0.945253750878751,0.9402429052429052,0.9378265723468867,0.9383333333333334
0.012590596818578584,0.15557818114757538,0.9536949794844533,0.9516420153920156,0.9505825837700587,0.9516666666666665
0.0065587926874286495,0.12022550404071808,0.9705726680726682,0.9684818422318422,0.9681488398601626,0.9683333333333333
0.0020267338453171155,0.09852679073810577,0.9759718522218522,0.9752405002405001,0.9741871923016746,0.9749999999999998
0.001992404178357295,0.10532931983470917,0.9755840455840455,0.9736682299182301,0.9732188442260906,0.9733333333333333
0.0006820402559242211,0.10739022493362427,0.9757814407814407,0.9731451418951419,0.9733234497629885,0.9733333333333332
0.0005290778553899145,0.10829310119152069,0.9759113109113109,0.9728204665704666,0.9730232045791326,0.9733333333333332
0.00047134428859862965,0.09588658809661865,0.9746697284197284,0.9722522847522846,0.9726508070821221,0.9733333333333332
0.0002693086859532438,0.09111802279949188,0.9771703296703298,0.9746602934102935,0.9749317597536514,0.975
0.00020858983468012107,0.09324919432401657,0.9771703296703298,0.9746602934102935,0.9749317597536514,0.975
0.00039023816922660143,0.09965136647224426,0.9804567654567654,0.9780393217893218,0.9785331600232986,0.9783333333333334
0.0001466914013690257,0.09629970043897629,0.9799938024938025,0.9777026214526215,0.9781806857002361,0.9783333333333334
0.000414941302248432,0.08861752599477768,0.9803052503052503,0.9780393217893218,0.9783774677623431,0.9783333333333332
0.0002927790052732841,0.10086502879858017,0.9799938024938025,0.9782245069745069,0.9785031537416096,0.9783333333333332
0.00018471598590015978,0.09602145850658417,0.9804567654567654,0.9780393217893218,0.9785331600232986,0.9783333333333334
9.494543079805832e-05,0.09501918405294418,0.9767530617530618,0.9745208032708033,0.9747147905702541,0.975
0.00012324651053556104,0.09576350450515747,0.9799938024938025,0.9777026214526215,0.9781806857002361,0.9783333333333334
0.00010208904579182369,0.09143750369548798,0.9799938024938025,0.9777026214526215,0.9781806857002361,0.9783333333333334
0.00011201123364420103,0.09245391190052032,0.9781419506419508,0.9760359547859548,0.9763231005609171,0.9766666666666666
8.931239335652208e-05,0.08977585285902023,0.9799938024938025,0.9777026214526215,0.9781806857002361,0.9783333333333334
0.0001328965026914375,0.0895010232925415,0.9772160247160248,0.9761874699374701,0.9758718833914338,0.9766666666666666
9.090324192584376e-05,0.08965496718883514,0.9781419506419508,0.9760359547859548,0.9763231005609171,0.9766666666666666
6.76184889319605e-05,0.08673769235610962,0.9799938024938025,0.9777026214526215,0.9781806857002361,0.9783333333333334
6.677448694366224e-05,0.08928980678319931,0.9799938024938025,0.9777026214526215,0.9781806857002361,0.9783333333333334
6.908317421524164e-05,0.08786755800247192,0.9799938024938025,0.9777026214526215,0.9781806857002361,0.9783333333333334
6.0546398420531965e-05,0.09175964444875717,0.9772160247160248,0.9761874699374701,0.9758718833914338,0.9766666666666666
0.00020720481787369258,0.08482399582862854,0.976535224035224,0.9747539035039036,0.9748646824358321,0.975
5.937675678069354e-05,0.08459489047527313,0.9799938024938025,0.9777026214526215,0.9781806857002361,0.9783333333333334
7.187465750272774e-05,0.08552506566047668,0.9772160247160248,0.9761874699374701,0.9758718833914338,0.9766666666666666
4.860699171634527e-05,0.08590724319219589,0.9799938024938025,0.9777026214526215,0.9781806857002361,0.9783333333333334
6.347616507203686e-05,0.08490309119224548,0.9799938024938025,0.9777026214526215,0.9781806857002361,0.9783333333333334
0.00010991712542818277,0.09032757580280304,0.9772160247160248,0.9761874699374701,0.9758718833914338,0.9766666666666666
6.673435465624304e-05,0.0883314311504364,0.9786049136049136,0.9761874699374701,0.9765723757095731,0.9766666666666666
7.517039837997193e-05,0.08558449149131775,0.9799938024938025,0.9777026214526215,0.9781806857002361,0.9783333333333334
8.089423124602035e-05,0.08729203790426254,0.9799938024938025,0.9777026214526215,0.9781806857002361,0.9783333333333334
7.618824683201335e-05,0.08484479039907455,0.9799938024938025,0.9777026214526215,0.9781806857002361,0.9783333333333334
5.7780147206661546e-05,0.08964312076568604,0.9772160247160248,0.9761874699374701,0.9758718833914338,0.9766666666666666
3.976623251370862e-05,0.0889522135257721,0.9799938024938025,0.9777026214526215,0.9781806857002361,0.9783333333333334
4.556298229848229e-05,0.08728151768445969,0.9799938024938025,0.9777026214526215,0.9781806857002361,0.9783333333333334
3.873447599289648e-05,0.08823176473379135,0.9772160247160248,0.9761874699374701,0.9758718833914338,0.9766666666666666
5.7428876781765816e-05,0.08866890519857407,0.9772160247160248,0.9761874699374701,0.9758718833914338,0.9766666666666666
4.8444072073531665e-05,0.08921831846237183,0.9772160247160248,0.9761874699374701,0.9758718833914338,0.9766666666666666
3.6203265191640334e-05,0.08854274451732635,0.9772160247160248,0.9761874699374701,0.9758718833914338,0.9766666666666666
3.440360167890807e-05,0.0869830772280693,0.9799938024938025,0.9777026214526215,0.9781806857002361,0.9783333333333334
3.869851432606689e-05,0.08696518838405609,0.9772160247160248,0.9761874699374701,0.9758718833914338,0.9766666666666666
4.2762955445141415e-05,0.08644238114356995,0.9772160247160248,0.9761874699374701,0.9758718833914338,0.9766666666666666
3.377556834038842e-05,0.08607903122901917,0.9799938024938025,0.9777026214526215,0.9781806857002361,0.9783333333333334
3.435651475077369e-05,0.0857982188463211,0.9772160247160248,0.9761874699374701,0.9758718833914338,0.9766666666666666
2.9938419667511578e-05,0.08342568576335907,0.9799938024938025,0.9777026214526215,0.9781806857002361,0.9783333333333334
3.388245884631639e-05,0.08630065619945526,0.9772160247160248,0.9761874699374701,0.9758718833914338,0.9766666666666666
3.494461414751034e-05,0.08421491086483002,0.9799938024938025,0.9777026214526215,0.9781806857002361,0.9783333333333334
7.303674969231604e-05,0.08868633955717087,0.9786049136049136,0.9761874699374701,0.9765723757095731,0.9766666666666666
0.0009428146651847177,0.13736778497695923,0.9708986846486846,0.9681715969215969,0.9683713221611195,0.9700000000000001
0.26824957794012033,7.1719069480896,0.3638296970934227,0.4327779219690984,0.3517068631810402,0.4316666666666667
0.36673768796026707,2.0750975608825684,0.7684375312032691,0.6988539238539238,0.6686858519079824,0.6983333333333333
0.20982333303739628,0.42041200399398804,0.8764621574818944,0.8648258848994144,0.8615124831312895,0.8633333333333333
0.08724780683405697,0.1999543160200119,0.935358917398391,0.93245411995412,0.9301326632273407,0.9283333333333332
0.038868106921048216,0.2267208993434906,0.9409612609612608,0.941662689162689,0.939417287918474,0.9400000000000001
0.04836009351614242,0.20393744111061096,0.9436984175954763,0.9356570744070744,0.9336771118323536,0.9333333333333335
0.03318887648250287,0.3575633466243744,0.9356084941746707,0.9279953543188837,0.926160273140542,0.9266666666666667
0.04132654977729544,0.29954081773757935,0.9363359325859325,0.9276533814769109,0.925610025267638,0.93
0.017197187490334425,0.1221698448061943,0.9689875402375403,0.9655321067821068,0.9651517076494082,0.965
0.006154047109400078,0.19841083884239197,0.9608263495763496,0.9564243626743626,0.9550176335152538,0.9550000000000001
0.003284855487436289,0.28020963072776794,0.9559413271913272,0.9419589207089207,0.9394106566676995,0.9400000000000001
0.003389294091903139,0.12773911654949188,0.9660444647944648,0.9658772246272246,0.9638402984089115,0.965
0.010563323030510219,0.15474161505699158,0.9638943001443,0.9607172919672919,0.9600918372727051,0.96
0.00807975991241013,0.11408200114965439,0.9627631627631628,0.9638726551226552,0.9611116715302211,0.9633333333333334
0.012059736201384416,0.22617243230342865,0.9443025115722484,0.9417465268935857,0.9397082868320362,0.9400000000000001
0.013916287576042427,0.24028083682060242,0.9386300736300736,0.9391492929728225,0.9353863721749934,0.9366666666666666
0.002825687127672912,0.14557552337646484,0.9589667277167276,0.9581709956709955,0.9565207171328677,0.9583333333333334
0.0011573497401210868,0.12714964151382446,0.9674082399082399,0.9648118085618086,0.96458660617022,0.965
0.000990966339638059,0.10739311575889587,0.9719651182151181,0.9700306637806636,0.9698303297133445,0.9700000000000001
0.0006729636716045206,0.12272502481937408,0.9687580475080475,0.9664321789321789,0.966372700099772,0.9666666666666667
0.0003790175954539639,0.12997281551361084,0.9721503034003033,0.969904401154401,0.9698587824877928,0.9699999999999999
0.0004064839985555106,0.12851259112358093,0.9752058589558591,0.9736411736411736,0.9734902620675926,0.9733333333333332
0.0003611789134083665,0.12421423196792603,0.9777044252044251,0.9756914381914382,0.9755361913707027,0.975
0.0001915828358202513,0.12426674365997314,0.9777044252044251,0.9756914381914382,0.9755361913707027,0.975
0.00035807619148423936,0.1347530484199524,0.979371091871092,0.9770803270803271,0.9771380220343181,0.9766666666666666
0.00017167170881293714,0.1329277604818344,0.9757924482924483,0.9724506974506975,0.972535611634116,0.9716666666666666
0.0006319143445428684,0.13645729422569275,0.9764596514596513,0.9750575350575351,0.974395046608052,0.9733333333333333
0.0006742733795969494,0.14128652215003967,0.9746166333666335,0.9734355459355459,0.9728614710467474,0.9716666666666667
0.0017862622153188568,0.46938857436180115,0.9519039402862931,0.9412937062937062,0.9395846058613836,0.94
0.010811803248240418,0.594746470451355,0.9298334762695714,0.8833915784651079,0.8865657130363515,0.8816666666666667
0.03738304169140368,0.32740849256515503,0.9163669201169203,0.9093977781477781,0.9037253007171763,0.91
0.022793400084386423,0.2111026495695114,0.9477187164687164,0.942051714625244,0.9404995295135129,0.9416666666666668
0.019422490574167266,0.27702009677886963,0.9480860343360344,0.952113812113812,0.9479094108402112,0.9500000000000001
0.03162773014385797,0.2479579895734787,0.9299573737809032,0.9309843098078393,0.9263845929367309,0.9283333333333333
0.02229301189193696,0.7590715885162354,0.8963252432066371,0.8479393917629211,0.8443571941012117,0.8450000000000001
0.024796202919484738,0.30638939142227173,0.9351099132349133,0.9263169863905157,0.9265104617040163,0.9266666666666667
0.06624084458841632,4.066380977630615,0.6828391705266061,0.6371792776939835,0.5969438222770477,0.6333333333333333
0.03151318568173641,0.5657464861869812,0.9335047867652356,0.9041413216413217,0.8973356735289418,0.9033333333333333
0.012963338843595315,0.1236971840262413,0.9696156158656158,0.9689590502090502,0.9682338761929268,0.9683333333333333
0.016242059969954425,0.15122348070144653,0.9644155844155843,0.9643746993746994,0.9619158769374253,0.9633333333333334
0.00350504264497431,0.13071021437644958,0.9683467920967921,0.9661802549302548,0.9658644357882253,0.9666666666666667
0.003326714109183134,0.13453441858291626,0.963697621822622,0.9605331242831242,0.960492617982801,0.9616666666666668
0.0024536801814368423,0.10679563879966736,0.9677469752469753,0.9642436267436266,0.9643503403738952,0.965
0.0013440604131271054,0.10877259075641632,0.9690625115625116,0.9659571909571909,0.9653418361807332,0.9666666666666667
0.0006718854107627218,0.09477528929710388,0.9757965182965184,0.9729347041847042,0.9727073339096154,0.9733333333333333
0.0003144253303920171,0.09037312120199203,0.9757343582343583,0.9726100288600289,0.972623642590292,0.9733333333333333
0.00023821513165482125,0.09536571800708771,0.971647657897658,0.9696939634439635,0.9689965495958899,0.9700000000000001
0.00021761298300286094,0.09815658628940582,0.971647657897658,0.9696939634439635,0.9689965495958899,0.9700000000000001
0.00017434279046331844,0.0976572036743164,0.9734995097495097,0.9715458152958153,0.9709573339096154,0.9716666666666667
0.0003040951530692837,0.09859079122543335,0.9723268398268399,0.9700306637806638,0.9694733115933255,0.9700000000000001
0.00014938304813464734,0.09955233335494995,0.9689808802308802,0.9660954785954786,0.9658057213688299,0.9666666666666665
0.0002558827366101468,0.09156902134418488,0.9753976578976579,0.9722733285233286,0.9722501598638681,0.9733333333333333
9.144485018926692e-05,0.0899791345000267,0.9731311743811744,0.9708844396344397,0.9706743680086644,0.9716666666666666
0.00015504101914605903,0.09039202332496643,0.9731311743811744,0.9708844396344397,0.9706743680086644,0.9716666666666666
9.919007561620674e-05,0.09204331040382385,0.9752771765271765,0.9729347041847042,0.9727882497660844,0.9733333333333333
8.61630840821211e-05,0.0933198556303978,0.9736105098605098,0.9715458152958153,0.9711864191024687,0.9716666666666667
8.186181313855438e-05,0.09098300337791443,0.9749525012025012,0.9727362914862915,0.9724609441775934,0.9733333333333333
9.229361974879187e-05,0.09531067311763763,0.9736105098605098,0.9715458152958153,0.9711864191024687,0.9716666666666667
8.116225383976901e-05,0.09565746784210205,0.9720953583453583,0.969462481962482,0.9692816571977069,0.9700000000000001
9.286006259875042e-05,0.09302141517400742,0.9743526843526843,0.9727362914862915,0.9724869829860054,0.9733333333333333
0.0001393272459608852,0.0928533673286438,0.9753077015577015,0.9729347041847042,0.9729624579108807,0.9733333333333333
6.347000582233402e-05,0.09762590378522873,0.9752771765271765,0.9729347041847042,0.9727882497660844,0.9733333333333333
5.171755928283043e-05,0.09458374232053757,0.9753077015577015,0.9729347041847042,0.9729624579108807,0.9733333333333333
5.727907019566677e-05,0.10054872930049896,0.9752561327561328,0.9735028860028859,0.9729077540895529,0.9733333333333333
0.0019463089295565321,0.1180981993675232,0.9625108687608689,0.9600701613201613,0.9597808621667374,0.9616666666666668
0.001124758731672652,0.13941308856010437,0.9736410348910348,0.9715458152958152,0.971360627247265,0.9716666666666666
0.0007725128505929509,0.14506962895393372,0.969723655973656,0.9686417748917749,0.9680544492204989,0.9683333333333333
0.00012870788502065503,0.15259352326393127,0.9615755078255078,0.9595929533429534,0.9591256655858329,0.96
8.639713162968594e-05,0.150407075881958,0.9649677637177637,0.9629599567099567,0.9626875448830062,0.9633333333333333
0.000294630131482639,0.11246824264526367,0.9718685481185481,0.9691378066378067,0.9690704405351717,0.9699999999999999
0.00010614653312283433,0.11714839935302734,0.9668406593406593,0.9644751082251082,0.9643064621029466,0.9649999999999999
0.00012183348417238449,0.11578917503356934,0.9668406593406593,0.9644751082251082,0.9643064621029466,0.9649999999999999
0.00019321421912839773,0.1111721321940422,0.9666807266807266,0.9652747715247715,0.9644269982401067,0.965
0.00012038688043958246,0.11920913308858871,0.9648288748288748,0.9638858826358825,0.9627219684020846,0.9633333333333334
7.75816042732913e-05,0.12175460904836655,0.9661251711251712,0.9654010341510341,0.9643575115082159,0.965
6.354391522715257e-05,0.11654742807149887,0.9666807266807266,0.9652747715247715,0.9644269982401067,0.965
5.276620360443e-05,0.1154070496559143,0.9666807266807266,0.9652747715247715,0.9644269982401067,0.965
5.064706020145119e-05,0.11983935534954071,0.9667143967143966,0.9647065897065897,0.9642299295136262,0.9649999999999999
6.534337901105876e-05,0.1114564761519432,0.968022718022718,0.9664652477152477,0.9657015233152314,0.9666666666666667
0.0002627042890329297,0.11963700503110886,0.9728381340881341,0.9722402597402597,0.9713174331580352,0.9716666666666666
5.5742264445749847e-05,0.1171051561832428,0.9728381340881341,0.9722402597402597,0.9713174331580352,0.9716666666666666
8.019586501480565e-05,0.11916126310825348,0.9728381340881341,0.9722402597402597,0.9713174331580352,0.9716666666666666
5.2384733824813644e-05,0.1172938346862793,0.9728381340881341,0.9722402597402597,0.9713174331580352,0.9716666666666666
7.759531399642583e-05,0.12045871466398239,0.9728381340881341,0.9722402597402597,0.9713174331580352,0.9716666666666666
9.927292664239455e-05,0.11720767617225647,0.9728381340881341,0.9722402597402597,0.9713174331580352,0.9716666666666666
8.104741630177159e-05,0.12421578168869019,0.9728381340881341,0.9722402597402597,0.9713174331580352,0.9716666666666666
4.69895198307313e-05,0.12524381279945374,0.9713440263440263,0.9701569264069264,0.9696106272472651,0.9699999999999999
6.044626176541593e-05,0.12787704169750214,0.9713440263440263,0.9701569264069264,0.9696106272472651,0.9699999999999999
3.774801909154727e-05,0.12035302817821503,0.9713440263440263,0.9701569264069264,0.9696106272472651,0.9699999999999999
6.955842330095645e-05,0.12439823150634766,0.9713440263440263,0.9701569264069264,0.9696106272472651,0.9699999999999999
2.2872288866437884e-05,0.12583765387535095,0.9713440263440263,0.9701569264069264,0.9696106272472651,0.9699999999999999
2.8973022854946368e-05,0.1196700930595398,0.9728381340881341,0.9722402597402597,0.9713174331580352,0.9716666666666666
4.569947752012619e-05,0.12298816442489624,0.9713440263440263,0.9701569264069264,0.9696106272472651,0.9699999999999999
2.961913727024997e-05,0.11843658983707428,0.9713440263440263,0.9701569264069264,0.9696106272472651,0.9699999999999999
2.5919278281586838e-05,0.11825612187385559,0.9713440263440263,0.9701569264069264,0.9696106272472651,0.9699999999999999
3.1457742200776316e-05,0.11771520972251892,0.9745048007548007,0.9736291486291485,0.9729192638216508,0.9733333333333333
3.312945345138966e-05,0.11919744312763214,0.9728381340881341,0.9722402597402597,0.9713174331580352,0.9716666666666666
5.070567021903116e-05,0.11516958475112915,0.9713440263440263,0.9701569264069264,0.9696106272472651,0.9699999999999999
2.5058785657468736e-05,0.11724941432476044,0.9728381340881341,0.9722402597402597,0.9713174331580352,0.9716666666666666
2.8334657296606263e-05,0.11293705552816391,0.9713440263440263,0.9701569264069264,0.9696106272472651,0.9699999999999999
1.924653836719396e-05,0.1155618280172348,0.9713440263440263,0.9701569264069264,0.9696106272472651,0.9699999999999999
2.5296410285591264e-05,0.11938710510730743,0.9713440263440263,0.9701569264069264,0.9696106272472651,0.9699999999999999
1.5643437715577118e-05,0.11564607918262482,0.9713440263440263,0.9701569264069264,0.9696106272472651,0.9699999999999999
2.6154120718047125e-05,0.12042886018753052,0.9713440263440263,0.9701569264069264,0.9696106272472651,0.9699999999999999
2.7579665262085957e-05,0.11973407119512558,0.9728381340881341,0.9722402597402597,0.9713174331580352,0.9716666666666666
7.042825262715269e-05,0.12291257083415985,0.9730106930106929,0.9715458152958152,0.9712124579108807,0.9716666666666667
2.1373232338343467e-05,0.12002496421337128,0.9730106930106929,0.9715458152958152,0.9712124579108807,0.9716666666666667
2.2772352053834766e-05,0.12162993848323822,0.9730106930106929,0.9715458152958152,0.9712124579108807,0.9716666666666667
2.2310415810504008e-05,0.12544511258602142,0.9730106930106929,0.9715458152958152,0.9712124579108807,0.9716666666666667
2.3020506404236585e-05,0.12394451349973679,0.9745048007548007,0.9736291486291485,0.9729192638216508,0.9733333333333333
1.650492343211833e-05,0.12133139371871948,0.9730106930106929,0.9715458152958152,0.9712124579108807,0.9716666666666667
1.4900962402937997e-05,0.11939297616481781,0.9745048007548007,0.9736291486291485,0.9729192638216508,0.9733333333333333
2.0019213460879353e-05,0.12419193238019943,0.9730106930106929,0.9715458152958152,0.9712124579108807,0.9716666666666667
3.76347693986645e-05,0.1207696944475174,0.9730106930106929,0.9715458152958152,0.9712124579108807,0.9716666666666667
0.0002044425321514609,0.12415554374456406,0.9745048007548007,0.9736291486291485,0.9729192638216508,0.9733333333333333
0.005843676341802014,0.2952047884464264,0.9493323343323343,0.9371250671985965,0.9390424626657184,0.94
0.02928518916754304,1.4833686351776123,0.8272997622345448,0.7549552299552299,0.7367649066591184,0.7566666666666667
0.2843485625926405,3.068204402923584,0.8076431959698089,0.6464246374540492,0.6305257653858779,0.6449999999999999
0.2013599369674921,1.141270637512207,0.8549728504520807,0.751508216728805,0.7465440899695762,0.75
0.09655089660858114,0.2551158368587494,0.9296569797305092,0.9297506523977113,0.9250331831358632,0.9250000000000002
0.044640076210877545,0.29749274253845215,0.9373867798867798,0.9277224627224627,0.9245165742547957,0.9299999999999998
0.01925882025777052,0.17929969727993011,0.9493937543937544,0.9437756687756688,0.9423782183424673,0.9433333333333334
0.04471231274510501,0.1938289999961853,0.9507969345469345,0.9471530784030784,0.9465800491639499,0.9483333333333333
0.036854630045127124,0.4219359755516052,0.9239487494789352,0.8974120324120324,0.9000354535162605,0.8983333333333334
0.01845576336684947,0.1658952683210373,0.9642544955044955,0.9579285066785066,0.9585831978997837,0.9583333333333334
0.004526881064521149,0.1706845760345459,0.9621767584267583,0.9600443075443076,0.9596828520547266,0.96
0.004161987834474227,0.11313636600971222,0.9643592981092981,0.9621733359233359,0.9612971180351125,0.9633333333333333
0.0008336875926033827,0.14136572182178497,0.9619998057498057,0.958761655011655,0.9589348258648251,0.96
0.0005736062842818986,0.13322612643241882,0.9612590650090649,0.9585301735301734,0.9582443742455812,0.96
0.000361664495964457,0.1245574802160263,0.9624342786842787,0.9601968401968403,0.9598832843227063,0.9616666666666666
0.0003426927320712518,0.1276579350233078,0.9618003755503756,0.9584696322196322,0.9584837136454064,0.96
0.0003465751792646188,0.1306057721376419,0.9678962241462242,0.9645075757575757,0.9647753248722056,0.9666666666666667
0.0002297159044246655,0.12875938415527344,0.9633744496244495,0.9592903392903395,0.9596500192217942,0.9616666666666666
0.00020475625766872932,0.1265113353729248,0.9624485236985235,0.9597533022533024,0.9594015720168251,0.9616666666666666
0.0001355522867925174,0.1275273710489273,0.9659670422170422,0.9632255244755245,0.9632536361071447,0.965
0.00015369772942600926,0.12616339325904846,0.9630040792540792,0.9597533022533024,0.9597423665318483,0.9616666666666666
0.00014523029449264868,0.12639647722244263,0.9666383385133385,0.9627162652162653,0.9630737917454818,0.965
0.00016177316653435506,0.12960970401763916,0.9641151903651903,0.9618366355866357,0.9615486062691225,0.9633333333333334
0.00014339109232726818,0.13103961944580078,0.9655966718466719,0.9636884874384876,0.963195443669136,0.965
0.00024296303737022148,0.130761981010437,0.9665304834054833,0.9621464646464647,0.962758388343569,0.965
0.00013697862724863322,0.13158951699733734,0.9630040792540792,0.9597533022533024,0.9597423665318483,0.9616666666666666
0.00010949770724740422,0.13212783634662628,0.9666383385133385,0.9627162652162653,0.9630737917454818,0.965
0.00012234489220948794,0.1336003988981247,0.9680119648869648,0.9639983164983166,0.9644052257435826,0.9666666666666667
9.324649962157612e-05,0.12996886670589447,0.9651568570318569,0.9608644133644134,0.9614269543454683,0.9633333333333334
8.90070192933005e-05,0.13446420431137085,0.9670087088837088,0.9622533022533023,0.9631319841834906,0.965
8.9842279445899e-05,0.13591724634170532,0.9665304834054833,0.9621464646464647,0.962758388343569,0.965
6.984074949893208e-05,0.1325373500585556,0.9684901903651904,0.9641051541051541,0.9647788215835041,0.9666666666666667
6.340185821803364e-05,0.13201096653938293,0.9651568570318569,0.9608644133644134,0.9614269543454683,0.9633333333333334
7.607817641049526e-05,0.13527816534042358,0.9651568570318569,0.9608644133644134,0.9614269543454683,0.9633333333333334
0.00013958533558403966,0.13477587699890137,0.9630040792540792,0.9597533022533024,0.9597423665318483,0.9616666666666666
0.00013897200259786283,0.13461819291114807,0.9675710727181315,0.9620218207718209,0.9628095878602382,0.965
7.566193782319412e-05,0.13456228375434875,0.9670087088837088,0.9622533022533023,0.9631319841834906,0.965
7.226407577339462e-05,0.13224579393863678,0.9705735236985237,0.9657718207718208,0.9667671256770713,0.9683333333333333
5.719900169272781e-05,0.13138322532176971,0.9675710727181315,0.9620218207718209,0.9628095878602382,0.965
5.2378376381057024e-05,0.1325238049030304,0.9702031533281533,0.965957005957006,0.9667396058972296,0.9683333333333333
8.879979543507943e-05,0.1346559077501297,0.9666383385133385,0.9627162652162653,0.9630737917454818,0.965
5.652646260993303e-05,0.13488873839378357,0.9684901903651904,0.9641051541051541,0.9647788215835041,0.9666666666666667
5.1351189351104644e-05,0.13449883460998535,0.9670087088837088,0.9622533022533023,0.9631319841834906,0.965
4.734814179604049e-05,0.13608302175998688,0.9670087088837088,0.9622533022533023,0.9631319841834906,0.965
5.206445882777189e-05,0.13433529436588287,0.967148199023199,0.9629146779146779,0.9635042965083792,0.965
5.986054659009218e-05,0.13006095588207245,0.9668698199948199,0.9627162652162653,0.9633877386591938,0.965
9.886900788084556e-05,0.13308851420879364,0.9702031533281533,0.965957005957006,0.9667396058972296,0.9683333333333333
6.471256381246349e-05,0.1309540569782257,0.9696938940688943,0.9657718207718208,0.966277453072713,0.9683333333333333
0.0001260817033426065,0.13194113969802856,0.9698790792540793,0.9657718207718209,0.9663806522471196,0.9683333333333333
8.111099373309116e-05,0.13103005290031433,0.9690688940688941,0.9664662652162653,0.9664830980875408,0.9683333333333333
4.1239062587313434e-05,0.12896844744682312,0.9705503755503755,0.9679814167314168,0.9680564759767081,0.9700000000000001
4.472057048587885e-05,0.13452908396720886,0.9677269027269028,0.9652757890257891,0.9652085730124161,0.9666666666666667
8.346259805117977e-05,0.13063731789588928,0.9680272274022275,0.9643829318829319,0.9646756224090974,0.9666666666666667
5.846599716126851e-05,0.13385415077209473,0.9680272274022275,0.9643829318829319,0.9646756224090974,0.9666666666666667
4.582762733207346e-05,0.13528774678707123,0.9690688940688941,0.9664662652162653,0.9664830980875408,0.9683333333333333
3.2713612332221e-05,0.13472050428390503,0.9680272274022275,0.9643829318829319,0.9646756224090974,0.9666666666666667
3.0549168741345056e-05,0.13646018505096436,0.9677269027269028,0.9652757890257891,0.9652085730124161,0.9666666666666667
3.387053864874664e-05,0.1355707049369812,0.9680272274022275,0.9643829318829319,0.9646756224090974,0.9666666666666667
4.9073298441726365e-05,0.13663619756698608,0.9675874125874125,0.9646144133644134,0.9648362606875273,0.9666666666666667
3.0144453186646086e-05,0.13502779603004456,0.9665457459207459,0.9625310800310801,0.963028785009084,0.965
3.7555495850938314e-05,0.13655197620391846,0.9680272274022275,0.9643829318829319,0.9646756224090974,0.9666666666666667
2.3925502584158192e-05,0.13669370114803314,0.9680272274022275,0.9643829318829319,0.9646756224090974,0.9666666666666667
4.002849256797466e-05,0.13596579432487488,0.9675874125874125,0.9646144133644134,0.9648362606875273,0.9666666666666667
3.2432675178976446e-05,0.1349371075630188,0.9697401903651904,0.9662347837347838,0.9666364067228229,0.9683333333333333
3.787636726807856e-05,0.13657616078853607,0.9687685693935695,0.9648591223591224,0.96538940142754,0.9666666666666667
2.3674368492265785e-05,0.1368228793144226,0.9701105607355608,0.9660495985495986,0.9666639265026647,0.9683333333333333
3.610114309064253e-05,0.13530346751213074,0.9697401903651904,0.9662347837347838,0.9666364067228229,0.9683333333333333
4.250287978872317e-05,0.13588668406009674,0.9680272274022275,0.9643829318829319,0.9646756224090974,0.9666666666666667
2.1985967947557583e-05,0.13889245688915253,0.9697401903651904,0.9662347837347838,0.9666364067228229,0.9683333333333333
2.5994578834342974e-05,0.13753630220890045,0.9697401903651904,0.9662347837347838,0.9666364067228229,0.9683333333333333
3.5294492477078165e-05,0.13648563623428345,0.9715920422170422,0.9676236726236728,0.968341436560845,0.9699999999999999
9.033163314597914e-05,0.1396196484565735,0.9696938940688943,0.9657718207718208,0.966277453072713,0.9683333333333333
1.8179217931901803e-05,0.13842058181762695,0.9680272274022275,0.9643829318829319,0.9646756224090974,0.9666666666666667
2.682725570934963e-05,0.1389785259962082,0.9694018712768714,0.9663416213416215,0.9667656447056414,0.9683333333333333
2.4950702889251868e-05,0.1385951191186905,0.9697401903651904,0.9662347837347838,0.9666364067228229,0.9683333333333333
2.110540861129569e-05,0.13824015855789185,0.9688210727181316,0.9641514504014504,0.964667172999557,0.9666666666666667
1.8873214694773804e-05,0.13794779777526855,0.9680272274022275,0.9643829318829319,0.9646756224090974,0.9666666666666667
1.652797068156057e-05,0.13809636235237122,0.9682587088837088,0.9643829318829319,0.9649895693228094,0.9666666666666667
2.1644830582090435e-05,0.1417856216430664,0.9712527056277057,0.9670538720538722,0.9677120862452203,0.9699999999999999
1.5612641959705797e-05,0.13890600204467773,0.9697401903651904,0.9662347837347838,0.9666364067228229,0.9683333333333333
2.609352309453546e-05,0.13952922821044922,0.9682587088837088,0.9643829318829319,0.9649895693228094,0.9666666666666667
2.9279192157597816e-05,0.1394326239824295,0.9697401903651904,0.9662347837347838,0.9666364067228229,0.9683333333333333
1.672983172322044e-05,0.13824091851711273,0.9680272274022275,0.9643829318829319,0.9646756224090974,0.9666666666666667
3.749708393267307e-05,0.13964419066905975,0.9698790792540793,0.9657718207718209,0.9663806522471196,0.9683333333333333
2.2978584221770387e-05,0.14087572693824768,0.9698790792540793,0.9657718207718209,0.9663806522471196,0.9683333333333333
2.0239750853079386e-05,0.1385297179222107,0.9715920422170422,0.9676236726236728,0.968341436560845,0.9699999999999999
1.7580390059871814e-05,0.13644899427890778,0.9697401903651904,0.9662347837347838,0.9666364067228229,0.9683333333333333
2.171993231077825e-05,0.1407378613948822,0.9729656685906686,0.968905723905724,0.9696728705589458,0.9716666666666667
1.939396053292815e-05,0.14259761571884155,0.9703335879806468,0.9649705387205388,0.9657428525219544,0.9683333333333333
1.7922917995368454e-05,0.14018851518630981,0.9703335879806468,0.9649705387205388,0.9657428525219544,0.9683333333333333
2.1350185069953415e-05,0.13934676349163055,0.9715920422170422,0.9676236726236728,0.968341436560845,0.9699999999999999
9.198784804690755e-06,0.14070995151996613,0.9706729245699833,0.9655403392903393,0.9663722028375791,0.9683333333333333
2.6795069629770296e-05,0.142625093460083,0.9698790792540793,0.9657718207718209,0.9663806522471196,0.9683333333333333
1.846949258303236e-05,0.13802921772003174,0.9689599616070205,0.9636884874384876,0.9644114185238536,0.9666666666666667
1.1439919489930617e-05,0.14226606488227844,0.9712527056277057,0.9670538720538722,0.9677120862452203,0.9699999999999999
1.9248127964980693e-05,0.13894756138324738,0.9715920422170422,0.9676236726236728,0.968341436560845,0.9699999999999999
1.2597243094584579e-05,0.14258268475532532,0.9715920422170422,0.9676236726236728,0.968341436560845,0.9699999999999999
1.3226866561429537e-05,0.14131805300712585,0.9715920422170422,0.9676236726236728,0.968341436560845,0.9699999999999999
1.454691104640915e-05,0.1400168091058731,0.9698790792540793,0.9657718207718209,0.9663806522471196,0.9683333333333333
2.1288792254381406e-05,0.13944289088249207,0.9715920422170422,0.9676236726236728,0.968341436560845,0.9699999999999999
1.7905434091858297e-05,0.14113128185272217,0.9694008537758538,0.9656649831649832,0.9660070564071982,0.9683333333333333
2.021928615173844e-05,0.13931286334991455,0.9698790792540793,0.9657718207718209,0.9663806522471196,0.9683333333333333
1.6712148900902928e-05,0.13846859335899353,0.975049001924002,0.9705723905723906,0.971661174652513,0.9733333333333333
2.6197036684531366e-05,0.1406935453414917,0.9689599616070205,0.9636884874384876,0.9644114185238536,0.9666666666666667
2.7449727610928676e-05,0.13885441422462463,0.9715920422170422,0.9676236726236728,0.968341436560845,0.9699999999999999
1.0546048637631126e-05,0.1381530463695526,0.9719624125874127,0.9674384874384875,0.9683689563406869,0.9699999999999999
3.02358466607681e-05,0.14126047492027283,0.9715920422170422,0.9676236726236728,0.968341436560845,0.9699999999999999
9.39786433680941e-06,0.13956183195114136,0.9697401903651904,0.9662347837347838,0.9666364067228229,0.9683333333333333
1.1222561302777953e-05,0.14124898612499237,0.9715920422170422,0.9676236726236728,0.968341436560845,0.9699999999999999
1.576165360717141e-05,0.13949447870254517,0.9698790792540793,0.9657718207718209,0.9663806522471196,0.9683333333333333
1.1866291382981823e-05,0.14287133514881134,0.9715920422170422,0.9676236726236728,0.968341436560845,0.9699999999999999
2.07132102190144e-05,0.14126290380954742,0.9715920422170422,0.9676236726236728,0.968341436560845,0.9699999999999999
1.4080603875754605e-05,0.14221827685832977,0.9697401903651904,0.9662347837347838,0.9666364067228229,0.9683333333333333
1.0673801038289335e-05,0.14476603269577026,0.9694008537758538,0.9656649831649832,0.9660070564071982,0.9683333333333333
1.339117697796155e-05,0.1405887007713318,0.9714068570318571,0.9676236726236725,0.9682382373864384,0.9699999999999999
2.18303998593683e-05,0.1414559781551361,0.9715920422170422,0.9676236726236728,0.968341436560845,0.9699999999999999
9.74059099689839e-06,0.14238344132900238,0.9698790792540793,0.9657718207718209,0.9663806522471196,0.9683333333333333
7.532834966165562e-06,0.14186571538448334,0.9715920422170422,0.9676236726236728,0.968341436560845,0.9699999999999999
1.2402534504000565e-05,0.1427696943283081,0.9736880018130019,0.9695218207718209,0.970253208065092,0.9716666666666666
1.037498308657329e-05,0.13927191495895386,0.974691257816258,0.9709890572390573,0.9715571222833509,0.9733333333333333
1.227994753586851e-05,0.14025907218456268,0.9715920422170422,0.9676236726236728,0.968341436560845,0.9699999999999999
1.0703007414273694e-05,0.14124898612499237,0.9714068570318571,0.9676236726236725,0.9682382373864384,0.9699999999999999
1.4292200357128118e-05,0.14299368858337402,0.9698790792540793,0.9657718207718209,0.9663806522471196,0.9683333333333333
6.381869331069841e-06,0.14066387712955475,0.9719624125874127,0.9674384874384875,0.9683689563406869,0.9699999999999999
5.305409397730425e-06,0.13948854804039001,0.9715920422170422,0.9676236726236728,0.968341436560845,0.9699999999999999
1.5630722089099436e-05,0.1409325897693634,0.9715920422170422,0.9676236726236728,0.968341436560845,0.9699999999999999
1.0811885251390171e-05,0.1439068764448166,0.9712527056277057,0.9670538720538722,0.9677120862452203,0.9699999999999999
8.104244903014054e-06,0.14182305335998535,0.9729656685906686,0.968905723905724,0.9696728705589458,0.9716666666666667
7.775425833263702e-06,0.13969777524471283,0.9715920422170422,0.9676236726236728,0.968341436560845,0.9699999999999999
1.0669231514270905e-05,0.1444479525089264,0.9698790792540793,0.9657718207718209,0.9663806522471196,0.9683333333333333
8.881290616121381e-06,0.14556081593036652,0.9712527056277057,0.9670538720538722,0.9677120862452203,0.9699999999999999
9.466807147380981e-06,0.14273637533187866,0.972633708883709,0.9697070059570061,0.9701489122392886,0.9716666666666666
1.0259350095983185e-05,0.1420079469680786,0.9715920422170422,0.9676236726236728,0.968341436560845,0.9699999999999999
1.1113683460924525e-05,0.13837161660194397,0.9734901903651904,0.9692903392903393,0.9702265414800059,0.9716666666666666
1.0862151711421575e-05,0.14145803451538086,0.9715920422170422,0.9676236726236728,0.968341436560845,0.9699999999999999
8.61406314101032e-06,0.1404353231191635,0.9715920422170422,0.9676236726236728,0.968341436560845,0.9699999999999999
7.088780426064052e-06,0.14137005805969238,0.9724485236985237,0.969707005957006,0.970045713064882,0.9716666666666666
8.387168179524451e-06,0.14335907995700836,0.9747170422170423,0.9713736726236727,0.9721372163328558,0.9733333333333333
8.451342623061464e-06,0.14331883192062378,0.9698790792540793,0.9657718207718209,0.9663806522471196,0.9683333333333333
4.911820075411318e-06,0.14140218496322632,0.9729656685906686,0.968905723905724,0.9696728705589458,0.9716666666666667
8.501211728647226e-06,0.14111068844795227,0.9715920422170422,0.9676236726236728,0.968341436560845,0.9699999999999999
9.934107490986813e-06,0.1419738531112671,0.9724485236985237,0.969707005957006,0.970045713064882,0.9716666666666666
9.009242063484635e-06,0.14300930500030518,0.9715920422170422,0.9676236726236728,0.968341436560845,0.9699999999999999
7.761120751107834e-06,0.1418931782245636,0.9702031533281533,0.965957005957006,0.9667396058972296,0.9683333333333333
9.01301682176836e-06,0.1418968290090561,0.972633708883709,0.9697070059570061,0.9701489122392886,0.9716666666666666
9.035269376530172e-06,0.14269107580184937,0.9715920422170422,0.9676236726236728,0.968341436560845,0.9699999999999999
3.7831068174417246e-06,0.1438675820827484,0.970920745920746,0.9678551541051542,0.9681881279255631,0.9699999999999999
1.4680425588646054e-05,0.14152152836322784,0.9715920422170422,0.9676236726236728,0.968341436560845,0.9699999999999999
8.915861542391212e-06,0.13910599052906036,0.9747401903651904,0.970527713027713,0.9715166451136278,0.9733333333333333
0.00016379117642865518,0.20673756301403046,0.9545766502016502,0.9468426480926481,0.9474998920546546,0.9500000000000001
0.10962913339578033,23.692752838134766,0.2560438274814303,0.2840407577172283,0.17961935619064628,0.2833333333333334
0.402235249367853,1.0846288204193115,0.829106887264782,0.7796357237533709,0.766673834077147,0.7783333333333333
0.18864581764986119,2.7204482555389404,0.878213259735492,0.721223547694136,0.7397580167668689,0.7216666666666667
0.05598953777613739,0.32773536443710327,0.912822417234182,0.9039107651607652,0.8968646174222167,0.9
0.022884828882524744,0.3226918578147888,0.933093327238064,0.9268093943093945,0.9256846182821383,0.9266666666666667
0.01035148168739397,0.1774565428495407,0.9557401394901396,0.9528080715580716,0.9522036873172578,0.9533333333333331
0.0022024191821401473,0.14646989107131958,0.9595188607688607,0.960222878972879,0.9579354749910007,0.96
0.00145215360801861,0.15360327064990997,0.9586801161801161,0.9588929126429125,0.9566399888331509,0.9583333333333331
0.00634913552494254,0.280034601688385,0.9455359041543252,0.938491600991601,0.9317481782175886,0.9316666666666666
0.008981554439136138,0.1864130198955536,0.9629547767047767,0.9630221167721168,0.9612507813906611,0.9616666666666666
0.004180318575284521,0.22566327452659607,0.9472305472305472,0.949546472046472,0.9450170661375736,0.945
0.007769282593775036,0.23435789346694946,0.944783041033041,0.944572742072742,0.9422707685086652,0.9416666666666665
0.011050708266945245,0.20103725790977478,0.955983460983461,0.9570019795019796,0.9547043540801673,0.9566666666666667
0.0032332852479157737,0.21678677201271057,0.9549777537277538,0.9502212602212602,0.9497512935828722,0.9533333333333333
0.00553509549596735,0.217239111661911,0.9499844222541592,0.9432854645354644,0.9433920198069251,0.9433333333333334
0.0013595529465722696,0.16019847989082336,0.9597024965774965,0.9598559474294769,0.9580510595431173,0.9566666666666664
0.001183408069361273,0.1410679966211319,0.9661153198653198,0.9640842953342953,0.9632401928104021,0.9633333333333334
0.00039229274034369155,0.1296374797821045,0.9667115754615754,0.9669226144226144,0.9659277170106915,0.965
0.0019466353437564976,0.1423235535621643,0.9663223813223812,0.9643746993746993,0.9632049215875549,0.9633333333333334
0.00041621992689518567,0.13027366995811462,0.9723587061087061,0.9714454064454064,0.9708603871554247,0.9699999999999999
0.0002862641214657439,0.12743455171585083,0.9684235209235209,0.9667231842231843,0.9665545947901695,0.9666666666666667
0.00022018492109054932,0.12875433266162872,0.9707519795019794,0.9701633551633552,0.9694019690303399,0.9683333333333333
0.000149589577555768,0.13011731207370758,0.9691316091316091,0.9683115033115034,0.967588006730444,0.9666666666666667
0.000146934191661785,0.1315222680568695,0.9651302863802864,0.9635892810892811,0.9631460487878467,0.9633333333333333
0.001224590342872034,0.17812566459178925,0.9673402985902987,0.9653148703148705,0.9650053982484548,0.965
0.00022907634168708077,0.17866289615631104,0.9662486124986125,0.9637876937876938,0.9633177517494048,0.9633333333333334
0.00020863791201009008,0.17082415521144867,0.9651802364302364,0.9625972175972176,0.9619410415031293,0.9616666666666668
0.00011442681269121142,0.16764730215072632,0.9647671310171311,0.9622725422725423,0.9617443738602374,0.9616666666666668
0.00015598416280226957,0.16907832026481628,0.9631004643504643,0.9608836533836534,0.9601425431966217,0.96
0.00015458226312148327,0.1655188649892807,0.9705068542568543,0.968112073112073,0.9681370756085838,0.9683333333333333
0.00011502077158335548,0.16323521733283997,0.9676364838864839,0.9647450697450698,0.9645890600382568,0.965
0.00014988204035641198,0.16138385236263275,0.9690263902763903,0.9666448366448366,0.9663748635784465,0.9666666666666667
9.045282987093135e-05,0.15981416404247284,0.9691179653679654,0.9662602212602213,0.9661624379274243,0.9666666666666667
8.287509247869214e-05,0.16035009920597076,0.9675112387612388,0.96497816997817,0.9647040198023396,0.965
8.67909186581528e-05,0.1579422801733017,0.9675112387612388,0.96497816997817,0.9647040198023396,0.965
6.84950742500708e-05,0.15873149037361145,0.9689664502164502,0.9665379990379991,0.9662314510399157,0.9666666666666667
8.604605970200889e-05,0.1590966433286667,0.9631004643504643,0.9608836533836534,0.9601425431966217,0.96
6.354173058298329e-05,0.16370144486427307,0.9659361471861471,0.962787999037999,0.9626558453590469,0.9633333333333334
9.869555591042929e-05,0.16236037015914917,0.9659824434824436,0.962325036075036,0.9624437137227665,0.9633333333333334
6.720503159840518e-05,0.16402661800384521,0.9674512987012988,0.9644546657046656,0.9643266891351537,0.965
7.857640487903457e-05,0.1637706458568573,0.9674512987012985,0.9648713323713324,0.9645606072638088,0.965
4.902144272970569e-05,0.1648908257484436,0.9691179653679654,0.9662602212602213,0.9661624379274243,0.9666666666666667
5.22021454495795e-05,0.16874925792217255,0.9674512987012988,0.9644546657046656,0.9643266891351537,0.965
5.507369807370802e-05,0.16324883699417114,0.9691179653679654,0.9662602212602213,0.9661624379274243,0.9666666666666667
4.3620665868123375e-05,0.1646660566329956,0.9674512987012988,0.9644546657046656,0.9643266891351537,0.965
6.745696130868357e-05,0.16824351251125336,0.9688401875901875,0.9663065175565175,0.9663013268163132,0.9666666666666667
4.3359001172878685e-05,0.1639496088027954,0.9689664502164502,0.9665379990379991,0.9662314510399157,0.9666666666666667
3.7363569011480045e-05,0.1625213623046875,0.9703553391053391,0.9683898508898509,0.9682060887210752,0.9683333333333333
7.849146919625127e-05,0.16429078578948975,0.9693031505531505,0.967787999037999,0.9670500006819948,0.9666666666666667
0.00010007043810370912,0.1619293987751007,0.9678342953342954,0.9656583694083692,0.9651670252696074,0.965
5.263070198679998e-05,0.16413895785808563,0.9691979316979317,0.9680194805194805,0.9671408002868608,0.9666666666666667
4.393736482673679e-05,0.16206128895282745,0.9658309283309284,0.9626028138528139,0.9625127268352579,0.9633333333333334
4.1858553269473e-05,0.1593630015850067,0.9659361471861471,0.962787999037999,0.9626558453590469,0.9633333333333334
3.8807392058970436e-05,0.16292960941791534,0.9676827801827802,0.9659361471861471,0.9652360383820988,0.965
3.695547551766746e-05,0.16473722457885742,0.9673460798460799,0.9646861471861472,0.9644174887400198,0.965
3.446718068289556e-05,0.1643359512090683,0.9676827801827802,0.9659361471861471,0.9652360383820988,0.965
2.5768677555030688e-05,0.16361171007156372,0.9651966089466089,0.9639586339586339,0.9627781075503402,0.9633333333333334
4.824837079316543e-05,0.1610240340232849,0.9658309283309284,0.9626028138528139,0.9625127268352579,0.9633333333333334
3.556231642202571e-05,0.16900470852851868,0.9661886724386722,0.9636808561808562,0.963174339210874,0.9633333333333334
6.472647224124255e-05,0.16288746893405914,0.9661886724386722,0.9636808561808562,0.963174339210874,0.9633333333333334
3.715554856853487e-05,0.165074422955513,0.9655994468494469,0.9629395141895142,0.962931186489651,0.9633333333333334
4.971762533993266e-05,0.16281157732009888,0.9658309283309284,0.9626028138528139,0.9625127268352579,0.9633333333333334
3.539939768870681e-05,0.16387265920639038,0.9643157768157767,0.9609361471861472,0.960841883059151,0.9616666666666668
5.630969957337584e-05,0.16350391507148743,0.9674512987012985,0.9648713323713324,0.9645606072638088,0.965
2.9923915898658986e-05,0.16525185108184814,0.9674512987012988,0.9644546657046656,0.9643266891351537,0.965
3.3204953221381096e-05,0.1653423309326172,0.9693031505531504,0.9682046657046657,0.9672839188106498,0.9666666666666667
