training_loss,validation_loss,precision,recall,f1,accuracy
0.8294070934255918,1.761492133140564,0.7785436676205263,0.6491914920591392,0.6293053737549484,0.6433333333333333
0.19099668211614093,2.1776866912841797,0.7618967079822166,0.638390212728448,0.5977343756769863,0.6366666666666667
0.0496685963201647,0.31288981437683105,0.9171704684204683,0.8975960776696071,0.8943732976116877,0.8983333333333334
0.06151217770335885,0.4307790696620941,0.9205572205572206,0.9112697188432483,0.9094704650454416,0.9116666666666666
0.044192707107868046,0.21556267142295837,0.9410705035705035,0.9405429292929292,0.937428970385907,0.9383333333333334
0.013686681011070808,0.056606270372867584,0.9767977392977394,0.9725769600769602,0.9734600696578531,0.9733333333333333
0.009871596138206465,0.353463739156723,0.9476785632667987,0.9278591778591778,0.9283028640559814,0.9283333333333332
0.0027881627217235896,0.11120976507663727,0.973281857031857,0.9715373977873978,0.9712770314308384,0.9716666666666667
0.003918345514345371,0.13714739680290222,0.9633212328607065,0.9620737133237133,0.9608274765924629,0.9616666666666668
0.010901450711268504,0.08815314620733261,0.9773671236171236,0.9755399230399231,0.9756826013606602,0.975
0.0014499157550744712,0.0912860557436943,0.973922188922189,0.97488455988456,0.9735707445729432,0.9733333333333332
0.00033921440566094435,0.08706942200660706,0.9764684852184854,0.9760882635882638,0.9753275671850291,0.975
0.00030537784232365084,0.08517994731664658,0.9782217319717321,0.9772787397787398,0.9771245830272056,0.9766666666666667
0.0002123481033322605,0.09008827805519104,0.9782217319717321,0.9772787397787398,0.9771245830272056,0.9766666666666667
0.00033746302187864785,0.09239448606967926,0.9751056351056352,0.9742364117364118,0.9737269103200701,0.9733333333333333
0.00021181066904318868,0.08415736258029938,0.9812849187849189,0.9806457431457432,0.9806363016147756,0.98
0.00012024522031121403,0.0863993763923645,0.9782217319717321,0.9772787397787398,0.9771245830272056,0.9766666666666667
0.00015606601918231414,0.08827584981918335,0.9797158397158398,0.9793620731120732,0.9788862857320031,0.9783333333333334
9.79010268717199e-05,0.08774753659963608,0.9798883986383987,0.9787938912938913,0.9787954268033126,0.9783333333333334
7.105112126737367e-05,0.0882863849401474,0.9798883986383987,0.9787938912938913,0.9787954268033126,0.9783333333333334
7.724463929055976e-05,0.09057753533124924,0.9782217319717321,0.9772787397787398,0.9771245830272056,0.9766666666666667
0.00010538319800919756,0.09013925492763519,0.9782217319717321,0.9772787397787398,0.9771245830272056,0.9766666666666667
8.210400559012972e-05,0.08933587372303009,0.9782217319717321,0.9772787397787398,0.9771245830272056,0.9766666666666667
5.615274081568108e-05,0.08851464092731476,0.9782217319717321,0.9772787397787398,0.9771245830272056,0.9766666666666667
0.0026115960040442587,0.3783584535121918,0.9490705158368202,0.9218368205868206,0.9250473006082441,0.9283333333333333
0.07111974158018104,4.71139669418335,0.6207165225839656,0.4473954531307473,0.4048191856728973,0.4483333333333333
0.362910901196301,0.4827921390533447,0.8858106695935644,0.8799042624042624,0.8661377642008051,0.8766666666666666
0.015315287887157561,0.15511900186538696,0.9736376123876124,0.9690746753246753,0.9686596714948221,0.9683333333333333
0.003642707747834114,0.31915223598480225,0.9506430375180375,0.9407421908157202,0.9352024991793072,0.9383333333333335
0.005625741285863721,0.17796334624290466,0.9555069467569468,0.9474037999038,0.9482050459233347,0.9466666666666668
0.003207986541383434,0.16209247708320618,0.9678876216376217,0.9665318015318016,0.9660329079799497,0.965
0.013775589263483804,0.12025238573551178,0.9649471361971362,0.9650749713249712,0.9633179896168281,0.9633333333333334
0.004567485976319101,0.29517409205436707,0.9478499278499277,0.9446631146631147,0.9419419864683358,0.9416666666666668
0.00709885907296363,0.25846192240715027,0.9560582473082473,0.9494172031672031,0.9439543454962983,0.9483333333333333
0.001184826294168791,0.09515400975942612,0.9750459262959263,0.9750108225108226,0.9742792741949425,0.9733333333333333
0.009439405014139387,0.10751983523368835,0.980633718133718,0.9810034872534873,0.9799952740969364,0.9800000000000001
0.009190156684326212,0.5758307576179504,0.9304970261220261,0.9145835809071103,0.9070746902189502,0.9133333333333334
0.008430937121981211,0.16108688712120056,0.9683432162379532,0.9679481629481631,0.9671396844270942,0.965
0.0012218540047494268,0.1462392807006836,0.9766089928589929,0.9756120731120731,0.9755095508821223,0.975
0.00020772298057636363,0.14787589013576508,0.9762722925222925,0.9758898508898509,0.9757068463016885,0.975
0.00020028968719998375,0.15261214971542358,0.9781241443741444,0.9772787397787397,0.9771803946582293,0.9766666666666667
0.00012596329126305741,0.15482252836227417,0.9762722925222925,0.9754268879268878,0.9752196103445038,0.9750000000000001
0.0002013121047639288,0.1713106632232666,0.9735352147852149,0.9723845598845599,0.9722124022215667,0.9716666666666667
0.00020847241088025234,0.16159853339195251,0.9734426221926222,0.9723845598845599,0.9719430311881293,0.9716666666666667
0.0001502337067525635,0.15676987171173096,0.9735352147852149,0.9723845598845599,0.9722124022215667,0.9716666666666667
0.00017673015436988257,0.1446850299835205,0.9767759555259555,0.9760882635882635,0.9758782163733145,0.9750000000000001
0.00025645038397215103,0.15064622461795807,0.9734426221926222,0.9723845598845599,0.9719430311881293,0.9716666666666667
0.00010542949106214412,0.14836814999580383,0.9776611814111815,0.9772787397787397,0.9770471892021337,0.9766666666666667
4.53025101781653e-05,0.15577223896980286,0.9764859677359677,0.9760882635882635,0.9757310737555835,0.975
0.00033219416244871053,0.1555587500333786,0.9757289469789471,0.97264911014911,0.973389085856139,0.9733333333333333
8.466074867404434e-05,0.15294374525547028,0.9767759555259555,0.9760882635882635,0.9758782163733145,0.9750000000000001
4.5427481002964974e-05,0.15269090235233307,0.9767759555259555,0.9760882635882635,0.9758782163733145,0.9750000000000001
4.2899250843220216e-05,0.15734700858592987,0.9767759555259555,0.9760882635882635,0.9758782163733145,0.9750000000000001
0.00010266423191751528,0.15178745985031128,0.9767759555259555,0.9760882635882635,0.9758782163733145,0.9750000000000001
8.525669619530163e-05,0.14879213273525238,0.9795130332630334,0.9791305916305916,0.9790079735158592,0.9783333333333334
6.648937907508905e-05,0.15370668470859528,0.9795130332630334,0.9791305916305916,0.9790079735158592,0.9783333333333334
0.00012471298471912937,0.1604769378900528,0.9767759555259555,0.9760882635882635,0.9758782163733145,0.9750000000000001
5.904694404534894e-05,0.15770752727985382,0.9783378195878196,0.9779401154401154,0.977691858069309,0.9766666666666667
4.853804913788432e-05,0.15621615946292877,0.9783378195878196,0.9779401154401154,0.977691858069309,0.9766666666666667
2.659877137981918e-05,0.15798375010490417,0.9783378195878196,0.9779401154401154,0.977691858069309,0.9766666666666667
2.7447939260127896e-05,0.15300700068473816,0.9783378195878196,0.9779401154401154,0.977691858069309,0.9766666666666667
3.660082777893573e-05,0.15290823578834534,0.9783378195878196,0.9779401154401154,0.977691858069309,0.9766666666666667
4.1760007415329405e-05,0.1537323147058487,0.9795130332630334,0.9791305916305916,0.9790079735158592,0.9783333333333334
3.6930441410731873e-05,0.15709301829338074,0.9783378195878196,0.9779401154401154,0.977691858069309,0.9766666666666667
4.982471400201879e-05,0.15798601508140564,0.9783378195878196,0.9779401154401154,0.977691858069309,0.9766666666666667
8.85403171650978e-05,0.1538706123828888,0.9795130332630334,0.9791305916305916,0.9790079735158592,0.9783333333333334
3.7960608229544356e-05,0.1525174230337143,0.9795130332630334,0.9791305916305916,0.9790079735158592,0.9783333333333334
4.0876269072972114e-05,0.1572277545928955,0.9776611814111815,0.9777417027417027,0.9774118761397106,0.9766666666666667
2.6802221877157233e-05,0.15464933216571808,0.9795130332630334,0.9791305916305916,0.9790079735158592,0.9783333333333334
2.8237303145791277e-05,0.15406489372253418,0.9795130332630334,0.9791305916305916,0.9790079735158592,0.9783333333333334
5.8466990935812646e-05,0.15511171519756317,0.9795130332630334,0.9791305916305916,0.9790079735158592,0.9783333333333334
3.0275981041919902e-05,0.15781281888484955,0.9795130332630334,0.9791305916305916,0.9790079735158592,0.9783333333333334
2.6411215884536432e-05,0.16528093814849854,0.9761796999297,0.9754268879268878,0.975072788330674,0.975
1.7184416369294315e-05,0.15968255698680878,0.9795130332630334,0.9791305916305916,0.9790079735158592,0.9783333333333334
2.43719415209398e-05,0.15449824929237366,0.9795130332630334,0.9791305916305916,0.9790079735158592,0.9783333333333334
4.851778364430478e-05,0.15280966460704803,0.9795130332630334,0.9791305916305916,0.9790079735158592,0.9783333333333334
1.651883121667197e-05,0.14908432960510254,0.9776611814111815,0.9777417027417027,0.9774118761397106,0.9766666666666667
6.772597723170293e-05,0.14991745352745056,0.9795130332630334,0.9791305916305916,0.9790079735158592,0.9783333333333334
3.17124527574227e-05,0.15170538425445557,0.9795130332630334,0.9791305916305916,0.9790079735158592,0.9783333333333334
2.7564763835622823e-05,0.1524025797843933,0.9776611814111815,0.9777417027417027,0.9774118761397106,0.9766666666666667
2.033293241273289e-05,0.15292450785636902,0.9795130332630334,0.9791305916305916,0.9790079735158592,0.9783333333333334
1.20592115990803e-05,0.1507895588874817,0.9795130332630334,0.9791305916305916,0.9790079735158592,0.9783333333333334
6.688813347939988e-05,0.15544022619724274,0.9795130332630334,0.9791305916305916,0.9790079735158592,0.9783333333333334
1.2470881131321221e-05,0.15531477332115173,0.9795130332630334,0.9791305916305916,0.9790079735158592,0.9783333333333334
1.9060571825472532e-05,0.15153831243515015,0.9795130332630334,0.9791305916305916,0.9790079735158592,0.9783333333333334
2.766072750167344e-05,0.15185463428497314,0.9795130332630334,0.9791305916305916,0.9790079735158592,0.9783333333333334
2.0495255768082643e-05,0.15387889742851257,0.9795130332630334,0.9791305916305916,0.9790079735158592,0.9783333333333334
1.2607177116782017e-05,0.1567690372467041,0.9795130332630334,0.9791305916305916,0.9790079735158592,0.9783333333333334
1.2235045507698791e-05,0.15595164895057678,0.9795130332630334,0.9791305916305916,0.9790079735158592,0.9783333333333334
1.415431507704549e-05,0.1526082158088684,0.9795130332630334,0.9791305916305916,0.9790079735158592,0.9783333333333334
1.3568401295553182e-05,0.15677843987941742,0.9795130332630334,0.9791305916305916,0.9790079735158592,0.9783333333333334
3.0787785561869896e-05,0.15524747967720032,0.9795130332630334,0.9791305916305916,0.9790079735158592,0.9783333333333334
1.1812448690307065e-05,0.15246915817260742,0.9795130332630334,0.9791305916305916,0.9790079735158592,0.9783333333333334
1.3216535388475373e-05,0.15174883604049683,0.9795130332630334,0.9791305916305916,0.9790079735158592,0.9783333333333334
2.288361338761054e-05,0.15290139615535736,0.9795130332630334,0.9791305916305916,0.9790079735158592,0.9783333333333334
1.537938926787774e-05,0.1531139463186264,0.9795130332630334,0.9791305916305916,0.9790079735158592,0.9783333333333334
2.888023884869047e-05,0.15419410169124603,0.9795130332630334,0.9791305916305916,0.9790079735158592,0.9783333333333334
1.7017722285572745e-05,0.1538117527961731,0.9795130332630334,0.9791305916305916,0.9790079735158592,0.9783333333333334
2.7336478278054226e-05,0.15178391337394714,0.9795130332630334,0.9791305916305916,0.9790079735158592,0.9783333333333334
3.9046009400559946e-05,0.15431159734725952,0.9795130332630334,0.9791305916305916,0.9790079735158592,0.9783333333333334
3.691375271349292e-05,0.16346344351768494,0.9734426221926222,0.9723845598845599,0.9719430311881293,0.9716666666666667
1.6932686302576865e-05,0.16213151812553406,0.9734426221926222,0.9723845598845599,0.9719430311881293,0.9716666666666667
1.2111862607374254e-05,0.15787038207054138,0.9760993173493174,0.9754268879268878,0.9752335475061392,0.9750000000000001
1.103401191926423e-05,0.15683922171592712,0.9760993173493174,0.9754268879268878,0.9752335475061392,0.9750000000000001
6.4746538631273625e-06,0.1566104143857956,0.9760993173493174,0.9754268879268878,0.9752335475061392,0.9750000000000001
1.0559558835628499e-05,0.1579444706439972,0.9760993173493174,0.9754268879268878,0.9752335475061392,0.9750000000000001
7.919073037025251e-06,0.15952259302139282,0.9760993173493174,0.9754268879268878,0.9752335475061392,0.9750000000000001
2.8048555141898152e-05,0.16054323315620422,0.9746178358678358,0.973575036075036,0.9732591466346795,0.9733333333333333
1.1836489017961563e-05,0.16099074482917786,0.9746178358678358,0.973575036075036,0.9732591466346795,0.9733333333333333
6.412863707320564e-06,0.15581247210502625,0.9760993173493174,0.9754268879268878,0.9752335475061392,0.9750000000000001
1.2745658655906785e-05,0.15945971012115479,0.9760993173493174,0.9754268879268878,0.9752335475061392,0.9750000000000001
1.1416077597914409e-05,0.1566956639289856,0.9760993173493174,0.9754268879268878,0.9752335475061392,0.9750000000000001
1.1322895678252584e-05,0.15978381037712097,0.9746178358678358,0.973575036075036,0.9732591466346795,0.9733333333333333
9.109775371977472e-06,0.15516826510429382,0.9760993173493174,0.9754268879268878,0.9752335475061392,0.9750000000000001
8.452038105607092e-05,0.15692947804927826,0.9779511692011692,0.9772787397787397,0.9771943318198647,0.9766666666666667
1.2306372241255303e-05,0.1613244265317917,0.9779511692011692,0.9772787397787397,0.9771943318198647,0.9766666666666667
9.80476534095942e-06,0.1608281135559082,0.9779511692011692,0.9772787397787397,0.9771943318198647,0.9766666666666667
9.433229934074916e-06,0.1677352488040924,0.9746178358678358,0.973575036075036,0.9732591466346795,0.9733333333333333
1.7629067410022497e-05,0.16154815256595612,0.9779511692011692,0.9772787397787397,0.9771943318198647,0.9766666666666667
2.615412031066929e-05,0.159221813082695,0.9779511692011692,0.9772787397787397,0.9771943318198647,0.9766666666666667
2.5346477334172352e-05,0.16719679534435272,0.9746178358678358,0.973575036075036,0.9732591466346795,0.9733333333333333
8.904933935127701e-06,0.1611136645078659,0.9746178358678358,0.973575036075036,0.9732591466346795,0.9733333333333333
9.620388240705324e-06,0.15991118550300598,0.9746178358678358,0.973575036075036,0.9732591466346795,0.9733333333333333
1.5472968669882903e-05,0.160830557346344,0.9779511692011692,0.9772787397787397,0.9771943318198647,0.9766666666666667
6.550749136617166e-06,0.16012565791606903,0.9795130332630334,0.9791305916305916,0.9790079735158592,0.9783333333333334
1.0088086090339251e-05,0.1544794887304306,0.9795130332630334,0.9791305916305916,0.9790079735158592,0.9783333333333334
1.820027847543315e-05,0.16006097197532654,0.9779511692011692,0.9772787397787397,0.9771943318198647,0.9766666666666667
1.2477040456815303e-05,0.15548819303512573,0.9779511692011692,0.9772787397787397,0.9771943318198647,0.9766666666666667
1.415590460377795e-05,0.16380320489406586,0.9746178358678358,0.973575036075036,0.9732591466346795,0.9733333333333333
8.82883867821723e-06,0.15864446759223938,0.9779511692011692,0.9772787397787397,0.9771943318198647,0.9766666666666667
7.848540969727461e-06,0.15985849499702454,0.9779511692011692,0.9772787397787397,0.9771943318198647,0.9766666666666667
9.093085850508942e-06,0.15369999408721924,0.9795130332630334,0.9791305916305916,0.9790079735158592,0.9783333333333334
1.3094743266606201e-05,0.16060291230678558,0.9779511692011692,0.9772787397787397,0.9771943318198647,0.9766666666666667
1.0682741911220242e-05,0.16042467951774597,0.9779511692011692,0.9772787397787397,0.9771943318198647,0.9766666666666667
1.4958977899937054e-05,0.15980812907218933,0.9795130332630334,0.9791305916305916,0.9790079735158592,0.9783333333333334
7.795890181701756e-06,0.16004708409309387,0.9779511692011692,0.9772787397787397,0.9771943318198647,0.9766666666666667
7.608334129827199e-06,0.1602594554424286,0.9779511692011692,0.9772787397787397,0.9771943318198647,0.9766666666666667
9.879867131227607e-06,0.1669658124446869,0.9746178358678358,0.973575036075036,0.9732591466346795,0.9733333333333333
6.656050653456684e-06,0.1584080457687378,0.9779511692011692,0.9772787397787397,0.9771943318198647,0.9766666666666667
1.0079940035249516e-05,0.15976738929748535,0.9779511692011692,0.9772787397787397,0.9771943318198647,0.9766666666666667
1.22706095784982e-05,0.15790089964866638,0.9795130332630334,0.9791305916305916,0.9790079735158592,0.9783333333333334
1.4091531715128744e-05,0.1515781283378601,0.9795130332630334,0.9791305916305916,0.9790079735158592,0.9783333333333334
5.992452254114748e-06,0.15728074312210083,0.9795130332630334,0.9791305916305916,0.9790079735158592,0.9783333333333334
6.973743377140333e-06,0.15413740277290344,0.9795130332630334,0.9791305916305916,0.9790079735158592,0.9783333333333334
8.040467884976957e-06,0.16058164834976196,0.9779511692011692,0.9772787397787397,0.9771943318198647,0.9766666666666667
6.713867155857163e-06,0.16284549236297607,0.9779511692011692,0.9772787397787397,0.9771943318198647,0.9766666666666667
7.916490190496006e-06,0.16397720575332642,0.9779511692011692,0.9772787397787397,0.9771943318198647,0.9766666666666667
7.65105087197071e-06,0.1573917269706726,0.9779511692011692,0.9772787397787397,0.9771943318198647,0.9766666666666667
1.256684463868396e-05,0.1587880253791809,0.9795130332630334,0.9791305916305916,0.9790079735158592,0.9783333333333334
9.237527891059472e-06,0.1555415540933609,0.9795130332630334,0.9791305916305916,0.9790079735158592,0.9783333333333334
1.7766554575378752e-05,0.156337708234787,0.9795130332630334,0.9791305916305916,0.9790079735158592,0.9783333333333334
5.633831018296102e-06,0.15615886449813843,0.9779511692011692,0.9772787397787397,0.9771943318198647,0.9766666666666667
7.14580220062544e-06,0.1540137529373169,0.9795130332630334,0.9791305916305916,0.9790079735158592,0.9783333333333334
6.053249030912866e-06,0.15372444689273834,0.9795130332630334,0.9791305916305916,0.9790079735158592,0.9783333333333334
6.9775183533238305e-06,0.16354882717132568,0.9795130332630334,0.9791305916305916,0.9790079735158592,0.9783333333333334
6.6530704666926494e-06,0.1599157452583313,0.9795130332630334,0.9791305916305916,0.9790079735158592,0.9783333333333334
6.900827150010021e-06,0.16498538851737976,0.9779511692011692,0.9772787397787397,0.9771943318198647,0.9766666666666667
9.587208308422154e-06,0.15309718251228333,0.9795130332630334,0.9791305916305916,0.9790079735158592,0.9783333333333334
7.686416428972128e-06,0.1558787226676941,0.9795130332630334,0.9791305916305916,0.9790079735158592,0.9783333333333334
9.278655028310823e-06,0.15453921258449554,0.9795130332630334,0.9791305916305916,0.9790079735158592,0.9783333333333334
7.814168938580224e-06,0.15859967470169067,0.9795130332630334,0.9791305916305916,0.9790079735158592,0.9783333333333334
6.152788728286396e-06,0.1565060019493103,0.9795130332630334,0.9791305916305916,0.9790079735158592,0.9783333333333334
8.918047041580243e-06,0.15553563833236694,0.9795130332630334,0.9791305916305916,0.9790079735158592,0.9783333333333334
1.0157823529273932e-05,0.15306130051612854,0.9795130332630334,0.9791305916305916,0.9790079735158592,0.9783333333333334
6.916920180325785e-06,0.15565899014472961,0.9795130332630334,0.9791305916305916,0.9790079735158592,0.9783333333333334
8.300741560181754e-06,0.1546451896429062,0.9795130332630334,0.9791305916305916,0.9790079735158592,0.9783333333333334
6.635586368967476e-06,0.15849769115447998,0.9795130332630334,0.9791305916305916,0.9790079735158592,0.9783333333333334
8.77360503655685e-06,0.16065546870231628,0.9795130332630334,0.9791305916305916,0.9790079735158592,0.9783333333333334
9.111364758969861e-06,0.16135530173778534,0.9795130332630334,0.9791305916305916,0.9790079735158592,0.9783333333333334
5.231102221614492e-06,0.16105404496192932,0.9795130332630334,0.9791305916305916,0.9790079735158592,0.9783333333333334
6.326834390317042e-06,0.15469130873680115,0.9795130332630334,0.9791305916305916,0.9790079735158592,0.9783333333333334
8.440216224888294e-06,0.15854936838150024,0.9795130332630334,0.9791305916305916,0.9790079735158592,0.9783333333333334
1.0101596586764572e-05,0.16323213279247284,0.9795130332630334,0.9791305916305916,0.9790079735158592,0.9783333333333334
5.2452087876038904e-06,0.15770334005355835,0.9795130332630334,0.9791305916305916,0.9790079735158592,0.9783333333333334
6.91692031769738e-06,0.15622511506080627,0.9795130332630334,0.9791305916305916,0.9790079735158592,0.9783333333333334
7.605155322683761e-06,0.1573563516139984,0.9795130332630334,0.9791305916305916,0.9790079735158592,0.9783333333333334
1.0605851883838113e-05,0.15701331198215485,0.9795130332630334,0.9791305916305916,0.9790079735158592,0.9783333333333334
6.0224533745175295e-06,0.15860572457313538,0.9795130332630334,0.9791305916305916,0.9790079735158592,0.9783333333333334
3.999074285350919e-06,0.161044180393219,0.9795130332630334,0.9791305916305916,0.9790079735158592,0.9783333333333334
4.396041215197026e-06,0.155558243393898,0.9795130332630334,0.9791305916305916,0.9790079735158592,0.9783333333333334
0.0166385989978437,0.5622531175613403,0.9578227547306494,0.9462722462722462,0.9419984947132036,0.945
0.0010341772394895088,0.17380957305431366,0.9715180190180192,0.9699512987012988,0.9695688310835817,0.9699999999999999
0.025003175603899308,0.18036401271820068,0.9608647306712323,0.9526611351611352,0.9527782966430823,0.9516666666666665
0.014011027978691951,0.16050046682357788,0.9657037260984628,0.9627559477559479,0.9611231347560486,0.9633333333333334
0.022464409090692545,0.09897952526807785,0.974418821918822,0.9753607503607505,0.974238372895258,0.9733333333333333
0.007195027801268831,0.13077759742736816,0.9740147815147814,0.9723184223184224,0.9722560827682311,0.9716666666666667
0.002310112315323446,0.11069928109645844,0.9768125855625857,0.9731451418951419,0.9738146150130379,0.9733333333333333
0.00018291830777646587,0.10818043351173401,0.9804038554038556,0.9789321789321789,0.979035442660336,0.9783333333333334
0.00021063149036611625,0.10093121975660324,0.9785057072557074,0.9770803270803271,0.9772318323273139,0.9766666666666667
0.00016832828441692982,0.10725133866071701,0.9804038554038556,0.9789321789321789,0.979035442660336,0.9783333333333334
0.00013580660148212095,0.11009600758552551,0.9804038554038556,0.9789321789321789,0.979035442660336,0.9783333333333334
0.00011021892288454183,0.10294051468372345,0.9797561235061236,0.9785954785954787,0.9787130178084994,0.9783333333333334
7.620036550785396e-05,0.10300792753696442,0.9797561235061236,0.9785954785954787,0.9787130178084994,0.9783333333333334
5.8826009649237676e-05,0.10004480183124542,0.9797561235061236,0.9785954785954787,0.9787130178084994,0.9783333333333334
4.8766136027704e-05,0.10603197664022446,0.9815027565027566,0.9804473304473306,0.9805238431487364,0.9800000000000001
4.726509257579892e-05,0.10639824718236923,0.9815027565027566,0.9804473304473306,0.9805238431487364,0.9800000000000001
5.286455103714616e-05,0.10488616675138474,0.9797561235061236,0.9785954785954787,0.9787130178084994,0.9783333333333334
4.505991900790226e-05,0.10418357700109482,0.9797561235061236,0.9785954785954787,0.9787130178084994,0.9783333333333334
3.654321015271004e-05,0.1124982088804245,0.9804038554038556,0.9789321789321789,0.979035442660336,0.9783333333333334
6.404787188785122e-05,0.10591938346624374,0.9797561235061236,0.9785954785954787,0.9787130178084994,0.9783333333333334
3.9256810926720696e-05,0.1101902574300766,0.9815027565027566,0.9804473304473306,0.9805238431487364,0.9800000000000001
5.079726325144899e-05,0.11510911583900452,0.9789223739223739,0.9770803270803271,0.9770610417888764,0.9766666666666666
3.7829477889772534e-05,0.11360311508178711,0.9785057072557074,0.9770803270803271,0.9772318323273139,0.9766666666666667
3.336171304605765e-05,0.11511727422475815,0.9804038554038556,0.9789321789321789,0.979035442660336,0.9783333333333334
3.176351373213038e-05,0.11722996830940247,0.9804038554038556,0.9789321789321789,0.979035442660336,0.9783333333333334
8.524417909446431e-05,0.1197768896818161,0.9804038554038556,0.9789321789321789,0.979035442660336,0.9783333333333334
3.84541354871241e-05,0.11297410726547241,0.9804038554038556,0.9789321789321789,0.979035442660336,0.9783333333333334
2.296447793052418e-05,0.1141519546508789,0.9797561235061236,0.9785954785954787,0.9787130178084994,0.9783333333333334
1.9439260398712577e-05,0.11407851427793503,0.9785057072557074,0.9770803270803271,0.9772318323273139,0.9766666666666667
3.767907644676901e-05,0.11511984467506409,0.9785057072557074,0.9770803270803271,0.9772318323273139,0.9766666666666667
2.626538237867256e-05,0.1200358122587204,0.9770242257742258,0.9752284752284752,0.9752574314558543,0.975
2.512812627249635e-05,0.11122661083936691,0.9797561235061236,0.9785954785954787,0.9787130178084994,0.9783333333333334
4.2577386210496115e-05,0.11631487309932709,0.9804038554038556,0.9789321789321789,0.979035442660336,0.9783333333333334
1.3484954990872211e-05,0.11773109436035156,0.9804038554038556,0.9789321789321789,0.979035442660336,0.9783333333333334
1.8777052872565037e-05,0.11679995059967041,0.9785057072557074,0.9770803270803271,0.9772318323273139,0.9766666666666667
1.8508831980549683e-05,0.11091320216655731,0.9797561235061236,0.9785954785954787,0.9787130178084994,0.9783333333333334
1.8122196019968822e-05,0.11347436159849167,0.9797561235061236,0.9785954785954787,0.9787130178084994,0.9783333333333334
3.0916333003006e-05,0.11387674510478973,0.9804038554038556,0.9789321789321789,0.979035442660336,0.9783333333333334
1.965661828270034e-05,0.11162599176168442,0.9815027565027566,0.9804473304473306,0.9805238431487364,0.9800000000000001
1.6459226496105355e-05,0.11202865093946457,0.9797561235061236,0.9785954785954787,0.9787130178084994,0.9783333333333334
2.9803514432084437e-05,0.11924489587545395,0.9804038554038556,0.9789321789321789,0.979035442660336,0.9783333333333334
2.139786917609854e-05,0.11698996275663376,0.9815027565027566,0.9804473304473306,0.9805238431487364,0.9800000000000001
2.2275646491228446e-05,0.1147020012140274,0.9815027565027566,0.9804473304473306,0.9805238431487364,0.9800000000000001
1.540740336736235e-05,0.11330632865428925,0.9804038554038556,0.9789321789321789,0.979035442660336,0.9783333333333334
1.8454988785758058e-05,0.11332913488149643,0.9815027565027566,0.9804473304473306,0.9805238431487364,0.9800000000000001
1.507778949871863e-05,0.1141027957201004,0.9797561235061236,0.9785954785954787,0.9787130178084994,0.9783333333333334
1.7651518125679406e-05,0.12116706371307373,0.9789223739223739,0.9770803270803271,0.9770610417888764,0.9766666666666666
1.561701317124668e-05,0.1191944032907486,0.9804038554038556,0.9789321789321789,0.979035442660336,0.9783333333333334
1.0360876747957567e-05,0.11789922416210175,0.9804038554038556,0.9789321789321789,0.979035442660336,0.9783333333333334
5.4070950919064366e-05,0.11372559517621994,0.9797561235061236,0.9785954785954787,0.9787130178084994,0.9783333333333334
1.4120141824965534e-05,0.11501540243625641,0.9815027565027566,0.9804473304473306,0.9805238431487364,0.9800000000000001
1.8123587210538972e-05,0.1181420385837555,0.9804038554038556,0.9789321789321789,0.979035442660336,0.9783333333333334
1.7437140002130036e-05,0.11841161549091339,0.9804038554038556,0.9789321789321789,0.979035442660336,0.9783333333333334
1.1189778670465481e-05,0.11831917613744736,0.9804038554038556,0.9789321789321789,0.979035442660336,0.9783333333333334
0.00021935860099138912,0.11515703797340393,0.980021275021275,0.9785954785954787,0.9785494422772768,0.9783333333333332
2.17686097035615e-05,0.11723776906728745,0.9804038554038556,0.9789321789321789,0.979035442660336,0.9783333333333334
3.426035250697623e-05,0.11646349728107452,0.9815027565027566,0.9804473304473306,0.9805238431487364,0.9800000000000001
2.2199750015753732e-05,0.11706340312957764,0.9815027565027566,0.9804473304473306,0.9805238431487364,0.9800000000000001
2.1895368888635858e-05,0.11976318806409836,0.9804038554038556,0.9789321789321789,0.979035442660336,0.9783333333333334
4.936913785987448e-05,0.12682589888572693,0.9804038554038556,0.9789321789321789,0.979035442660336,0.9783333333333334
1.6904274526533907e-05,0.12284177541732788,0.9815027565027566,0.9804473304473306,0.9805238431487364,0.9800000000000001
2.1834572535794905e-05,0.1265336573123932,0.9804038554038556,0.9789321789321789,0.979035442660336,0.9783333333333334
1.0067025831024997e-05,0.12021881341934204,0.9815027565027566,0.9804473304473306,0.9805238431487364,0.9800000000000001
1.1358857155604104e-05,0.12304990738630295,0.9815027565027566,0.9804473304473306,0.9805238431487364,0.9800000000000001
1.2810627585698361e-05,0.12521618604660034,0.9815027565027566,0.9804473304473306,0.9805238431487364,0.9800000000000001
1.0709564013685243e-05,0.1229737401008606,0.9815027565027566,0.9804473304473306,0.9805238431487364,0.9800000000000001
9.151021635508035e-05,0.12510807812213898,0.9800212750212752,0.9789321789321789,0.9788711001802041,0.9783333333333334
6.4820051382715365e-06,0.12803833186626434,0.9800212750212752,0.9789321789321789,0.9788711001802041,0.9783333333333334
1.771430158707214e-05,0.12677256762981415,0.9800212750212752,0.9789321789321789,0.9788711001802041,0.9783333333333334
7.747610415738867e-06,0.12916947901248932,0.9800212750212752,0.9789321789321789,0.9788711001802041,0.9783333333333334
1.1280973860531654e-05,0.13075052201747894,0.9800212750212752,0.9789321789321789,0.9788711001802041,0.9783333333333334
1.0254780543543044e-05,0.12663422524929047,0.9800212750212752,0.9789321789321789,0.9788711001802041,0.9783333333333334
1.250108083657627e-05,0.12822407484054565,0.9804038554038556,0.9789321789321789,0.979035442660336,0.9783333333333334
1.0060667960942737e-05,0.12806938588619232,0.9800212750212752,0.9789321789321789,0.9788711001802041,0.9783333333333334
1.2822548451178287e-05,0.12752865254878998,0.9800212750212752,0.9789321789321789,0.9788711001802041,0.9783333333333334
1.2224912666169985e-05,0.12262769043445587,0.9800212750212752,0.9789321789321789,0.9788711001802041,0.9783333333333334
7.7770153268375e-06,0.1254224181175232,0.9800212750212752,0.9789321789321789,0.9788711001802041,0.9783333333333334
6.931821554682453e-06,0.1271492838859558,0.9800212750212752,0.9789321789321789,0.9788711001802041,0.9783333333333334
9.058912785538572e-06,0.12334661185741425,0.9800212750212752,0.9789321789321789,0.9788711001802041,0.9783333333333334
8.392334005217586e-06,0.12362365424633026,0.9815027565027566,0.9804473304473306,0.9805238431487364,0.9800000000000001
1.6975601421146774e-05,0.1235438734292984,0.9815027565027566,0.9804473304473306,0.9805238431487364,0.9800000000000001
4.819134851175022e-05,0.12698084115982056,0.9797561235061236,0.9785954785954787,0.9787130178084994,0.9783333333333334
1.901904710166491e-05,0.12676626443862915,0.9800212750212752,0.9789321789321789,0.9788711001802041,0.9783333333333334
8.72413322975755e-06,0.12741632759571075,0.9804038554038556,0.9789321789321789,0.979035442660336,0.9783333333333334
8.190671560252364e-06,0.12454184144735336,0.9797561235061236,0.9785954785954787,0.9787130178084994,0.9783333333333334
1.6208489621286997e-05,0.12493901699781418,0.9797561235061236,0.9785954785954787,0.9787130178084994,0.9783333333333334
1.0825395548863526e-05,0.12907469272613525,0.9804038554038556,0.9789321789321789,0.979035442660336,0.9783333333333334
8.834203093499582e-06,0.12531359493732452,0.9785057072557074,0.9770803270803271,0.9772318323273139,0.9766666666666667
1.3602773715130448e-05,0.12177492678165436,0.9797561235061236,0.9785954785954787,0.9787130178084994,0.9783333333333334
6.810625312899295e-06,0.12790066003799438,0.9800212750212752,0.9789321789321789,0.9788711001802041,0.9783333333333334
1.0804136654959015e-05,0.13091571629047394,0.9804038554038556,0.9789321789321789,0.979035442660336,0.9783333333333334
6.302992581197486e-06,0.12415622174739838,0.9815027565027566,0.9804473304473306,0.9805238431487364,0.9800000000000001
8.411606164789495e-06,0.12577301263809204,0.9785057072557074,0.9770803270803271,0.9772318323273139,0.9766666666666667
1.54191255508825e-05,0.12785175442695618,0.9797561235061236,0.9785954785954787,0.9787130178084994,0.9783333333333334
4.9628813864425565e-06,0.12271570414304733,0.9797561235061236,0.9785954785954787,0.9787130178084994,0.9783333333333334
1.2883543779670012e-05,0.12637965381145477,0.9800212750212752,0.9789321789321789,0.9788711001802041,0.9783333333333334
5.508859923490188e-06,0.1236828863620758,0.9800212750212752,0.9789321789321789,0.9788711001802041,0.9783333333333334
8.952617605473279e-06,0.1284337341785431,0.9804038554038556,0.9789321789321789,0.979035442660336,0.9783333333333334
5.189975060678383e-06,0.1227455735206604,0.9797561235061236,0.9785954785954787,0.9787130178084994,0.9783333333333334
7.084012101662059e-06,0.12388108670711517,0.9797561235061236,0.9785954785954787,0.9787130178084994,0.9783333333333334
8.071859549356e-06,0.12431976199150085,0.9815027565027566,0.9804473304473306,0.9805238431487364,0.9800000000000001
7.484356601139552e-06,0.12741374969482422,0.9797561235061236,0.9785954785954787,0.9787130178084994,0.9783333333333334
6.5720082413160226e-06,0.12630674242973328,0.9815027565027566,0.9804473304473306,0.9805238431487364,0.9800000000000001
8.000532654743134e-06,0.12794053554534912,0.9797561235061236,0.9785954785954787,0.9787130178084994,0.9783333333333334
5.72919847504257e-06,0.12424178421497345,0.9797561235061236,0.9785954785954787,0.9787130178084994,0.9783333333333334
5.000631070117834e-06,0.12557917833328247,0.9797561235061236,0.9785954785954787,0.9787130178084994,0.9783333333333334
4.890561157822049e-06,0.13006596267223358,0.9804038554038556,0.9789321789321789,0.979035442660336,0.9783333333333334
3.705819452193282e-06,0.12583082914352417,0.9797561235061236,0.9785954785954787,0.9787130178084994,0.9783333333333334
1.5764634080521017e-05,0.12033313512802124,0.9797561235061236,0.9785954785954787,0.9787130178084994,0.9783333333333334
5.005995435662196e-06,0.12496300786733627,0.9815027565027566,0.9804473304473306,0.9805238431487364,0.9800000000000001
5.82516183082286e-06,0.12500441074371338,0.9797561235061236,0.9785954785954787,0.9787130178084994,0.9783333333333334
5.995233891553653e-06,0.12044462561607361,0.9797561235061236,0.9785954785954787,0.9787130178084994,0.9783333333333334
1.2868046458910007e-05,0.1248651072382927,0.9797561235061236,0.9785954785954787,0.9787130178084994,0.9783333333333334
6.782213892127705e-06,0.12262942641973495,0.9797561235061236,0.9785954785954787,0.9787130178084994,0.9783333333333334
8.064707107754051e-06,0.12280824035406113,0.9797561235061236,0.9785954785954787,0.9787130178084994,0.9783333333333334
1.149455706676387e-05,0.12679550051689148,0.9800212750212752,0.9789321789321789,0.9788711001802041,0.9783333333333334
2.1170576204099234e-05,0.12815824151039124,0.9797561235061236,0.9785954785954787,0.9787130178084994,0.9783333333333334
3.3680597771497864e-06,0.12457066774368286,0.9797561235061236,0.9785954785954787,0.9787130178084994,0.9783333333333334
5.838473704500302e-06,0.12537917494773865,0.9797561235061236,0.9785954785954787,0.9787130178084994,0.9783333333333334
3.536343536817791e-06,0.12889301776885986,0.9800212750212752,0.9789321789321789,0.9788711001802041,0.9783333333333334
7.585684452730372e-06,0.12880121171474457,0.9797561235061236,0.9785954785954787,0.9787130178084994,0.9783333333333334
5.545814817746002e-06,0.1281101107597351,0.9800212750212752,0.9789321789321789,0.9788711001802041,0.9783333333333334
6.747047126035947e-06,0.12771546840667725,0.9800212750212752,0.9789321789321789,0.9788711001802041,0.9783333333333334
4.127621693328365e-06,0.12678776681423187,0.9800212750212752,0.9789321789321789,0.9788711001802041,0.9783333333333334
1.881182164945964e-05,0.12850844860076904,0.9815027565027566,0.9804473304473306,0.9805238431487364,0.9800000000000001
1.508931305712243e-05,0.12618356943130493,0.9797561235061236,0.9785954785954787,0.9787130178084994,0.9783333333333334
3.7874778347675906e-06,0.12612883746623993,0.9800212750212752,0.9789321789321789,0.9788711001802041,0.9783333333333334
5.032618903536938e-06,0.12360942363739014,0.9797561235061236,0.9785954785954787,0.9787130178084994,0.9783333333333334
3.506739953233288e-06,0.12641988694667816,0.9800212750212752,0.9789321789321789,0.9788711001802041,0.9783333333333334
2.540230760909405e-05,0.12734082341194153,0.9800212750212752,0.9789321789321789,0.9788711001802041,0.9783333333333334
6.188948913650923e-06,0.12691730260849,0.9797561235061236,0.9785954785954787,0.9787130178084994,0.9783333333333334
4.496773032750904e-06,0.1254386603832245,0.9797561235061236,0.9785954785954787,0.9787130178084994,0.9783333333333334
5.017717621550825e-06,0.130340576171875,0.9785057072557074,0.9770803270803271,0.9772318323273139,0.9766666666666667
5.094607599194963e-06,0.12586510181427002,0.9815027565027566,0.9804473304473306,0.9805238431487364,0.9800000000000001
3.0656655762110554e-06,0.12440945208072662,0.9815027565027566,0.9804473304473306,0.9805238431487364,0.9800000000000001
5.395213804604282e-06,0.12253652513027191,0.9815027565027566,0.9804473304473306,0.9805238431487364,0.9800000000000001
7.2797138746712635e-06,0.12660637497901917,0.9815027565027566,0.9804473304473306,0.9805238431487364,0.9800000000000001
3.5579999414873478e-06,0.12839409708976746,0.9797561235061236,0.9785954785954787,0.9787130178084994,0.9783333333333334
3.912647618638705e-06,0.12183492630720139,0.9797561235061236,0.9785954785954787,0.9787130178084994,0.9783333333333334
7.1054697935816575e-06,0.1293499916791916,0.9800212750212752,0.9789321789321789,0.9788711001802041,0.9783333333333334
6.30557524890681e-06,0.12715516984462738,0.9797561235061236,0.9785954785954787,0.9787130178084994,0.9783333333333334
6.414453126287374e-06,0.12633004784584045,0.9797561235061236,0.9785954785954787,0.9787130178084994,0.9783333333333334
7.760922155597427e-06,0.12897014617919922,0.9797561235061236,0.9785954785954787,0.9787130178084994,0.9783333333333334
4.388491378885344e-06,0.1269976794719696,0.9797561235061236,0.9785954785954787,0.9787130178084994,0.9783333333333334
3.642439880972385e-06,0.12469647824764252,0.9797561235061236,0.9785954785954787,0.9787130178084994,0.9783333333333334
1.0780493313452174e-05,0.12798959016799927,0.9797561235061236,0.9785954785954787,0.9787130178084994,0.9783333333333334
3.741184912087192e-06,0.12601764500141144,0.9815027565027566,0.9804473304473306,0.9805238431487364,0.9800000000000001
3.1401713774433424e-06,0.125466987490654,0.9815027565027566,0.9804473304473306,0.9805238431487364,0.9800000000000001
3.17136442854841e-06,0.12709806859493256,0.9800212750212752,0.9789321789321789,0.9788711001802041,0.9783333333333334
9.20156629054721e-06,0.13011609017848969,0.9815027565027566,0.9804473304473306,0.9805238431487364,0.9800000000000001
7.711648954966677e-06,0.12709936499595642,0.9797561235061236,0.9785954785954787,0.9787130178084994,0.9783333333333334
2.73664793108234e-06,0.12670612335205078,0.9797561235061236,0.9785954785954787,0.9787130178084994,0.9783333333333334
6.39796267876136e-06,0.12521809339523315,0.9797561235061236,0.9785954785954787,0.9787130178084994,0.9783333333333334
3.556013138468946e-06,0.12347327172756195,0.9797561235061236,0.9785954785954787,0.9787130178084994,0.9783333333333334
5.576411870341265e-06,0.12499502301216125,0.9797561235061236,0.9785954785954787,0.9787130178084994,0.9783333333333334
6.538033493560154e-06,0.1301848292350769,0.9797561235061236,0.9785954785954787,0.9787130178084994,0.9783333333333334
4.4514735814497426e-06,0.1283947229385376,0.9815027565027566,0.9804473304473306,0.9805238431487364,0.9800000000000001
5.223155035594118e-06,0.12562565505504608,0.9797561235061236,0.9785954785954787,0.9787130178084994,0.9783333333333334
3.3044815050213097e-06,0.1289806067943573,0.9815027565027566,0.9804473304473306,0.9805238431487364,0.9800000000000001
1.3905366112491416e-05,0.1333596408367157,0.9804038554038556,0.9789321789321789,0.979035442660336,0.9783333333333334
2.8113524119059243e-06,0.1262352466583252,0.9797561235061236,0.9785954785954787,0.9787130178084994,0.9783333333333334
6.686846511172462e-06,0.12530726194381714,0.9797561235061236,0.9785954785954787,0.9787130178084994,0.9783333333333334
3.1536817862350595e-06,0.12569531798362732,0.9797561235061236,0.9785954785954787,0.9787130178084994,0.9783333333333334
3.502766235878122e-06,0.12343628704547882,0.9797561235061236,0.9785954785954787,0.9787130178084994,0.9783333333333334
7.624824876965401e-06,0.12760409712791443,0.9797561235061236,0.9785954785954787,0.9787130178084994,0.9783333333333334
3.5123030481069386e-06,0.1309116780757904,0.9815027565027566,0.9804473304473306,0.9805238431487364,0.9800000000000001
6.428162161379684e-06,0.13119813799858093,0.9815027565027566,0.9804473304473306,0.9805238431487364,0.9800000000000001
5.55813320701759e-06,0.12676870822906494,0.9815027565027566,0.9804473304473306,0.9805238431487364,0.9800000000000001
2.871751776230743e-06,0.1272200644016266,0.9815027565027566,0.9804473304473306,0.9805238431487364,0.9800000000000001
1.0428627267818532e-05,0.12679432332515717,0.9797561235061236,0.9785954785954787,0.9787130178084994,0.9783333333333334
3.9605298998897824e-06,0.12603622674942017,0.9797561235061236,0.9785954785954787,0.9787130178084994,0.9783333333333334
9.29335759044155e-06,0.12920540571212769,0.9815027565027566,0.9804473304473306,0.9805238431487364,0.9800000000000001
3.116925536043406e-06,0.12856465578079224,0.9815027565027566,0.9804473304473306,0.9805238431487364,0.9800000000000001
3.842512768414963e-06,0.12888485193252563,0.9815027565027566,0.9804473304473306,0.9805238431487364,0.9800000000000001
3.862579651089011e-06,0.12966802716255188,0.9815027565027566,0.9804473304473306,0.9805238431487364,0.9800000000000001
4.788835892573691e-06,0.12545877695083618,0.9797561235061236,0.9785954785954787,0.9787130178084994,0.9783333333333334
3.4081935898673996e-06,0.12736113369464874,0.9800212750212752,0.9789321789321789,0.9788711001802041,0.9783333333333334
5.490183907497226e-06,0.1274309605360031,0.9815027565027566,0.9804473304473306,0.9805238431487364,0.9800000000000001
4.127422930840415e-06,0.1290026754140854,0.9797561235061236,0.9785954785954787,0.9787130178084994,0.9783333333333334
3.83834045554939e-06,0.12633416056632996,0.9815027565027566,0.9804473304473306,0.9805238431487364,0.9800000000000001
7.526477043976835e-06,0.12415988743305206,0.9797561235061236,0.9785954785954787,0.9787130178084994,0.9783333333333334
3.4614403989034295e-06,0.12608899176120758,0.9815027565027566,0.9804473304473306,0.9805238431487364,0.9800000000000001
4.17272249819689e-06,0.12483510375022888,0.9797561235061236,0.9785954785954787,0.9787130178084994,0.9783333333333334
3.1497081257233126e-06,0.13055869936943054,0.9815027565027566,0.9804473304473306,0.9805238431487364,0.9800000000000001
9.199778261859137e-06,0.1258264183998108,0.9797561235061236,0.9785954785954787,0.9787130178084994,0.9783333333333334
3.881653120411481e-06,0.12723278999328613,0.9797561235061236,0.9785954785954787,0.9787130178084994,0.9783333333333334
3.757079473606003e-06,0.1254015862941742,0.9797561235061236,0.9785954785954787,0.9787130178084994,0.9783333333333334
5.435546260201818e-06,0.12541557848453522,0.9797561235061236,0.9785954785954787,0.9787130178084994,0.9783333333333334
2.9142697689129213e-06,0.12852579355239868,0.9797561235061236,0.9785954785954787,0.9787130178084994,0.9783333333333334
3.788669936000133e-06,0.12967225909233093,0.9797561235061236,0.9785954785954787,0.9787130178084994,0.9783333333333334
5.333423568269306e-06,0.13172167539596558,0.9815027565027566,0.9804473304473306,0.9805238431487364,0.9800000000000001
2.77519228101634e-06,0.12699615955352783,0.9815027565027566,0.9804473304473306,0.9805238431487364,0.9800000000000001
4.840493172508786e-06,0.13125288486480713,0.9770242257742258,0.9752284752284752,0.9752574314558543,0.975
1.1002222624512115e-05,0.12445539236068726,0.9797561235061236,0.9785954785954787,0.9787130178084994,0.9783333333333334
2.5717417540723395e-06,0.12434856593608856,0.9797561235061236,0.9785954785954787,0.9787130178084994,0.9783333333333334
7.095535647039242e-06,0.12237505614757538,0.9797561235061236,0.9785954785954787,0.9787130178084994,0.9783333333333334
7.849335698750792e-06,0.123965784907341,0.9797561235061236,0.9785954785954787,0.9787130178084994,0.9783333333333334
3.5186608779251096e-06,0.13153904676437378,0.9815027565027566,0.9804473304473306,0.9805238431487364,0.9800000000000001
5.732973538859672e-06,0.12641344964504242,0.9797561235061236,0.9785954785954787,0.9787130178084994,0.9783333333333334
3.3410390850955687e-06,0.12519049644470215,0.9797561235061236,0.9785954785954787,0.9787130178084994,0.9783333333333334
5.044142373122895e-06,0.12958598136901855,0.9797561235061236,0.9785954785954787,0.9787130178084994,0.9783333333333334
5.28653471102795e-06,0.12670227885246277,0.9797561235061236,0.9785954785954787,0.9787130178084994,0.9783333333333334
2.5415420784232388e-06,0.1277875155210495,0.9797561235061236,0.9785954785954787,0.9787130178084994,0.9783333333333334
3.8025776293674576e-06,0.12646034359931946,0.9797561235061236,0.9785954785954787,0.9787130178084994,0.9783333333333334
2.6321411207656333e-06,0.12572512030601501,0.9815027565027566,0.9804473304473306,0.9805238431487364,0.9800000000000001
4.8716863301952644e-06,0.1256318986415863,0.9797561235061236,0.9785954785954787,0.9787130178084994,0.9783333333333334
2.3400783533134017e-06,0.12783947587013245,0.9797561235061236,0.9785954785954787,0.9787130178084994,0.9783333333333334
2.6460488863714695e-06,0.1311095654964447,0.9815027565027566,0.9804473304473306,0.9805238431487364,0.9800000000000001
3.5581985997623633e-06,0.13175725936889648,0.9797561235061236,0.9785954785954787,0.9787130178084994,0.9783333333333334
2.8449296879765975e-06,0.12368963658809662,0.9797561235061236,0.9785954785954787,0.9787130178084994,0.9783333333333334
2.2321939200746024e-06,0.12824785709381104,0.9797561235061236,0.9785954785954787,0.9787130178084994,0.9783333333333334
5.978147331830996e-06,0.12685219943523407,0.9797561235061236,0.9785954785954787,0.9787130178084994,0.9783333333333334
6.700754063615477e-06,0.12686869502067566,0.9797561235061236,0.9785954785954787,0.9787130178084994,0.9783333333333334
3.234545407811614e-06,0.12567701935768127,0.9797561235061236,0.9785954785954787,0.9787130178084994,0.9783333333333334
3.987749470487263e-06,0.12390047311782837,0.9797561235061236,0.9785954785954787,0.9787130178084994,0.9783333333333334
2.580086402304005e-06,0.12737497687339783,0.9797561235061236,0.9785954785954787,0.9787130178084994,0.9783333333333334
4.410545036156084e-06,0.12307137250900269,0.9797561235061236,0.9785954785954787,0.9787130178084994,0.9783333333333334
2.6561816497405744e-06,0.12543724477291107,0.9797561235061236,0.9785954785954787,0.9787130178084994,0.9783333333333334
1.2251138915786441e-05,0.13000638782978058,0.9797561235061236,0.9785954785954787,0.9787130178084994,0.9783333333333334
4.93645670000357e-06,0.12223763763904572,0.9797561235061236,0.9785954785954787,0.9787130178084994,0.9783333333333334
