training_loss,validation_loss,precision,recall,f1,accuracy
1.7257827669382095,1.0291657447814941,0.8565685852818206,0.8410555049525638,0.8329893455804555,0.8416666666666667
0.79238610714674,0.567432165145874,0.9163581873779242,0.9112812650312648,0.9085543145645626,0.91
0.4785506824652354,0.4084794521331787,0.9293396734844105,0.929570707070707,0.9274154678400749,0.9266666666666666
0.3613878283649683,0.3432444930076599,0.9382973739223739,0.9360046897546899,0.9348175608516791,0.935
0.30112130753695965,0.2896544337272644,0.9434663253413254,0.9418253968253968,0.940731683415923,0.9416666666666668
0.24850319946805635,0.25667712092399597,0.9484894734894734,0.9487908850408852,0.9471101503150119,0.9483333333333333
0.22143525009353957,0.24145416915416718,0.9419264531764533,0.9417670755170754,0.9398997512027035,0.94
0.19392189073065916,0.2167128175497055,0.9517975542975542,0.9521578884078884,0.9504610438240694,0.9516666666666667
0.174332355769972,0.20683346688747406,0.9506561956561957,0.9486393698893699,0.9482726393360058,0.9483333333333333
0.16375343470523754,0.19575324654579163,0.9509311521811522,0.9509674122174121,0.9491780555152926,0.9500000000000001
0.1510095614939928,0.19172684848308563,0.9465135790135791,0.9465361952861953,0.944374491558489,0.945
0.13778674261023602,0.17804323136806488,0.9571232471232473,0.9550619288119288,0.9546988225115497,0.9550000000000001
0.1287875281025966,0.17007768154144287,0.9557333407333406,0.9551881914381913,0.954202565319214,0.9550000000000001
0.11833344555149476,0.16731661558151245,0.9555071780071781,0.9548635161135163,0.9542362852776995,0.955
0.11288838864614566,0.16162945330142975,0.9570223295223296,0.9560539923039925,0.9556947034027844,0.9566666666666667
0.11269467727591594,0.16168378293514252,0.9559180171680172,0.9555579605579606,0.9547121786653577,0.9550000000000001
0.10324148554354906,0.15267935395240784,0.9571533559033557,0.9567484367484367,0.9558153239492361,0.9566666666666667
0.09936404041945934,0.14770449697971344,0.9602109464609464,0.9595262145262146,0.9590112475434974,0.96
0.09249910820896427,0.14872246980667114,0.9601842139342139,0.9583357383357384,0.9581295953082646,0.9583333333333331
0.08920704619958997,0.15274611115455627,0.9609736559736559,0.9596645021645022,0.9592415189484558,0.96
0.08700952570264538,0.14238107204437256,0.9611826599326599,0.9604190716690718,0.959751695004533,0.9600000000000001
0.08328475337475538,0.14132443070411682,0.9620907795907795,0.9604190716690716,0.9600548351011514,0.9600000000000001
0.07632283975059788,0.1378362476825714,0.962051097051097,0.9598508898508898,0.9597463058923664,0.9600000000000001
0.07648072795321544,0.1319202184677124,0.9617270229770228,0.9609944684944686,0.9606847266732625,0.9616666666666666
0.07281947694718838,0.13772788643836975,0.9620907795907795,0.9604190716690716,0.9600548351011514,0.9600000000000001
0.07099173590540886,0.1340319663286209,0.9648052873052873,0.9631246993746995,0.9629958864245557,0.9633333333333334
0.0660956275338928,0.1309492290019989,0.9617270229770228,0.9609944684944686,0.9606847266732625,0.9616666666666666
0.06499800753469269,0.13593749701976776,0.9592092167092168,0.9578126503126502,0.9574430365570942,0.9583333333333334
0.07052568284173806,0.1312042474746704,0.9587981462981463,0.9585070947570947,0.9577783192081663,0.9583333333333334
0.06132928732161721,0.131931334733963,0.9641344303844304,0.9619342231842233,0.9617207067638261,0.9616666666666668
0.059573926186809935,0.12821492552757263,0.9640560828060828,0.9623833573833575,0.9624572871594453,0.9633333333333333
0.057543154805898666,0.12996602058410645,0.9619727494727495,0.9607166907166907,0.9604689830658781,0.9616666666666666
0.05531733304572602,0.12752169370651245,0.960285224035224,0.9589039201539201,0.9583399269156551,0.9583333333333334
0.055663477551812925,0.12545320391654968,0.9637518500018499,0.9628000240500242,0.9624987101613948,0.9633333333333333
0.05314882953340808,0.12166927754878998,0.9654164816664815,0.9629064454064453,0.9631259143337597,0.9633333333333334
0.05130940598125259,0.12361973524093628,0.9662450512450512,0.9645929533429535,0.964768954962734,0.9649999999999999
0.05092672863975167,0.12118382751941681,0.9671480833980833,0.9649897787397786,0.9651076885981427,0.965
0.04586016107350588,0.12120307981967926,0.9657480019980019,0.9638985088985089,0.9641305322150434,0.9649999999999999
0.04559601556199292,0.12294222414493561,0.9652962315462313,0.9636008898508899,0.9634026587601205,0.9633333333333334
0.04704539407975972,0.12080415338277817,0.9657480019980019,0.9638985088985089,0.9641305322150434,0.9649999999999999
0.04468063684180379,0.1227366253733635,0.9625746013246014,0.9608682058682058,0.9608226449984874,0.9616666666666666
0.04218251413355271,0.12026908993721008,0.9679493654493654,0.9656842231842232,0.9656907851217764,0.965
0.04409226177570721,0.11894559860229492,0.9681706719206719,0.9665969215969216,0.9663615916438414,0.9666666666666667
0.04126818974812826,0.11824913322925568,0.9663915713915713,0.9640969215969215,0.9643457677704323,0.965
0.04084174591116607,0.11945585906505585,0.9702540052540051,0.9682635882635883,0.9683498957374086,0.9683333333333333
0.040440643671900034,0.11848076432943344,0.9702540052540051,0.9682635882635883,0.9683498957374086,0.9683333333333333
0.03777868657683333,0.11721816658973694,0.9714139564139562,0.9694540644540645,0.9696151361330837,0.9700000000000001
0.037459824389467634,0.11699642986059189,0.9692314167314167,0.9670731120731121,0.9670820894696024,0.9666666666666667
0.03868091021043559,0.12222697585821152,0.9658660321160321,0.9640175565175566,0.9637024810282092,0.9633333333333334
0.03751280213085314,0.11581975221633911,0.9702540052540051,0.9682635882635883,0.9683498957374086,0.9683333333333333
0.03475199438010653,0.11793261766433716,0.9692314167314167,0.9670731120731121,0.9670820894696024,0.9666666666666667
0.03409840725362301,0.11444108188152313,0.9681706719206719,0.9661802549302548,0.9663754948659489,0.9666666666666667
0.03583205002360046,0.11779005825519562,0.9667102342102342,0.9653595478595478,0.9649716208437885,0.965
0.03542141461124023,0.12169402837753296,0.9679493654493654,0.9656842231842232,0.9656907851217764,0.965
0.03266606984349588,0.11504338681697845,0.9693191993191993,0.9668025493025492,0.9671888988744329,0.9683333333333333
0.03008963381095479,0.11655279248952866,0.9667400654900655,0.9642352092352092,0.9643745803925281,0.9649999999999999
0.029507364767293136,0.11638288199901581,0.9701996614496614,0.9672655122655122,0.9676257161564515,0.9683333333333332
0.028580950961137812,0.1153009757399559,0.9714139564139562,0.9694540644540645,0.9696151361330837,0.9700000000000001
0.028582052094861865,0.11631744354963303,0.9714139564139562,0.9694540644540645,0.9696151361330837,0.9700000000000001
0.029256444424390793,0.11499571800231934,0.969330623080623,0.967370731120731,0.9676407352616242,0.9683333333333333
0.028618475305847824,0.11353441327810287,0.9710982998482999,0.9688858826358825,0.9692186259699497,0.9699999999999999
0.026760047495675583,0.11549268662929535,0.9699383486883487,0.9676954064454063,0.9679533855742745,0.9683333333333333
0.02897871662086497,0.11302562057971954,0.9710982998482999,0.9688858826358825,0.9692186259699497,0.9699999999999999
0.026387041977917153,0.11426480859518051,0.9699383486883487,0.9676954064454063,0.9679533855742745,0.9683333333333333
0.025684322191712756,0.11839324235916138,0.9675701613201614,0.9646981721981721,0.9646431877915703,0.9649999999999999
0.02626986417453736,0.1151539534330368,0.9707872682872684,0.9692225829725829,0.9693316510995987,0.9699999999999999
0.026812287125115592,0.11699970066547394,0.9687654475154476,0.9662133237133236,0.9662304893788719,0.9666666666666665
0.026612087657364707,0.11995045840740204,0.9681748344248344,0.9659818422318422,0.9662356375176517,0.9666666666666667
0.024448873902050156,0.11556433886289597,0.9694568857068857,0.967370731120731,0.9676269418654777,0.9683333333333333
0.024399794715767104,0.11685739457607269,0.9682969345469346,0.9661802549302548,0.9663617014698026,0.9666666666666667
0.023515446848856907,0.11542515456676483,0.9699383486883487,0.9676954064454063,0.9679533855742745,0.9683333333333333
0.022983408222595852,0.11904127895832062,0.9694568857068857,0.967370731120731,0.9676269418654777,0.9683333333333333
0.02456652815453708,0.11972351372241974,0.9684119121619122,0.9664448051948051,0.9666333080196767,0.9666666666666667
0.02217968669719994,0.1181335300207138,0.9676387038887038,0.9658555796055796,0.9659674902060261,0.9666666666666667
0.023197364682952564,0.116575226187706,0.9682969345469346,0.9661802549302548,0.9663617014698026,0.9666666666666667
0.021495296231781442,0.1173277348279953,0.9701038313538314,0.9676022126022126,0.9677172679194261,0.9683333333333333
0.022262452519498765,0.12380632013082504,0.9698493635993636,0.966550024050024,0.9662828931154861,0.9666666666666665
0.020400663566154737,0.11778970062732697,0.9694568857068857,0.967370731120731,0.9676269418654777,0.9683333333333333
0.020496195880696177,0.11668240278959274,0.9682969345469346,0.9661802549302548,0.9663617014698026,0.9666666666666667
0.023785013589076698,0.11887024343013763,0.9694568857068857,0.967370731120731,0.9676269418654777,0.9683333333333333
0.020800009253434837,0.11645796149969101,0.9699218836718836,0.9678336940836941,0.9680933470060316,0.9683333333333334
0.019657079440852005,0.11712583154439926,0.9672651885151885,0.9646651034151034,0.964994858436293,0.965
0.020963696918139856,0.11684294790029526,0.9682969345469346,0.9661802549302548,0.9663617014698026,0.9666666666666667
0.019104117100747924,0.1179015040397644,0.972021682021682,0.9697787397787397,0.9699277864457341,0.9699999999999999
0.02174696431029588,0.11629021167755127,0.9673470973470972,0.9664448051948052,0.9661246719438378,0.9666666666666667
0.016763461055234075,0.11701200902462006,0.9682969345469346,0.9661802549302548,0.9663617014698026,0.9666666666666667
0.01978897846614321,0.11414101719856262,0.9710982998482999,0.9688858826358825,0.9692186259699497,0.9699999999999999
0.017608879987771314,0.11642571538686752,0.9714674677174676,0.9696855459355459,0.9697765828734779,0.9700000000000001
0.018328665134807427,0.11891498416662216,0.9684251396751397,0.9658555796055796,0.9662600988319681,0.9666666666666667
0.015854703766914707,0.11828958988189697,0.9708403633403634,0.9693488455988456,0.9694213858863319,0.9699999999999999
0.016833034751471132,0.12074943631887436,0.9691989491989492,0.9678336940836941,0.9678297017818599,0.9683333333333333
0.017245815717615187,0.11935051530599594,0.9691989491989492,0.9678336940836941,0.9678297017818599,0.9683333333333333
0.018940596220393974,0.11620177328586578,0.9692947792947794,0.9674969937469937,0.9677381500188855,0.9683333333333332
0.015781961866499234,0.11638091504573822,0.9672651885151885,0.9646651034151034,0.964994858436293,0.965
0.01568283614081641,0.12095469236373901,0.9701038313538314,0.9676022126022126,0.9677172679194261,0.9683333333333333
0.014661492799253514,0.12176893651485443,0.9714674677174676,0.9696855459355459,0.9697765828734779,0.9700000000000001
0.017324142002811033,0.11767855286598206,0.9699383486883487,0.9676954064454063,0.9679533855742745,0.9683333333333333
0.01562541222665459,0.11982472985982895,0.9689066026566026,0.9661802549302548,0.9665865425407647,0.9666666666666667
0.014905754670811197,0.11880415678024292,0.9713858826358827,0.9696855459355459,0.9696537758559339,0.9700000000000001
0.014921399105029801,0.1194923147559166,0.9691989491989492,0.9678336940836941,0.9678297017818599,0.9683333333333333
0.014384658832568675,0.11748981475830078,0.9699383486883487,0.9676954064454063,0.9679533855742745,0.9683333333333333
0.016109522723127156,0.11832281947135925,0.9682969345469346,0.9661802549302548,0.9663617014698026,0.9666666666666667
0.014514796047781905,0.11878806352615356,0.9714674677174676,0.9696855459355459,0.9697765828734779,0.9700000000000001
0.015737088998624433,0.11786990612745285,0.9699383486883487,0.9676954064454063,0.9679533855742745,0.9683333333333333
0.015497054962906986,0.11659029126167297,0.9714674677174676,0.9696855459355459,0.9697765828734779,0.9700000000000001
0.014305584006554758,0.11722664535045624,0.9691989491989492,0.9678336940836941,0.9678297017818599,0.9683333333333333
0.01433109319380795,0.12496592104434967,0.971269055019055,0.9685070947570947,0.9684097398399683,0.9683333333333334
0.015625851810909808,0.12111960351467133,0.9696156158656158,0.9682966570466571,0.9680715530354558,0.9683333333333334
0.013281417079269886,0.11871965229511261,0.9696804121804122,0.9681583694083694,0.9681561454906568,0.9683333333333333
0.014028692579207322,0.1230400949716568,0.9687654475154476,0.9662133237133236,0.9662304893788719,0.9666666666666665
0.01256813236977905,0.12222375720739365,0.966493413993414,0.9647913660413661,0.9648812255187385,0.9649999999999999
0.013331957433062295,0.11556195467710495,0.9731088818588818,0.9712006974506974,0.9713682669779496,0.9716666666666667
0.014679921965580434,0.12037625908851624,0.9714674677174676,0.9696855459355459,0.9697765828734779,0.9700000000000001
0.013312132563441992,0.12349074333906174,0.9701369001369001,0.9681703944203944,0.9681420567433378,0.9683333333333333
0.01155374695857366,0.11676323413848877,0.9714422151922152,0.9696855459355459,0.9696974232018428,0.9700000000000001
0.012407119870961955,0.12143480777740479,0.9691989491989492,0.9678336940836941,0.9678297017818599,0.9683333333333333
0.012308978495032838,0.11965310573577881,0.9712687312687313,0.9695472582972582,0.9696580948083956,0.9699999999999999
0.014726721681654453,0.12229512631893158,0.9724054186554186,0.9700222462722463,0.9700889378349556,0.9700000000000001
0.012943666234302023,0.11984529346227646,0.9708403633403634,0.9693488455988456,0.9694213858863319,0.9699999999999999
0.012618353066500276,0.1214820146560669,0.9714674677174676,0.9696855459355459,0.9697765828734779,0.9700000000000001
0.01225671723174552,0.12217002362012863,0.9681672031672032,0.9663185425685427,0.9664628587483503,0.9666666666666667
0.011367084283847362,0.12273113429546356,0.9681672031672032,0.9663185425685427,0.9664628587483503,0.9666666666666667
0.01273320268956013,0.1254500150680542,0.9658762996262995,0.9629984367484368,0.9633930277726774,0.9633333333333334
0.011358832979264358,0.1243743896484375,0.9700785788285787,0.9680188792688793,0.9681747522098624,0.9683333333333333
0.012669898453168571,0.12392592430114746,0.9666216191216191,0.9644666907166908,0.9647796228809039,0.9649999999999999
0.012491529186566671,0.13252121210098267,0.9690679228179229,0.9650348725348725,0.9650490550080848,0.9649999999999999
0.012376903226443877,0.12427358329296112,0.972657943907944,0.9698238335738335,0.9700005627103487,0.9700000000000001
0.012856502580689266,0.12533119320869446,0.9689066026566026,0.9661802549302548,0.9665865425407647,0.9666666666666667
0.010622575782084217,0.12355723232030869,0.9691989491989492,0.9678336940836941,0.9678297017818599,0.9683333333333333
0.010445390653330833,0.12473732233047485,0.9681672031672032,0.9663185425685427,0.9664628587483503,0.9666666666666667
0.010981018111730615,0.12683841586112976,0.9734371646871646,0.9715373977873978,0.9714557808684653,0.9716666666666667
0.0098702422886466,0.12448744475841522,0.9714674677174676,0.9696855459355459,0.9697765828734779,0.9700000000000001
0.01046800297141696,0.1252293586730957,0.9657394457394458,0.9632762145262146,0.963504030518355,0.9633333333333333
0.01103714721587797,0.12318277359008789,0.9724054186554186,0.9700222462722463,0.9700889378349556,0.9700000000000001
0.011834277228141824,0.1219230592250824,0.9714674677174676,0.9696855459355459,0.9697765828734779,0.9700000000000001
0.011889142925307775,0.12305762618780136,0.9731088818588818,0.9712006974506974,0.9713682669779496,0.9716666666666667
0.009718167731383195,0.12552297115325928,0.967007252007252,0.9651280663780665,0.9651976183526751,0.965
0.009013752239601066,0.12028809636831284,0.9691736966736967,0.9678336940836941,0.9677505421102248,0.9683333333333333
0.009743253622824946,0.12104101479053497,0.9713606301106301,0.9696855459355459,0.9695746161842989,0.9700000000000001
0.008713592561737945,0.12668132781982422,0.9704357216857217,0.9681703944203944,0.9684097398399683,0.9683333333333334
0.009307345278405895,0.12470178306102753,0.9667783142783142,0.964651875901876,0.9648610280847348,0.965
0.014167239870099971,0.12590408325195312,0.9658762996262996,0.9631499518999518,0.9632532092074314,0.9633333333333334
0.0108673906167193,0.12576407194137573,0.9704357216857217,0.9681703944203944,0.9684097398399683,0.9683333333333334
0.010334503235450635,0.12761861085891724,0.9672850297850298,0.9651280663780665,0.9651872663858015,0.965
0.008615997464706501,0.12554287910461426,0.9714674677174676,0.9696855459355459,0.9697765828734779,0.9700000000000001
0.00868498464114964,0.12478619813919067,0.9714674677174676,0.9696855459355459,0.9697765828734779,0.9700000000000001
0.009524048286645362,0.12140252441167831,0.9714674677174676,0.9696855459355459,0.9697765828734779,0.9700000000000001
0.007994204119313508,0.12428396940231323,0.9704357216857217,0.9681703944203944,0.9684097398399683,0.9683333333333334
0.00880931729140381,0.13094434142112732,0.9701557239057239,0.9664237614237613,0.9664834298120248,0.9666666666666667
0.00943336563068442,0.12573590874671936,0.9688616476116477,0.9667815055315055,0.9666943580350723,0.9666666666666668
0.009715024071435133,0.12684915959835052,0.9681672031672032,0.9663185425685427,0.9664628587483503,0.9666666666666667
0.008394417576103782,0.12313444912433624,0.9653405853405853,0.963612914862915,0.9635267745765682,0.9633333333333334
0.007178365427535027,0.12430475652217865,0.9680137455137455,0.9666432178932179,0.9664853017145497,0.9666666666666667
0.009994969538335377,0.12464001029729843,0.9680137455137455,0.9666432178932179,0.9664853017145497,0.9666666666666667
0.010624478144260744,0.1254516988992691,0.9714422151922152,0.9696855459355459,0.9696974232018428,0.9700000000000001
0.012253198578643302,0.12579528987407684,0.9666501091501091,0.9651280663780665,0.9648228121573234,0.965
0.010621525900205597,0.12924543023109436,0.9717452454952454,0.9696855459355459,0.9697662309066043,0.9700000000000001
0.007309995436420043,0.12980155646800995,0.9707134994634995,0.9681703944203944,0.9683993878730947,0.9683333333333334
0.008112684493729224,0.12994933128356934,0.967007252007252,0.9651280663780665,0.9651976183526751,0.965
0.006625480823762094,0.12803179025650024,0.9698086173086172,0.9678336940836941,0.9680545428528221,0.9683333333333333
0.008739694720134139,0.128782257437706,0.9701369001369001,0.9681703944203944,0.9681420567433378,0.9683333333333333
0.007890023320214823,0.12639448046684265,0.9731088818588818,0.9712006974506974,0.9713682669779496,0.9716666666666667
0.00739647801189373,0.13229435682296753,0.9707134994634995,0.9681703944203944,0.9683993878730947,0.9683333333333334
0.006739039721045022,0.1299346685409546,0.9714674677174676,0.9696855459355459,0.9697765828734779,0.9700000000000001
0.007075038641535987,0.12804442644119263,0.9681672031672032,0.9663185425685427,0.9664628587483503,0.9666666666666667
0.006508613723174979,0.1286124736070633,0.9681672031672032,0.9663185425685427,0.9664628587483503,0.9666666666666667
0.006291702438223486,0.1287154108285904,0.9714674677174676,0.9696855459355459,0.9697765828734779,0.9700000000000001
0.007908016792498529,0.1282297968864441,0.9680137455137455,0.9666432178932179,0.9664853017145497,0.9666666666666667
0.009142351191258058,0.12777529656887054,0.9691736966736967,0.9678336940836941,0.9677505421102248,0.9683333333333333
0.008206508054475611,0.13225163519382477,0.9734371646871646,0.9715373977873978,0.9714557808684653,0.9716666666666667
0.0071324968691139174,0.13011203706264496,0.9734371646871646,0.9715373977873978,0.9714557808684653,0.9716666666666667
0.007573414661843951,0.13110847771167755,0.9672850297850298,0.9651280663780665,0.9651872663858015,0.965
0.007886136687981585,0.13426947593688965,0.9693246105746106,0.9665037277537278,0.9667975572094791,0.9666666666666667
0.008349486723697433,0.1296733319759369,0.9669819994819995,0.9651280663780665,0.9651184586810401,0.965
0.008555496373446658,0.13019531965255737,0.9666501091501091,0.9651280663780665,0.9648228121573234,0.965
0.007533484439287956,0.13388009369373322,0.968976948976949,0.9669799182299182,0.9668768163476625,0.9666666666666667
0.006814974408674364,0.12875185906887054,0.9714422151922152,0.9696855459355459,0.9696974232018428,0.9700000000000001
0.006977274218418946,0.13027416169643402,0.9724054186554186,0.9700222462722463,0.9700889378349556,0.9700000000000001
0.007101588940713555,0.1331176906824112,0.9701369001369001,0.9681703944203944,0.9681420567433378,0.9683333333333333
0.006275009868356089,0.1332462579011917,0.9707134994634995,0.9681703944203944,0.9683993878730947,0.9683333333333334
0.005349765463809793,0.13479658961296082,0.9693246105746106,0.9665037277537278,0.9667975572094791,0.9666666666666667
0.0059992016419225065,0.12876345217227936,0.968769055019055,0.966655242905243,0.9667388960638613,0.9666666666666667
0.007726708747213706,0.13110633194446564,0.9724054186554186,0.9700222462722463,0.9700889378349556,0.9700000000000001
0.006267632978657882,0.13385726511478424,0.9724054186554186,0.9700222462722463,0.9700889378349556,0.9700000000000001
0.006703360889029379,0.13792920112609863,0.9699847837347838,0.9662722462722463,0.9666836041609406,0.9666666666666667
0.0063196242942164344,0.1312772035598755,0.9724054186554186,0.9700222462722463,0.9700889378349556,0.9700000000000001
0.004677098215324804,0.13122612237930298,0.9707134994634995,0.9681703944203944,0.9683993878730947,0.9683333333333334
0.007329686428420246,0.1381029486656189,0.9710612073112074,0.9686333573833573,0.9684668209485366,0.9683333333333334
0.005970767786493525,0.13193169236183167,0.9733555796055796,0.9715373977873978,0.9713329738509214,0.9716666666666667
0.006857324110266442,0.13361795246601105,0.9703563566063566,0.9680188792688793,0.9681644002429888,0.9683333333333333
0.005610024294583127,0.1310911476612091,0.9752026214526216,0.9732960557960558,0.9732776503570015,0.9733333333333333
0.005741632106946781,0.13509105145931244,0.9707134994634995,0.9681703944203944,0.9683993878730947,0.9683333333333334
0.005499237236411621,0.13525080680847168,0.968976948976949,0.9669799182299182,0.9668768163476625,0.9666666666666667
0.004343007788217316,0.13377606868743896,0.9700785788285787,0.9680188792688793,0.9681747522098624,0.9683333333333333
0.005392467292646567,0.1315004527568817,0.9734371646871646,0.9715373977873978,0.9714557808684653,0.9716666666666667
0.0059446351854906725,0.1333310902118683,0.9734371646871646,0.9715373977873978,0.9714557808684653,0.9716666666666667
0.0052579042870396124,0.13167405128479004,0.9672850297850298,0.9651280663780665,0.9651872663858015,0.965
0.005997849696238215,0.12500900030136108,0.9714422151922152,0.9696855459355459,0.9696974232018428,0.9700000000000001
0.005933482864444765,0.12918639183044434,0.9665005365005365,0.9648033910533912,0.9647920149722434,0.965
0.004906607297016308,0.13352467119693756,0.9720482757982757,0.9698707311207312,0.9698539502048499,0.9699999999999999
0.007064708828693256,0.13862307369709015,0.9720482757982757,0.9698707311207312,0.9698539502048499,0.9699999999999999
0.00470437080366537,0.13121721148490906,0.9685224035224036,0.9663185425685427,0.9666085530969433,0.9666666666666667
0.005032207186256225,0.13393449783325195,0.9703563566063566,0.9680188792688793,0.9681644002429888,0.9683333333333333
0.006285017870444183,0.1325390636920929,0.9700822325822326,0.968401875901876,0.9683759789078472,0.9683333333333333
0.006991373777661162,0.13095885515213013,0.9700785788285788,0.9681703944203944,0.9680349336446165,0.9683333333333334
0.005743032981020709,0.13366864621639252,0.9706319143819143,0.9681703944203944,0.9682765808555507,0.9683333333333334
0.004930523597674134,0.13395528495311737,0.9653894253894254,0.9631367243867244,0.9631193788558733,0.9633333333333334
0.005430655898332286,0.13489414751529694,0.9734371646871646,0.9715373977873978,0.9714557808684653,0.9716666666666667
0.0046509627912503975,0.13664650917053223,0.9724054186554186,0.9700222462722463,0.9700889378349556,0.9700000000000001
0.0046069190866546705,0.13661453127861023,0.965618363118363,0.9634613997113998,0.9635957876890596,0.9633333333333334
0.004588562117229837,0.13970720767974854,0.9724054186554186,0.9700222462722463,0.9700889378349556,0.9700000000000001
0.005631459503395793,0.13645623624324799,0.968444980944981,0.9663185425685427,0.9664525067814767,0.9666666666666667
0.005740417439180116,0.1351889818906784,0.9686896899396898,0.9665037277537278,0.9664331029810009,0.9666666666666667
0.0045564942847704515,0.1408381462097168,0.9690468327968328,0.9665037277537278,0.9668079091763527,0.9666666666666667
0.004192833643173799,0.13379865884780884,0.9667783142783143,0.964803391053391,0.9647212095194888,0.965
0.005422637492301874,0.1353766769170761,0.9724054186554186,0.9700222462722463,0.9700889378349556,0.9700000000000001
0.004609624797012657,0.1372438371181488,0.9700533263033262,0.9680188792688793,0.9680955925382273,0.9683333333333333
0.0057816089247353375,0.1406274288892746,0.9735107022607022,0.971444203944204,0.9715881003951403,0.9716666666666667
0.005878085091050404,0.1441885530948639,0.9710165297665297,0.9683555796055797,0.9684871071713402,0.9683333333333333
0.005751792331769441,0.1421491801738739,0.9719955507455508,0.9702537277537279,0.9701771656508723,0.9700000000000001
0.0051425306786162155,0.14291483163833618,0.9724054186554186,0.9700222462722463,0.9700889378349556,0.9700000000000001
0.004676202675909735,0.13621041178703308,0.9700785788285788,0.9681703944203944,0.9680349336446165,0.9683333333333334
0.005238911020569503,0.13931044936180115,0.9707134994634995,0.9681703944203944,0.9683993878730947,0.9683333333333334
0.004732923097132395,0.14132970571517944,0.9710165297665297,0.9683555796055797,0.9684871071713402,0.9683333333333333
0.004432480724062771,0.13803789019584656,0.9735107022607022,0.971444203944204,0.9715881003951403,0.9716666666666667
0.0040466102461020155,0.139119952917099,0.967380166130166,0.9649885762385764,0.9651370654002459,0.965
0.004253944401474048,0.14451609551906586,0.9710165297665297,0.9683555796055797,0.9684871071713402,0.9683333333333333
0.005059203424025327,0.13523775339126587,0.9704357216857217,0.9681703944203944,0.9684097398399683,0.9683333333333334
0.005304104774647082,0.13832542300224304,0.9738389850889851,0.9712127224627225,0.9713770655616799,0.9716666666666667
0.005447491285546373,0.13311384618282318,0.9686896899396898,0.9665037277537278,0.9664331029810009,0.9666666666666667
0.004557972747231058,0.138766348361969,0.968444980944981,0.9663185425685427,0.9664525067814767,0.9666666666666667
0.003528481717997541,0.13693901896476746,0.968444980944981,0.9663185425685427,0.9664525067814767,0.9666666666666667
0.004156075592618436,0.13478103280067444,0.9738389850889851,0.9712127224627225,0.9713770655616799,0.9716666666666667
0.004014291781156014,0.14087185263633728,0.9738389850889851,0.9712127224627225,0.9713770655616799,0.9716666666666667
0.004843659626203589,0.13655917346477509,0.9709349446849447,0.9683555796055797,0.9683643001537963,0.9683333333333333
0.0045593672402901575,0.13757440447807312,0.9670813445813445,0.9648370610870612,0.9648735594130556,0.965
0.0042885668080998585,0.1417296826839447,0.9709349446849447,0.9683555796055797,0.9683643001537963,0.9683333333333333
0.005188825564497772,0.14403703808784485,0.9687480112480111,0.9665037277537278,0.9665402260797222,0.9666666666666667
0.0031178835924947634,0.1405688226222992,0.9710165297665297,0.9683555796055797,0.9684871071713402,0.9683333333333333
0.00362441991455853,0.13269425928592682,0.9732329244829246,0.971444203944204,0.9715984523620141,0.9716666666666667
0.0032783673474720367,0.1370290368795395,0.972228650978651,0.9693608706108706,0.9698103226173626,0.9700000000000001
0.003614439478648516,0.14252105355262756,0.9752026214526216,0.9732960557960558,0.9732776503570015,0.9733333333333333
0.0034523505989151695,0.13848166167736053,0.9690468327968328,0.9665037277537278,0.9668079091763527,0.9666666666666667
0.004222773466608487,0.14314576983451843,0.9678751803751804,0.967012987012987,0.9665252547212323,0.9666666666666668
0.003600476552189017,0.1389460414648056,0.9716588504088502,0.9700553150553151,0.9698830705571182,0.9700000000000001
0.004325430379443181,0.1484348028898239,0.9710165297665297,0.9683555796055797,0.9684871071713402,0.9683333333333333
0.003929709680960514,0.13815546035766602,0.966545214045214,0.9648953823953824,0.9647164072734474,0.965
0.004378098286300276,0.14674212038516998,0.9653894253894254,0.9631367243867245,0.9631798323417543,0.9633333333333334
0.0037133121368242428,0.143804132938385,0.9710165297665297,0.9683555796055797,0.9684871071713402,0.9683333333333333
0.0035253936803201213,0.14559251070022583,0.9693246105746106,0.9665037277537278,0.9667975572094791,0.9666666666666667
0.0035953257514241463,0.13623349368572235,0.9728757816257817,0.971444203944204,0.9712236461666622,0.9716666666666667
0.004047268671759714,0.14509311318397522,0.9687480112480111,0.9665037277537278,0.9665402260797222,0.9666666666666667
0.0030469943279361664,0.14659136533737183,0.9709349446849447,0.9683555796055797,0.9683643001537963,0.9683333333333333
0.0035557487378052124,0.13982518017292023,0.96993746993747,0.9681703944203944,0.9680289963144878,0.9683333333333333
0.00360139019418663,0.1477542221546173,0.967056092056092,0.964651875901876,0.9648506761178611,0.965
0.003577753411567149,0.14173859357833862,0.968444980944981,0.9663185425685427,0.9664525067814767,0.9666666666666667
0.005233910866081715,0.14215576648712158,0.9687289562289562,0.9658423520923521,0.9663395263738802,0.9666666666666667
0.0028033286071149632,0.14526069164276123,0.9653894253894254,0.9631367243867245,0.9631798323417543,0.9633333333333334
0.004037804423812001,0.15267477929592133,0.9710165297665297,0.9683555796055797,0.9684871071713402,0.9683333333333333
0.0039192412853784235,0.14284658432006836,0.9693246105746106,0.9665037277537278,0.9667975572094791,0.9666666666666667
0.0038379324566146047,0.1536942720413208,0.9657740407740407,0.9632629870129871,0.963459371770035,0.9633333333333334
0.004815330590645317,0.13793042302131653,0.9665438727938728,0.9653126503126503,0.964532611476009,0.965
0.003005395560952214,0.1433412879705429,0.9693246105746106,0.9665037277537278,0.9667975572094791,0.9666666666666667
0.0034068549600002975,0.14408861100673676,0.9710165297665297,0.9683555796055797,0.9684871071713402,0.9683333333333333
0.0031241750427094908,0.14086110889911652,0.9721218133718134,0.9697775372775373,0.9699862697315248,0.9700000000000001
0.003360411797378523,0.14647790789604187,0.9693246105746106,0.9665037277537278,0.9667975572094791,0.9666666666666667
0.0029102499247528613,0.14037303626537323,0.970381609131609,0.9683555796055797,0.968183106428743,0.9683333333333333
0.002412264211064515,0.14348039031028748,0.9693246105746106,0.9665037277537278,0.9667975572094791,0.9666666666666667
0.002813779574353248,0.13930495083332062,0.9678683816183815,0.9651400913900914,0.9653321609823383,0.965
0.0034162135489168577,0.14805516600608826,0.9710165297665297,0.9683555796055797,0.9684871071713402,0.9683333333333333
0.003223079111194238,0.1404813826084137,0.9687480112480111,0.9665037277537278,0.9665402260797222,0.9666666666666667
0.0022933858417673036,0.14422455430030823,0.9693246105746106,0.9665037277537278,0.9667975572094791,0.9666666666666667
0.0026821645127104907,0.13878345489501953,0.9709912772412772,0.9683555796055797,0.968407947499705,0.9683333333333333
0.004839132164003483,0.13925713300704956,0.9680603655603656,0.9668867243867244,0.9664989872972666,0.9666666666666667
0.0037467755343338163,0.1422867774963379,0.9653894253894254,0.9631367243867244,0.9631193788558733,0.9633333333333334
0.00382129117497243,0.14459198713302612,0.9709349446849447,0.9683555796055797,0.9683643001537963,0.9683333333333333
0.004279843099842158,0.14338767528533936,0.9728683816183815,0.9700222462722463,0.970344692310659,0.9699999999999999
0.0021568305916540944,0.14225295186042786,0.9653894253894254,0.9631367243867245,0.9631798323417543,0.9633333333333334
0.0034118709687997275,0.14926159381866455,0.9692682780182779,0.9668404280904282,0.9666934563776893,0.9666666666666667
0.0038630142153124325,0.14984194934368134,0.9709349446849447,0.9683555796055797,0.9683643001537963,0.9683333333333333
0.004749042755671932,0.14841394126415253,0.9693246105746106,0.9665037277537278,0.9667975572094791,0.9666666666666667
0.004325985355535522,0.1516965925693512,0.9682112794612795,0.9644203944203945,0.9648712471815356,0.965
0.0028396805355441757,0.14867107570171356,0.9709349446849447,0.9683555796055797,0.9683643001537963,0.9683333333333333
0.003026690004238238,0.14532004296779633,0.9675763588263587,0.9649885762385764,0.9650039064158283,0.965
0.0037352613799157552,0.15065164864063263,0.9676579439079438,0.9649885762385764,0.9651267134333722,0.965
0.002519701767596416,0.14543703198432922,0.9676579439079438,0.9649885762385763,0.9650662599474913,0.965
0.0027726027862324067,0.14643988013267517,0.9703288840788841,0.9687385762385764,0.9685063218747655,0.9683333333333333
0.003175327059580013,0.14462804794311523,0.9683381433381434,0.9668867243867244,0.9664886353303929,0.9666666666666667
0.0036514716460563554,0.14067015051841736,0.9694486531986531,0.9661790524290526,0.9666058171006974,0.9666666666666667
0.002879532551257095,0.14362001419067383,0.9681461593961593,0.9651400913900914,0.9653218090154647,0.965
0.0028194318001624197,0.1491546630859375,0.9741708754208754,0.9712127224627225,0.9714741473466021,0.9716666666666667
0.0024663535150466487,0.1440075933933258,0.9653894253894254,0.9631367243867245,0.9631798323417543,0.9633333333333334
0.0022523554725921713,0.14303255081176758,0.96993746993747,0.9681703944203944,0.9680289963144878,0.9683333333333333
0.00252748131606495,0.1460217535495758,0.9693498630998629,0.9668404280904282,0.9668162633952333,0.9666666666666667
0.002313621834521958,0.14958392083644867,0.9692430254930255,0.9665037277537278,0.9666747501919352,0.9666666666666667
0.0030327103474216224,0.14863993227481842,0.9723238335738335,0.9700222462722463,0.9699661308174118,0.9700000000000001
0.002992940136512819,0.1462641805410385,0.9662943075443075,0.9634734247234248,0.9634642238761457,0.9633333333333334
0.002522179468845328,0.15007604658603668,0.9676579439079438,0.9649885762385764,0.9651267134333722,0.965
0.0021149940075702034,0.14977975189685822,0.9693498630998629,0.9668404280904282,0.9668162633952333,0.9666666666666667
0.001829449325062645,0.14950282871723175,0.9662127224627225,0.9634734247234248,0.9633414168586018,0.9633333333333334
0.002231677140419682,0.15006159245967865,0.9637480112480111,0.9616215728715729,0.9615276947514014,0.9616666666666668
0.0025509041976571703,0.15229064226150513,0.9709349446849447,0.9683555796055797,0.9683643001537963,0.9683333333333333
0.0022180406134187556,0.14866435527801514,0.9721470658970658,0.9693608706108706,0.9696875155998187,0.9700000000000001
0.0019108429817909685,0.15069344639778137,0.9662943075443075,0.9634734247234248,0.9634642238761457,0.9633333333333334
0.0019225302748964168,0.15311527252197266,0.9711764624264624,0.9681703944203944,0.968655142348798,0.9683333333333333
0.0021076347184134647,0.15199947357177734,0.9675763588263587,0.9649885762385764,0.9650039064158283,0.965
0.00242747516555634,0.1461288034915924,0.9680645743145743,0.9651400913900914,0.9651990019979207,0.965
0.002133631455459787,0.14542466402053833,0.9694534632034633,0.966806758056758,0.9668008326615363,0.9666666666666667
0.003559270378900692,0.14720533788204193,0.9706571669071669,0.9685070947570948,0.9682952870413049,0.9683333333333333
0.0034215718721194812,0.15017187595367432,0.9613202538202538,0.9585792448292448,0.9585688665214062,0.9583333333333334
0.003529703213037768,0.14550739526748657,0.9697522847522847,0.9687385762385764,0.9682489907450086,0.9683333333333333
0.0022606813436141238,0.15057781338691711,0.9693498630998629,0.9668404280904282,0.9668162633952333,0.9666666666666667
0.0023883996885463907,0.1443353146314621,0.973872655122655,0.9722570947570949,0.9720534569759454,0.9716666666666667
0.0023991073212528136,0.14665770530700684,0.9669666907166907,0.9649885762385764,0.9647186118589852,0.965
0.0027669983052570992,0.14584766328334808,0.9664211714211713,0.964651875901876,0.9644862218893829,0.965
0.00271026785048889,0.14719651639461517,0.9723238335738335,0.9700222462722463,0.9699661308174118,0.9700000000000001
0.0022529390140941055,0.15307676792144775,0.9623776223776224,0.9605573593073594,0.9602095621080569,0.96
0.001963144190085586,0.14516203105449677,0.9704803992303992,0.9678457190957191,0.9680166718237118,0.9683333333333333
0.0017978264125607286,0.14930027723312378,0.9723238335738335,0.9700222462722463,0.9699661308174118,0.9700000000000001
0.0020674070280316905,0.14698785543441772,0.9668566618566619,0.964651875901876,0.9647376156890112,0.965
0.0022702356460892283,0.14302858710289001,0.9697522847522847,0.9687385762385764,0.9682489907450086,0.9683333333333333
0.003406794467688693,0.1503499448299408,0.9731986531986531,0.9689442039442041,0.9698723166829865,0.9699999999999999
0.0016956269294799615,0.1505260318517685,0.9711201298701297,0.9685070947570948,0.9685510415170082,0.9683333333333333
0.0019767521856313883,0.14870180189609528,0.9662127224627225,0.9634734247234248,0.9633414168586018,0.9633333333333334
0.0023595336388098076,0.15259192883968353,0.964025789025789,0.9616215728715729,0.9615173427845277,0.9616666666666668
0.0026469342216538885,0.14884011447429657,0.9673260535760536,0.9649885762385764,0.9648310669096555,0.965
0.0027762055105995387,0.15143896639347076,0.9772859547859548,0.9752405002405001,0.9754185097518655,0.975
0.001522236314485781,0.1493171602487564,0.9683381433381433,0.9667352092352094,0.9666284538956389,0.9666666666666667
0.0018863052464439534,0.15249350666999817,0.9692430254930255,0.9665037277537278,0.9666747501919352,0.9666666666666667
0.001931865529816908,0.1475142538547516,0.9724500962000963,0.9695460557960559,0.9697752348980644,0.9699999999999999
0.0016769443536759354,0.15057361125946045,0.9692430254930255,0.9665037277537278,0.9666747501919352,0.9666666666666667
0.0016584542293761235,0.15167680382728577,0.9710948773448774,0.9681703944203944,0.968532335331254,0.9683333333333333
0.0027588198293718356,0.15282578766345978,0.9675763588263587,0.9649885762385764,0.9650039064158283,0.965
0.0024826929256960284,0.1505325436592102,0.964025789025789,0.9616215728715729,0.9615173427845277,0.9616666666666668
0.0023538971375577,0.14953359961509705,0.9692430254930255,0.9665037277537278,0.9666747501919352,0.9666666666666667
0.0022464318923690976,0.14788249135017395,0.9662943075443075,0.9634734247234248,0.9634642238761457,0.9633333333333334
0.0025845560206410787,0.14833605289459229,0.9680603655603656,0.9668867243867245,0.9665594407831475,0.9666666666666667
0.0015799646668407756,0.15096589922904968,0.9675763588263587,0.9649885762385764,0.9650039064158283,0.965
0.0029021367784783556,0.17085878551006317,0.9693246105746106,0.9665037277537278,0.9667975572094791,0.9666666666666667
0.002973960254166741,0.1544647216796875,0.9735107022607022,0.971444203944204,0.9715881003951403,0.9716666666666667
0.0024866429400087022,0.15568307042121887,0.9709349446849447,0.9683555796055797,0.9683643001537963,0.9683333333333333
0.00643676909385249,0.16376376152038574,0.9649427424427425,0.9627537277537278,0.9624934682661945,0.9633333333333334
0.004056346107972786,0.14987686276435852,0.9663395863395863,0.9652200577200579,0.9646619635958152,0.965
0.002435525067994604,0.1600673794746399,0.9709349446849447,0.9683555796055797,0.9683643001537963,0.9683333333333333
0.00237149471892432,0.15751826763153076,0.9710165297665297,0.9683555796055797,0.9684871071713402,0.9683333333333333
0.0013795120642801824,0.14862023293972015,0.9675763588263587,0.9655567580567581,0.9652420016539235,0.965
0.002280868126642114,0.15520042181015015,0.9706066618566619,0.9685870610870612,0.9685753349872569,0.9683333333333334
0.0019998441445447193,0.16046330332756042,0.970381609131609,0.9683555796055797,0.968183106428743,0.9683333333333333
0.0014114684199739713,0.15742841362953186,0.9706066618566619,0.9685870610870612,0.9685753349872569,0.9683333333333334
0.001753237299756923,0.15647554397583008,0.9658398083398082,0.9643662818662819,0.9637194301284916,0.9633333333333334
0.00230082067840461,0.15070733428001404,0.9699969937469938,0.9687385762385764,0.9682106753510488,0.9683333333333334
0.0026349560685048345,0.15037165582180023,0.9689652477152477,0.9672234247234247,0.9668438323175391,0.9666666666666667
0.002466974658697533,0.15445619821548462,0.964025789025789,0.9616215728715729,0.9615173427845277,0.9616666666666668
0.0014067824655891552,0.15408793091773987,0.9706319143819143,0.9681703944203944,0.9682765808555507,0.9683333333333334
0.0016235792548589718,0.1492317020893097,0.9669492544492545,0.9652200577200577,0.9648868046667775,0.965
0.0018449697102672264,0.16221289336681366,0.9693246105746106,0.9665037277537278,0.9667975572094791,0.9666666666666667
0.001574485545764522,0.15465795993804932,0.9706571669071669,0.9690752765752766,0.9685333822794001,0.9683333333333333
0.0019212289201580763,0.15461091697216034,0.9662127224627225,0.9634734247234248,0.9633414168586018,0.9633333333333334
0.0025144727102694255,0.15209537744522095,0.9669492544492545,0.9652200577200577,0.9648868046667775,0.965
0.0013608097675993729,0.15420272946357727,0.9689399951899951,0.9670719095719097,0.96690449121115,0.9666666666666667
0.0018298861456666298,0.1544787883758545,0.9668728956228957,0.9630315055315055,0.9633844686409813,0.9633333333333333
0.0020974537340710717,0.15390533208847046,0.9679082491582491,0.9649885762385764,0.9651009882007503,0.965
0.0014840769739142463,0.1583884060382843,0.9662943075443075,0.9634734247234248,0.9634642238761457,0.9633333333333334
0.0016550889825642419,0.1532285213470459,0.9739273689273689,0.9715957190957192,0.9719055607126007,0.9716666666666667
0.0013841679829056375,0.157447949051857,0.9689399951899951,0.9670719095719097,0.96690449121115,0.9666666666666667
0.0013015365051008605,0.15060260891914368,0.9704803992303992,0.9684139009139009,0.968254767061807,0.9683333333333333
0.001730686398029017,0.15314489603042603,0.9666967291967291,0.9653715728715729,0.9648969512259211,0.965
0.0017862161754843935,0.15606263279914856,0.9694282106782106,0.966655242905243,0.9668614915551471,0.9666666666666667
0.0022875661173505555,0.15688671171665192,0.9662127224627225,0.9634734247234248,0.9633414168586018,0.9633333333333334
0.0020249146024677125,0.15720446407794952,0.9689399951899951,0.9670719095719097,0.96690449121115,0.9666666666666667
0.0022251951922953594,0.16108159720897675,0.9663099128540306,0.961516354016354,0.9622886822233397,0.9616666666666666
0.0018916622078298435,0.16264034807682037,0.964025789025789,0.9616215728715729,0.9615173427845277,0.9616666666666668
0.001842547805911939,0.1564503312110901,0.9675763588263587,0.9655567580567581,0.9652420016539235,0.965
0.002179478182370076,0.16013476252555847,0.9724423261923262,0.9693608706108706,0.9697143943909996,0.9700000000000001
0.0015595212438104984,0.15916010737419128,0.9689399951899951,0.9670719095719097,0.96690449121115,0.9666666666666667
0.0012897008721968934,0.1603391170501709,0.9675763588263587,0.9649885762385764,0.9650039064158283,0.965
0.0013186764457107831,0.15198296308517456,0.9704803992303992,0.9684139009139009,0.968254767061807,0.9683333333333333
0.0022733775331289507,0.16546329855918884,0.9676579439079438,0.9649885762385764,0.9651267134333722,0.965
0.0019747304565195614,0.15912403166294098,0.9676579439079438,0.9649885762385764,0.9651267134333722,0.965
0.0014444128622320325,0.16182442009449005,0.9665446127946128,0.962905242905243,0.9632004034054287,0.9633333333333334
0.0021313588489041044,0.15646186470985413,0.9675763588263587,0.9655567580567581,0.9652420016539235,0.965
0.0014097130673083786,0.15718211233615875,0.9731186868686869,0.9700222462722463,0.9703189670780371,0.9700000000000001
0.0011629707041720394,0.15287142992019653,0.9689399951899951,0.9670719095719097,0.96690449121115,0.9666666666666667
0.0015650199905697566,0.15593525767326355,0.9710900673400674,0.967694203944204,0.9681827667211252,0.9683333333333334
0.0013636944980438177,0.15952354669570923,0.9697875735375735,0.966655242905243,0.9669134931199365,0.9666666666666667
0.0016167447853755827,0.15933196246623993,0.9743308080808081,0.9710275372775373,0.9716421825240596,0.9716666666666667
0.002053303538559703,0.16185396909713745,0.9709349446849447,0.9683555796055797,0.9683643001537963,0.9683333333333333
0.0015521690074820071,0.15367275476455688,0.9675763588263587,0.9655567580567581,0.9652420016539235,0.965
0.0013262774518807419,0.1562492847442627,0.9712017149517148,0.9685070947570948,0.9686738485345522,0.9683333333333333
0.0009202369789515311,0.15384703874588013,0.9675763588263587,0.9655567580567581,0.9652420016539235,0.965
0.0014787411370586294,0.15500669181346893,0.9721807359307358,0.970405242905243,0.9703639070140843,0.9700000000000001
0.0029657322217341666,0.16698044538497925,0.9617875642875643,0.9600943963443965,0.959473628426168,0.96
0.0017714959952475813,0.1525132805109024,0.9699717412217411,0.9685870610870612,0.9682108807587787,0.9683333333333334
0.0021084166740668784,0.16033935546875,0.969574915824916,0.9665037277537278,0.9667718319768572,0.9666666666666668
0.0011862761991020914,0.16231247782707214,0.9689399951899951,0.9670719095719097,0.96690449121115,0.9666666666666667
0.0025044511530722957,0.15978187322616577,0.9657893032893033,0.9640295815295815,0.9636215642711022,0.9633333333333334
0.0011301371129472197,0.1641889363527298,0.9710696248196249,0.9681703944203944,0.968453175659619,0.9683333333333333
0.0019116572075290605,0.16276046633720398,0.9692682780182779,0.9668404280904282,0.9666934563776893,0.9666666666666667
0.000942381061274015,0.1536950021982193,0.9706066618566619,0.9687385762385762,0.9684355164220109,0.9683333333333333
0.0011617664919564656,0.16119888424873352,0.9708170995670996,0.9683219095719097,0.9684633222187626,0.9683333333333334
