training_loss,validation_loss,precision,recall,f1,accuracy
1.6304649288455646,0.9888574481010437,0.8737269528716899,0.8622030447765742,0.8555021984774954,0.86
0.7394137258330981,0.5574474334716797,0.9117047073297074,0.910988455988456,0.907010798948912,0.91
0.4624419870475928,0.4090266227722168,0.9276161192608562,0.9258133070633071,0.923857776614565,0.9233333333333333
0.34201956664522487,0.33659839630126953,0.9337557204004573,0.9315867003367003,0.9297479974214058,0.93
0.28488929631809395,0.29220157861709595,0.9439917258667259,0.9427771765271765,0.9414888204673123,0.9416666666666665
0.24333108340700468,0.2586304247379303,0.9409151265401267,0.94125,0.9388479981720951,0.9400000000000001
0.2131897173821926,0.24044661223888397,0.9438530913530913,0.9439688552188552,0.941061068748667,0.9433333333333334
0.1957929413765669,0.2251618504524231,0.9509720688668056,0.9509674122174122,0.9492357054996935,0.9499999999999998
0.17260079147915044,0.20569758117198944,0.9500806138306138,0.9516949254449255,0.9495418078699026,0.9516666666666665
0.16084488853812218,0.19811515510082245,0.951568709068709,0.9525078162578162,0.9505184634102614,0.9516666666666667
0.15010459627956152,0.18801401555538177,0.9529929329929331,0.9530369167869167,0.9518367004570619,0.9533333333333335
0.13308104748527208,0.17886704206466675,0.95252997002997,0.953222101972102,0.9516841451557654,0.9533333333333333
0.12613854091614485,0.17175208032131195,0.953918858918859,0.9528854016354016,0.9522879176265455,0.9533333333333335
0.11893268239994843,0.16910290718078613,0.9577812927812928,0.9564838864838866,0.9561447820097259,0.9566666666666667
0.11432940140366554,0.1626446545124054,0.9586561124061124,0.9577675565175565,0.9572443002096275,0.9583333333333334
0.11024166581531365,0.15939921140670776,0.9509125134125135,0.9521578884078884,0.950347935977249,0.9516666666666665
0.1003855870415767,0.15397965908050537,0.9558027158027159,0.9553054353054354,0.9542832174115884,0.9549999999999997
0.09486207459121943,0.15064364671707153,0.9548663373663374,0.9554118566618567,0.9536448098307253,0.9549999999999997
0.09217588603496552,0.15042752027511597,0.956091084841085,0.9555038480038481,0.9543052752375677,0.9549999999999997
0.08753096653769414,0.14585159718990326,0.9590641303141303,0.9587987012987015,0.9577738846851672,0.9583333333333334
0.08457004713515441,0.14423148334026337,0.9610767473267473,0.9604190716690718,0.9597750516406348,0.96
0.0825066630107661,0.14250540733337402,0.9599193399193399,0.9588449975949976,0.9583532960581577,0.9583333333333334
0.08074929596235354,0.13845424354076385,0.9583194120694122,0.9568536556036557,0.9564565670561654,0.9566666666666666
0.07486691574255626,0.13706578314304352,0.9608855496355496,0.9595262145262146,0.9592540967808277,0.96
0.0674522581199805,0.13474953174591064,0.9622557072557072,0.9610533910533912,0.9606328232962819,0.9616666666666668
0.07139144263540705,0.13816486299037933,0.9554634254634254,0.9536850649350649,0.9529036104037449,0.9533333333333331
0.06790785336246093,0.13359081745147705,0.9611925574425575,0.9601406926406925,0.9595161174548487,0.96
0.06290878246848781,0.13475069403648376,0.958077478077478,0.9569588744588744,0.9561609703277716,0.9566666666666667
0.06479877450813849,0.13693831861019135,0.9625196562696562,0.9595845358345357,0.9592651471449604,0.96
0.05933399017279347,0.13321682810783386,0.9606744181744182,0.9587776575276575,0.9584084526393609,0.9583333333333335
0.05872363721330961,0.12712439894676208,0.9647004847004848,0.9632762145262146,0.9632241751387779,0.9633333333333333
0.05546144271890322,0.13177832961082458,0.9632916620416622,0.9625955988455989,0.9618637262958729,0.9616666666666666
0.056091330014169216,0.1252347230911255,0.9679127354127354,0.9666432178932179,0.9665782547823311,0.9666666666666667
0.05299344542436302,0.12691108882427216,0.9648068135568136,0.963786075036075,0.9633221444209576,0.9633333333333334
0.048842035699635744,0.1245671957731247,0.9633716283716282,0.9625487012987013,0.9619345749003959,0.9616666666666668
0.04881867355046173,0.12509198486804962,0.9635183335183335,0.9625685425685426,0.9621522189333245,0.9633333333333334
0.04963773457954327,0.120947927236557,0.9679127354127354,0.9666432178932179,0.9665782547823311,0.9666666666666667
0.04713835412015518,0.12147633731365204,0.9636778961778961,0.9620857383357384,0.9619563688709717,0.9616666666666666
0.04444146940174202,0.12432190030813217,0.9656436156436157,0.96376443001443,0.9637416164941964,0.9633333333333333
0.045532988694806896,0.12136852741241455,0.9675647500647501,0.9655579605579606,0.9654112456934955,0.965
0.04482121509499848,0.12054191529750824,0.9636778961778961,0.9620857383357384,0.9619563688709717,0.9616666666666666
0.04380102975604435,0.12253521382808685,0.9656016668516668,0.9642352092352092,0.9641405230268917,0.965
0.04074673269254466,0.11911720037460327,0.9690612628112628,0.9672655122655122,0.9673916587908152,0.9683333333333333
0.040239824525391064,0.12426422536373138,0.9650328837828837,0.9627200577200578,0.9630294344690854,0.9633333333333334
0.03764569185053309,0.11886206269264221,0.967293586043586,0.9657503607503607,0.9658137680824898,0.9666666666666667
0.04086758312769234,0.1280832588672638,0.9637552262552261,0.9625276575276575,0.9616562352718184,0.9616666666666668
0.040312451077625155,0.12186889350414276,0.9609984922484922,0.9586724386724388,0.9586388026662851,0.9583333333333334
0.03615195994886259,0.11951304972171783,0.9634099696599696,0.9615295815295816,0.9615084395977069,0.9616666666666668
0.0335531059342126,0.11837553977966309,0.9668695656195655,0.9645598845598845,0.9647595753616303,0.965
0.0337212384523203,0.11752369999885559,0.9675647500647501,0.9655579605579606,0.9654112456934955,0.965
0.035634684221198164,0.12031664699316025,0.9631810319310318,0.9610533910533912,0.9611718493297664,0.9616666666666668
0.03375036339275539,0.1168937236070633,0.9660057072557072,0.9640836940836941,0.9641189843510927,0.965
0.03677430508347849,0.1208585649728775,0.968706524956525,0.966087061087061,0.9660631325810803,0.9666666666666665
0.032543238097180925,0.11663541197776794,0.9668695656195655,0.9645598845598845,0.9647595753616303,0.965
0.031160165322944522,0.11422833055257797,0.9690612628112628,0.9672655122655122,0.9673916587908152,0.9683333333333333
0.033520940924063325,0.11598086357116699,0.9690612628112628,0.9672655122655122,0.9673916587908152,0.9683333333333333
0.03473485835517446,0.11359728872776031,0.9690612628112628,0.9672655122655122,0.9673916587908152,0.9683333333333333
0.03059545687089364,0.11769276857376099,0.96749666999667,0.9644336219336219,0.9649006258714722,0.965
0.02979754873861869,0.11411195248365402,0.9717452454952454,0.969117364117364,0.9693089520238979,0.9699999999999999
0.027375181360791128,0.11698788404464722,0.9723203185703185,0.97011544011544,0.9702656526463455,0.9699999999999999
0.027243176940828562,0.11816074699163437,0.9676831964331964,0.9644203944203945,0.9647485942223009,0.965
0.027016512933187187,0.11735715717077255,0.9679343804343804,0.9650817700817701,0.9652882689725021,0.965
0.027249682888699073,0.11691725254058838,0.9692222592222591,0.9667484367484368,0.966983052703899,0.9666666666666667
0.026971109521885712,0.11656530946493149,0.968991378991379,0.9667484367484368,0.9665944531124008,0.9666666666666667
0.025939561931105953,0.12472815811634064,0.9629826192326192,0.959306758056758,0.959368346319367,0.96
0.02478264831006527,0.11853362619876862,0.9649739612239613,0.9625685425685426,0.962752141317583,0.9633333333333334
0.02548893812733392,0.11651049554347992,0.9663881026381026,0.9642352092352092,0.9644331316528337,0.965
0.025995326616490882,0.11875298619270325,0.9693485218485218,0.9667484367484368,0.9669692593077527,0.9666666666666667
0.021846704301424325,0.11605794727802277,0.9696178358678358,0.9671392496392496,0.9675267650750444,0.9683333333333333
0.023819276480935514,0.11549051105976105,0.9679511692011692,0.9656240981240981,0.9658559212989375,0.9666666666666667
0.02595671860035509,0.11915342509746552,0.9671814296814296,0.9648502886002887,0.9650185773351634,0.965
0.022267527917089563,0.11519595235586166,0.9685703185703186,0.9665169552669552,0.9666204079987789,0.9666666666666667
0.024605088013534743,0.12137947976589203,0.9673348873348874,0.9639574314574314,0.964559474392074,0.965
0.0217866509143884,0.11514633148908615,0.9680295167795167,0.9657503607503607,0.9660248157573056,0.9666666666666667
0.019983415608294308,0.12258820980787277,0.9654137529137529,0.9633351370851372,0.9634406866268379,0.9633333333333334
0.021074643746639293,0.11563222855329514,0.9696178358678358,0.9671392496392496,0.9675267650750444,0.9683333333333333
0.02135420893318951,0.12097647041082382,0.9649992137492137,0.9625685425685426,0.9628313009892181,0.9633333333333334
0.020376118171649676,0.11838451027870178,0.9697555222555222,0.9677074314574314,0.9679648080660891,0.9683333333333333
0.01937205975021546,0.11886780709028244,0.9680295167795167,0.9657503607503607,0.9660248157573056,0.9666666666666667
0.019505808362737298,0.11779385060071945,0.9663881026381026,0.9642352092352092,0.9644331316528337,0.965
0.019841422520888347,0.12182535976171494,0.9679373404373405,0.96619227994228,0.9663053564066374,0.9666666666666667
0.021814454967776935,0.11702611297369003,0.9683413808413808,0.9660407647907648,0.9662838177308385,0.9666666666666667
0.01928032806608826,0.12144871801137924,0.9653885003885003,0.9633351370851372,0.9634382853473468,0.9633333333333334
0.020147722796536982,0.11610983312129974,0.9686896899396898,0.965935545935546,0.9660362775841754,0.9666666666666667
0.018763517184803884,0.11771431565284729,0.9713969363969364,0.9692225829725829,0.969556492170561,0.9699999999999999
0.019621746187719207,0.11709094047546387,0.9693751156251156,0.9662133237133236,0.966455330449834,0.9666666666666665
0.01894265114484976,0.12130020558834076,0.9683666333666333,0.9660407647907648,0.9663629774024737,0.9666666666666667
0.017262371256947517,0.1201728880405426,0.9653130665630666,0.9609481721981722,0.9614583126713471,0.9616666666666666
0.01692489026269565,0.1194508820772171,0.9681672031672032,0.9663185425685427,0.9664628587483503,0.9666666666666667
0.01648204793067028,0.117629274725914,0.9690179727679727,0.9660618085618085,0.9662203428197281,0.9666666666666665
0.015895879031935085,0.11683617532253265,0.9690468327968328,0.9665037277537278,0.9668079091763527,0.9666666666666667
0.018256362294778228,0.12063964456319809,0.9683666333666333,0.9660407647907648,0.9663629774024737,0.9666666666666667
0.014564481369840602,0.1175934225320816,0.9683666333666333,0.9660407647907648,0.9663629774024737,0.9666666666666667
0.018508696967425447,0.12001027166843414,0.9679343804343804,0.9650817700817701,0.9652882689725021,0.965
0.01703581279919793,0.1165289506316185,0.967351306101306,0.9651148388648388,0.9649463244404467,0.9649999999999999
0.01705376066577931,0.12216947972774506,0.9658762996262995,0.9629984367484368,0.9633930277726774,0.9633333333333334
0.01741827787676205,0.12020911276340485,0.9663448125948126,0.9630315055315055,0.9632618156817466,0.9633333333333333
0.015885662403889,0.11854597926139832,0.9683902671402672,0.9648833573833574,0.9649284823484132,0.965
0.017719085638721783,0.1234138235449791,0.9710165297665297,0.9683555796055797,0.9684871071713402,0.9683333333333333
0.013676226934573302,0.12135972827672958,0.9683902671402672,0.9648833573833574,0.9649284823484132,0.965
0.01496212293083469,0.1225200742483139,0.9671814296814296,0.9648502886002887,0.9650185773351634,0.965
0.016440036590211093,0.11908798664808273,0.9667783142783142,0.964651875901876,0.9648610280847348,0.965
0.013751917770908525,0.12157440185546875,0.9724054186554186,0.9700222462722463,0.9700889378349556,0.9700000000000001
0.014550625851067403,0.11874808371067047,0.9683413808413808,0.9660407647907648,0.9662838177308385,0.9666666666666667
0.01578125450760126,0.11988511681556702,0.9704357216857217,0.9681703944203944,0.9684097398399683,0.9683333333333334
0.01299442577874288,0.12181980907917023,0.9683666333666333,0.9660407647907648,0.9663629774024737,0.9666666666666667
0.01385852174522976,0.12165360152721405,0.9690468327968328,0.9665037277537278,0.9668079091763527,0.9666666666666667
0.013049159664660692,0.11935685575008392,0.9683666333666333,0.9660407647907648,0.9663629774024737,0.9666666666666667
0.014294255427860966,0.12000851333141327,0.9667783142783142,0.964651875901876,0.9648610280847348,0.965
0.014034947846084833,0.11839626729488373,0.9667530617530616,0.964651875901876,0.9647818684130997,0.965
0.014547668610854695,0.12399759143590927,0.9710165297665297,0.9683555796055797,0.9684871071713402,0.9683333333333333
0.015365076949819922,0.12343954294919968,0.9694220131720132,0.9663985088985089,0.9662953253819229,0.9666666666666667
0.014347777740719417,0.123186394572258,0.96758806008806,0.9653132515632517,0.9652749856840471,0.965
0.011422438352989653,0.11970013380050659,0.9686301661301661,0.9663185425685427,0.9667186132240536,0.9666666666666667
0.011864207258137563,0.12069253623485565,0.9667783142783142,0.964651875901876,0.9648610280847348,0.965
0.012788635697991898,0.12090607732534409,0.9690468327968328,0.9665037277537278,0.9668079091763527,0.9666666666666667
0.01351026565923045,0.11918690800666809,0.9684197284197283,0.9661670274170274,0.9664527121892066,0.9666666666666667
0.010823522005618239,0.12213432043790817,0.9710165297665297,0.9683555796055797,0.9684871071713402,0.9683333333333333
0.012530543433967978,0.12064562737941742,0.9683413808413808,0.9660407647907648,0.9662838177308385,0.9666666666666667
0.01215443023829721,0.11781616508960724,0.9710165297665297,0.9683555796055797,0.9684871071713402,0.9683333333333333
0.01057357614627108,0.11864980310201645,0.9710165297665297,0.9683555796055797,0.9684871071713402,0.9683333333333333
0.011052752243510136,0.1221609115600586,0.9710165297665297,0.9683555796055797,0.9684871071713402,0.9683333333333333
0.014754983906944593,0.12112221121788025,0.9716520516520517,0.9693608706108706,0.9695529914876059,0.9699999999999999
0.012405099677077184,0.12344984710216522,0.9687480112480111,0.9665037277537278,0.9665402260797222,0.9666666666666667
0.012590844727431735,0.12330944836139679,0.9687227587227586,0.9665037277537278,0.9664610664080872,0.9666666666666667
0.009952523551570872,0.12820002436637878,0.967760619010619,0.9633682058682059,0.9635700313620131,0.9633333333333333
0.013676160752462843,0.12456795573234558,0.9710165297665297,0.9683555796055797,0.9684871071713402,0.9683333333333333
0.01080694590928033,0.12243607640266418,0.9669819994819995,0.9651280663780665,0.9651184586810401,0.965
0.011440478721245503,0.12461205571889877,0.9687480112480111,0.9665037277537278,0.9665402260797222,0.9666666666666667
0.011692660918924958,0.12648895382881165,0.9724054186554186,0.9700222462722463,0.9700889378349556,0.9700000000000001
0.012139904506814977,0.12437461316585541,0.9728683816183815,0.9700222462722463,0.970344692310659,0.9699999999999999
0.012610348737022528,0.1252739131450653,0.9697539035039036,0.9669666907166907,0.9669877973024651,0.9666666666666667
0.008746189647354186,0.12250958383083344,0.9687480112480111,0.9665037277537278,0.9665402260797222,0.9666666666666667
0.010574929901243499,0.1264522522687912,0.9699847837347838,0.9662722462722463,0.9666836041609406,0.9666666666666667
0.011817266116850078,0.12658953666687012,0.9710165297665297,0.9683555796055797,0.9684871071713402,0.9683333333333333
0.009149484384882575,0.12134379148483276,0.9707387519887519,0.9683555796055797,0.968422271168289,0.9683333333333333
0.009075754642253742,0.12264784425497055,0.9693498630998629,0.9668404280904282,0.9668162633952333,0.9666666666666667
0.009384090410700688,0.12351346015930176,0.9707856495356495,0.9684818422318422,0.9683546403359747,0.9683333333333333
0.009510650580826526,0.124955914914608,0.9710165297665297,0.9683555796055797,0.9684871071713402,0.9683333333333333
0.010005501739215106,0.11845811456441879,0.9714422151922152,0.9696855459355459,0.9696974232018428,0.9700000000000001
0.009822833477907503,0.12970048189163208,0.9639516964516964,0.9619462481962483,0.9619249439129528,0.9616666666666668
0.009075891236231351,0.12386272847652435,0.9676579439079438,0.9649885762385763,0.9650662599474913,0.965
0.008959758813337734,0.12449699640274048,0.9710165297665297,0.9683555796055797,0.9684871071713402,0.9683333333333333
0.009704654745291919,0.1280699372291565,0.9710165297665297,0.9683555796055797,0.9684871071713402,0.9683333333333333
0.01146545682180052,0.124946229159832,0.9628153328153327,0.9619462481962482,0.961128460629257,0.9616666666666668
0.01099060105237489,0.12885157763957977,0.9710165297665297,0.9683555796055797,0.9684871071713402,0.9683333333333333
0.00877827184740454,0.12830877304077148,0.9710165297665297,0.9683555796055797,0.9684871071713402,0.9683333333333333
0.00882175333875542,0.12924014031887054,0.967380166130166,0.9649885762385764,0.9651370654002459,0.965
0.008304692290645713,0.1272888034582138,0.9693498630998629,0.9668404280904282,0.9668162633952333,0.9666666666666667
0.008174320178416869,0.12335311621427536,0.9702842065342066,0.9678457190957191,0.9681498308081294,0.9683333333333333
0.008616129014020165,0.12443699687719345,0.9696528934028934,0.9662722462722463,0.9664277922172883,0.9666666666666667
0.009745911316713318,0.12538458406925201,0.9642294742294742,0.9619462481962482,0.9618541384601982,0.9616666666666668
0.00865237919303278,0.12708985805511475,0.9690468327968328,0.9665037277537278,0.9668079091763527,0.9666666666666667
0.00807240828483676,0.12321564555168152,0.9690215802715803,0.9665037277537278,0.9667287495047177,0.9666666666666667
0.014370157422187427,0.1346144676208496,0.9657446257446257,0.9634613997113998,0.9635132856500359,0.9633333333333334
0.008322134235640988,0.12694622576236725,0.9651116476116476,0.9631367243867245,0.9631901843086279,0.9633333333333334
0.009068582206964493,0.12603650987148285,0.9700533263033262,0.9680188792688793,0.9680955925382273,0.9683333333333333
0.008208133998171737,0.13364847004413605,0.9664891589891589,0.9632299182299183,0.9634760438851052,0.9633333333333334
0.0062853017007000744,0.13050183653831482,0.9690215802715803,0.9665037277537278,0.9667287495047177,0.9666666666666667
0.008263912100422507,0.13488923013210297,0.970767612017612,0.966840428090428,0.9668520138959137,0.9666666666666667
0.007316486279402549,0.12974902987480164,0.9653894253894254,0.9631367243867244,0.9631193788558733,0.9633333333333334
0.007570727650697033,0.1300124228000641,0.9655931105931105,0.9634613997113998,0.9635166280174245,0.9633333333333334
0.0068628320877905935,0.13218426704406738,0.9693498630998629,0.9668404280904282,0.9668162633952333,0.9666666666666667
0.008533644295918444,0.132206529378891,0.9690215802715803,0.9665037277537278,0.9667287495047177,0.9666666666666667
0.009395705274073407,0.13476388156414032,0.9699847837347838,0.9662722462722463,0.9666836041609406,0.9666666666666667
0.007078415054517488,0.12700773775577545,0.9667530617530616,0.964651875901876,0.9647818684130997,0.965
0.006237817462533712,0.13186955451965332,0.9710165297665297,0.9683555796055797,0.9684871071713402,0.9683333333333333
0.006525227150026088,0.1295575052499771,0.967380166130166,0.9649885762385764,0.9651370654002459,0.965
0.006921488917820777,0.13683132827281952,0.9699847837347838,0.9662722462722463,0.9666836041609406,0.9666666666666667
0.006382867305849989,0.1318378448486328,0.9667783142783142,0.964651875901876,0.9648610280847348,0.965
0.008339374559000134,0.12850242853164673,0.967380166130166,0.9649885762385764,0.9651370654002459,0.965
0.009042730836275345,0.13755439221858978,0.9696798109298109,0.9654515392015393,0.9654176390919736,0.9649999999999999
0.007051244732186508,0.12847712635993958,0.9690215802715803,0.9665037277537278,0.9667287495047177,0.9666666666666667
0.006045845938691248,0.13638359308242798,0.9690468327968328,0.9665037277537278,0.9668079091763527,0.9666666666666667
0.008141339581925422,0.13061073422431946,0.9699847837347838,0.9662722462722463,0.9666836041609406,0.9666666666666667
0.00692837613557155,0.12860515713691711,0.967380166130166,0.9649885762385764,0.9651370654002459,0.965
0.007676247361814603,0.12920905649662018,0.968769055019055,0.966655242905243,0.9667388960638613,0.9666666666666667
0.00684354457189329,0.1300998479127884,0.9690468327968328,0.9665037277537278,0.9668079091763527,0.9666666666666667
0.006555444667659079,0.12965020537376404,0.9653894253894254,0.9631367243867244,0.9631193788558733,0.9633333333333334
0.006128666427684948,0.12751924991607666,0.9667530617530616,0.964651875901876,0.9647818684130997,0.965
0.005423271048736448,0.13220539689064026,0.9690468327968328,0.9665037277537278,0.9668079091763527,0.9666666666666667
0.005944967376611506,0.13469576835632324,0.9690468327968328,0.9665037277537278,0.9668079091763527,0.9666666666666667
0.005943038287417342,0.13697299361228943,0.9699847837347838,0.9662722462722463,0.9666836041609406,0.9666666666666667
0.005125003891104522,0.13483309745788574,0.9693498630998629,0.9668404280904282,0.9668162633952333,0.9666666666666667
0.0060278997116256505,0.13283109664916992,0.9705367317867318,0.967694203944204,0.9681396842489858,0.9683333333333333
0.008301110424023742,0.13799194991588593,0.9670813445813445,0.9649885762385764,0.9648693823036153,0.965
0.007768523093545809,0.13064919412136078,0.9676579439079438,0.9649885762385763,0.9650662599474913,0.965
0.006337759443946804,0.13403424620628357,0.9690215802715803,0.9665037277537278,0.9667287495047177,0.9666666666666667
0.006087411815921466,0.13599169254302979,0.9682928645428647,0.9644203944203945,0.9649940541990795,0.965
0.005633382194597895,0.13037337362766266,0.9682934657934658,0.9658423520923521,0.966271962829003,0.9666666666666667
0.005524639127543196,0.13488410413265228,0.9690468327968328,0.9665037277537278,0.9668079091763527,0.9666666666666667
0.0062901657074689865,0.13507890701293945,0.9690468327968328,0.9665037277537278,0.9668079091763527,0.9666666666666667
0.005330060831814383,0.13340191543102264,0.9690468327968328,0.9665037277537278,0.9668079091763527,0.9666666666666667
0.005380901779669027,0.1329672932624817,0.9651116476116476,0.9631367243867245,0.9631901843086279,0.9633333333333334
0.0050842154208415495,0.13708311319351196,0.9690468327968328,0.9665037277537278,0.9668079091763527,0.9666666666666667
0.005403724033385515,0.14035095274448395,0.970641835016835,0.9660738335738336,0.9666989754087614,0.9666666666666667
0.0048946276074275374,0.1370147168636322,0.9687480112480111,0.9665037277537278,0.9665402260797222,0.9666666666666667
0.005836306353254865,0.13236075639724731,0.9719508732008734,0.9693608706108706,0.9698206745842364,0.9700000000000001
0.0039184168563224375,0.13619287312030792,0.967380166130166,0.9649885762385764,0.9651370654002459,0.965
0.004700060992036015,0.13631807267665863,0.967380166130166,0.9649885762385764,0.9651370654002459,0.965
0.005422004682865615,0.1345098912715912,0.9653894253894254,0.9631367243867244,0.9631193788558733,0.9633333333333334
0.004312081369183336,0.13879579305648804,0.9710165297665297,0.9683555796055797,0.9684871071713402,0.9683333333333333
0.00499100104207173,0.13410316407680511,0.9667783142783142,0.964651875901876,0.9648610280847348,0.965
0.0058745383090960486,0.13705919682979584,0.9660417822917822,0.9635996873496874,0.9636502868596916,0.9633333333333333
0.005443476208408053,0.13382992148399353,0.9716520516520517,0.9693608706108706,0.9695529914876059,0.9699999999999999
0.0061806328885722905,0.1339174509048462,0.9666267991267992,0.9643272005772007,0.964601119052896,0.965
0.004463506702450104,0.14006507396697998,0.9710165297665297,0.9683555796055797,0.9684871071713402,0.9683333333333333
0.004601668280277711,0.1352776288986206,0.9653894253894254,0.9631367243867244,0.9631193788558733,0.9633333333333334
0.00472604838917808,0.14064368605613708,0.967380166130166,0.9649885762385764,0.9651370654002459,0.965
0.003890514917050799,0.13749180734157562,0.9710165297665297,0.9683555796055797,0.9684871071713402,0.9683333333333333
0.0038234480938020474,0.13856834173202515,0.9693498630998629,0.9668404280904282,0.9668162633952333,0.9666666666666667
0.0053931979346089065,0.13918063044548035,0.9697539035039036,0.9669666907166907,0.9669877973024651,0.9666666666666667
0.004425096291621837,0.13664062321186066,0.9690215802715803,0.9665037277537278,0.9667287495047177,0.9666666666666667
0.004576107860581639,0.14198452234268188,0.9710165297665297,0.9683555796055797,0.9684871071713402,0.9683333333333333
0.0037969667949558548,0.13991010189056396,0.9676579439079438,0.9649885762385764,0.9651267134333722,0.965
0.004656522229197435,0.14321006834506989,0.9710165297665297,0.9683555796055797,0.9684871071713402,0.9683333333333333
0.004813645132041226,0.13830500841140747,0.9728072390572392,0.9695460557960559,0.9699662108386655,0.9699999999999999
0.004279734658969876,0.13763298094272614,0.9653894253894254,0.9631367243867244,0.9631193788558733,0.9633333333333334
0.0038982205199621,0.14118003845214844,0.9710165297665297,0.9683555796055797,0.9684871071713402,0.9683333333333333
0.0035753913931936645,0.13691912591457367,0.9690215802715803,0.9665037277537278,0.9667287495047177,0.9666666666666667
0.004925059901628022,0.13558244705200195,0.9705619843119844,0.967694203944204,0.9682188439206209,0.9683333333333333
0.0038714590336894616,0.14045433700084686,0.9710165297665297,0.9683555796055797,0.9684871071713402,0.9683333333333333
0.005530958728437933,0.14126530289649963,0.9618485218485219,0.9600943963443963,0.9594691460016763,0.96
0.0040687295598521205,0.13823756575584412,0.9689652477152477,0.9665037277537278,0.9666851021588089,0.9666666666666667
0.003540908277500421,0.13993322849273682,0.9690468327968328,0.9665037277537278,0.9668079091763527,0.9666666666666667
0.0045629970845766366,0.13432559370994568,0.9672985810485809,0.9649885762385764,0.9650142583827019,0.965
0.004094171716133133,0.14224761724472046,0.9699847837347838,0.9662722462722463,0.9666836041609406,0.9666666666666667
0.006032359446786965,0.14118605852127075,0.9710165297665297,0.9683555796055797,0.9684871071713402,0.9683333333333333
0.004105126271800448,0.13977840542793274,0.9651116476116476,0.9631367243867245,0.9631901843086279,0.9633333333333334
0.0042460043672084185,0.14127007126808167,0.9651116476116476,0.9631367243867245,0.9631901843086279,0.9633333333333334
0.00524713992975497,0.13888965547084808,0.9725316812816813,0.9695460557960559,0.9698980419156084,0.9699999999999999
0.004159730461348469,0.13851137459278107,0.9653894253894254,0.9631367243867244,0.9631193788558733,0.9633333333333334
0.0046172139554983005,0.1449122279882431,0.9699031986531986,0.9662722462722463,0.9665607971433966,0.9666666666666667
0.0038561321950207153,0.1407460719347,0.9693246105746106,0.9665037277537278,0.9667975572094791,0.9666666666666667
0.003914028541961064,0.13387376070022583,0.967380166130166,0.9649885762385764,0.9651370654002459,0.965
0.005397127184551209,0.14255204796791077,0.9594768194768194,0.9585792448292448,0.9577813905851889,0.9583333333333334
0.005213466759111422,0.13774675130844116,0.9693246105746106,0.9665037277537278,0.9667975572094791,0.9666666666666667
0.003248968864985121,0.13756464421749115,0.9693498630998629,0.966688912938913,0.9668204405046735,0.9666666666666667
0.003019460338691715,0.13541698455810547,0.9690468327968328,0.9665037277537278,0.9668079091763527,0.9666666666666667
0.0038036517677634643,0.13930748403072357,0.9710165297665297,0.9683555796055797,0.9684871071713402,0.9683333333333333
0.004307330197965105,0.13240519165992737,0.9676579439079438,0.9649885762385763,0.9650662599474913,0.965
0.005505619546359715,0.14298944175243378,0.9714183501683502,0.9674627224627225,0.9679717318876647,0.9683333333333333
0.004317611916728008,0.1353735774755478,0.9676579439079438,0.9649885762385763,0.9650662599474913,0.965
0.004016449864138849,0.14385157823562622,0.9699847837347838,0.9662722462722463,0.9666836041609406,0.9666666666666667
0.0032657685903056213,0.13843631744384766,0.967380166130166,0.9649885762385764,0.9651370654002459,0.965
0.0040596274969478445,0.13996005058288574,0.9724500962000963,0.9695460557960559,0.9697752348980644,0.9699999999999999
0.004876735149688709,0.14465059340000153,0.9693246105746106,0.9665037277537278,0.9667975572094791,0.9666666666666667
0.0032221950095845386,0.13879863917827606,0.9692320179820179,0.966655242905243,0.9669946505395647,0.9666666666666667
0.003594810577245274,0.14315351843833923,0.9676579439079438,0.9649885762385764,0.9651267134333722,0.965
0.00361209009133745,0.1424056589603424,0.9693498630998629,0.9668404280904282,0.9668162633952333,0.9666666666666667
0.0033774129600108913,0.14405415952205658,0.9709349446849447,0.9683555796055797,0.9683643001537963,0.9683333333333333
0.004380210147549708,0.14459653198719025,0.9691983479483478,0.9668404280904282,0.9667441133230832,0.9666666666666667
0.004024410583951976,0.13884878158569336,0.9688953176453176,0.9661790524290526,0.966548000144514,0.9666666666666667
0.0026613602191597843,0.1452626883983612,0.9693498630998629,0.9668404280904282,0.9668162633952333,0.9666666666666667
0.0035352725826669484,0.1425676941871643,0.9693498630998629,0.9668404280904282,0.9668162633952333,0.9666666666666667
0.003798259570127508,0.14784294366836548,0.972655723905724,0.9691293891293892,0.9695014124791302,0.9699999999999999
0.0035928928167171157,0.14301416277885437,0.9695460557960557,0.966840428090428,0.9666226509249348,0.9666666666666667
0.0030495028016351475,0.14192259311676025,0.9724500962000963,0.9695460557960559,0.9697752348980644,0.9699999999999999
0.003102719633413168,0.14322644472122192,0.9676579439079438,0.9649885762385763,0.9650662599474913,0.965
0.0036580986828388027,0.1462777554988861,0.9748905723905724,0.9707960557960559,0.9715618666448477,0.9716666666666666
0.0034965643814454475,0.1404528021812439,0.9679862267362266,0.9653252765752766,0.9651537738380068,0.965
0.0030014450846162313,0.1446606069803238,0.9693498630998629,0.9668404280904282,0.9668162633952333,0.9666666666666667
0.0034396913809662997,0.14719918370246887,0.9710165297665297,0.9683555796055797,0.9684871071713402,0.9683333333333333
0.003363738981230805,0.14003825187683105,0.964349863099863,0.9618067580567581,0.9618079091763527,0.9616666666666668
0.0028713751526083797,0.14754673838615417,0.9727867965367966,0.9700222462722463,0.9702218852931151,0.9699999999999999
0.002609564090865509,0.14376188814640045,0.9657177082177081,0.9634734247234248,0.9632068927463888,0.9633333333333334
0.0025776946955981352,0.14586453139781952,0.9696276408776408,0.966840428090428,0.9667454579424787,0.9666666666666667
0.0030930418773399047,0.15111473202705383,0.9660243460243461,0.9625685425685426,0.9630471731074616,0.9633333333333334
0.003400566267373506,0.14533214271068573,0.9662943075443075,0.9634734247234248,0.9634642238761457,0.9633333333333334
0.00294176471894995,0.14457130432128906,0.9709349446849447,0.9683555796055797,0.9683643001537963,0.9683333333333333
0.002359628723449229,0.1463782787322998,0.9710165297665297,0.9683555796055797,0.9684871071713402,0.9683333333333333
0.0023352873977273703,0.1432921290397644,0.9676579439079438,0.9649885762385763,0.9650662599474913,0.965
0.0024784559088099436,0.14741644263267517,0.9693498630998629,0.966688912938913,0.9668204405046735,0.9666666666666667
0.002995351176650729,0.14649870991706848,0.9693246105746106,0.9665037277537278,0.9667975572094791,0.9666666666666667
0.002747707975989518,0.1488579362630844,0.9710165297665297,0.9683555796055797,0.9684871071713402,0.9683333333333333
0.003269874565982415,0.1441064327955246,0.9660165297665296,0.9634734247234248,0.9634745758430193,0.9633333333333334
0.0024883934020181186,0.14448653161525726,0.9679862267362266,0.9653252765752766,0.9651537738380068,0.965
0.0028886337192185843,0.14592966437339783,0.9676579439079438,0.9649885762385763,0.9650662599474913,0.965
0.002853574854574011,0.1463325023651123,0.9675763588263587,0.9649885762385764,0.9650039064158283,0.965
0.002426293028596168,0.15125790238380432,0.9662943075443075,0.9634734247234248,0.9634642238761457,0.9633333333333334
0.0025738620170159265,0.1491679847240448,0.9662943075443075,0.9634734247234248,0.9634642238761457,0.9633333333333334
0.002767337932406614,0.14719118177890778,0.9699031986531986,0.9662722462722463,0.9665607971433966,0.9666666666666667
0.002934839724427244,0.15012043714523315,0.9696276408776408,0.966840428090428,0.9667454579424787,0.9666666666666667
0.0028807009027029076,0.14543478190898895,0.9712017149517148,0.9685070947570948,0.9686738485345522,0.9683333333333333
0.0026497373522336907,0.15098333358764648,0.9693498630998629,0.9668404280904282,0.9668162633952333,0.9666666666666667
0.00280366081763835,0.1521187424659729,0.9676579439079438,0.9649885762385764,0.9651267134333722,0.965
0.0025350182622787543,0.15540730953216553,0.9662943075443075,0.9634734247234248,0.9634642238761457,0.9633333333333334
0.0020751653743597367,0.15391993522644043,0.9653894253894254,0.9631367243867245,0.9631798323417543,0.9633333333333334
0.0018333810633824517,0.14938539266586304,0.9659349446849447,0.9634734247234248,0.9633517688254755,0.9633333333333334
0.0022639028466073796,0.1480385661125183,0.9660165297665296,0.9634734247234248,0.9634745758430193,0.9633333333333334
0.0027982263006075905,0.14987383782863617,0.9653894253894254,0.9631367243867244,0.9631193788558733,0.9633333333333334
0.0030747652732922384,0.1635499894618988,0.9698332685832686,0.9662722462722463,0.9666114540887905,0.9666666666666667
0.002134125087953483,0.14911848306655884,0.9710165297665297,0.9683555796055797,0.9684871071713402,0.9683333333333333
0.0021012001913428926,0.1500871628522873,0.9660165297665296,0.9634734247234248,0.9634745758430193,0.9633333333333334
0.003175307300504452,0.1480676233768463,0.9653894253894254,0.9631367243867244,0.9631193788558733,0.9633333333333334
0.003300578289781697,0.14892226457595825,0.9748905723905724,0.9707960557960559,0.9715618666448477,0.9716666666666666
0.002747892877475048,0.1563984751701355,0.9727168664668664,0.9700222462722463,0.9702725422385089,0.9699999999999999
0.0025665482171461917,0.14651460945606232,0.9693751156251156,0.9669919432419433,0.9667556045016222,0.9666666666666667
0.00328706161720523,0.15602031350135803,0.9718223905723905,0.9683555796055797,0.9684084048733573,0.9683333333333333
0.002222839835061071,0.1504826545715332,0.9662943075443075,0.9634734247234248,0.9634642238761457,0.9633333333333334
0.002472865320063041,0.1504715532064438,0.9639133551633551,0.9616215728715729,0.9610792314176239,0.9616666666666668
0.002678770455531776,0.15094158053398132,0.9693498630998629,0.9668404280904282,0.9668162633952333,0.9666666666666667
0.002860161557085424,0.14712606370449066,0.9659349446849447,0.9634734247234248,0.9633517688254755,0.9633333333333334
0.0020315631578948037,0.16154524683952332,0.9660165297665296,0.9634734247234248,0.9634745758430193,0.9633333333333334
0.002475582165061496,0.1515803188085556,0.966730399230399,0.9648370610870612,0.9646883489120555,0.965
0.0019519178579988268,0.15164659917354584,0.9679862267362266,0.9653252765752766,0.9651537738380068,0.965
0.002224831286487946,0.15921637415885925,0.9679862267362266,0.9653252765752766,0.9651537738380068,0.965
0.0031398384113951274,0.1560598909854889,0.9669045769045769,0.964651875901876,0.964778526045711,0.965
0.0020024362505258373,0.15850134193897247,0.9693498630998629,0.9668404280904282,0.9668162633952333,0.9666666666666667
0.0017975417770988618,0.15362291038036346,0.967380166130166,0.9649885762385764,0.9651370654002459,0.965
0.0023107525460848897,0.15339818596839905,0.9693498630998629,0.9668404280904282,0.9668162633952333,0.9666666666666667
0.001804883553025623,0.15128692984580994,0.9660165297665296,0.9634734247234248,0.9634745758430193,0.9633333333333334
0.001763466631625003,0.15763583779335022,0.9693498630998629,0.9668404280904282,0.9668162633952333,0.9666666666666667
0.0020690386882051826,0.1521894782781601,0.9662943075443075,0.9634734247234248,0.9634642238761457,0.9633333333333334
0.002201742735148097,0.1577671766281128,0.9682112794612795,0.9644203944203945,0.9648712471815356,0.965
0.002513359155273065,0.15296542644500732,0.9659349446849447,0.9634734247234248,0.9633517688254755,0.9633333333333334
0.0020419452788094836,0.15128012001514435,0.9679357216857216,0.9649885762385763,0.9650559079806177,0.965
0.002224154054905133,0.15235552191734314,0.9694197931697932,0.9665157527657527,0.966441901564731,0.9666666666666667
0.0022310024845258645,0.15250709652900696,0.9711201298701297,0.9685070947570948,0.9685510415170082,0.9683333333333333
0.003395115961514724,0.15590421855449677,0.9624601324601324,0.9616215728715729,0.9607195148814367,0.9616666666666668
0.0018080224690493196,0.1512719988822937,0.9709349446849447,0.9683555796055797,0.9683643001537963,0.9683333333333333
0.0023524654025095515,0.15715092420578003,0.9701557239057239,0.9660738335738336,0.9664724220187897,0.9666666666666667
0.002751990966013788,0.15469610691070557,0.964025789025789,0.9616215728715729,0.9615173427845277,0.9616666666666668
0.0017902698503651966,0.15288057923316956,0.9662943075443075,0.9634734247234248,0.9634642238761457,0.9633333333333334
0.0028881958933197893,0.1637122631072998,0.96613862988863,0.9619793169793169,0.9619850709372358,0.9616666666666666
0.002774638499734768,0.15684689581394196,0.9664905002405001,0.9653252765752766,0.964305288989522,0.965
0.002939303301294179,0.15341582894325256,0.9653894253894254,0.9631367243867244,0.9631193788558733,0.9633333333333334
0.0023630746642690306,0.1583116501569748,0.9699031986531986,0.9662722462722463,0.9665607971433966,0.9666666666666667
0.002900363599716608,0.15802496671676636,0.9714183501683502,0.9674627224627225,0.9679717318876647,0.9683333333333333
0.002372121719721084,0.14756393432617188,0.9719366281866281,0.9697438672438673,0.9698878741682281,0.9700000000000001
0.001847373564184333,0.16060389578342438,0.9676579439079438,0.9649885762385764,0.9651267134333722,0.965
0.0018649578172092636,0.15844446420669556,0.9692682780182779,0.9668404280904282,0.9666934563776893,0.9666666666666667
0.0022777463721771105,0.15212656557559967,0.9707834295334296,0.9680309042809044,0.9681043911219575,0.9683333333333333
0.0031493488252939037,0.16487613320350647,0.9657509620009619,0.9633219095719096,0.9631398766011993,0.9633333333333334
0.001983702852157876,0.15188220143318176,0.9670013782513783,0.9642472342472342,0.9643954284623958,0.9649999999999999
0.004391044141812017,0.16004103422164917,0.965440577940578,0.9641552429052429,0.9634544761685023,0.965
0.004688344796401604,0.15408790111541748,0.9686896899396898,0.9665037277537278,0.9664331029810009,0.9666666666666667
0.0030609317764174193,0.1680697202682495,0.9681413493913494,0.9644203944203945,0.9649219041269294,0.965
0.0023180499047157355,0.16552871465682983,0.9658375420875421,0.9612848725348725,0.9614065165142877,0.9616666666666668
0.003955012374111296,0.16210515797138214,0.967380166130166,0.9649885762385764,0.9651370654002459,0.965
0.0017368931488211576,0.1575993448495865,0.9671823546823547,0.9643272005772006,0.9645199616332677,0.965
0.0016843345741411515,0.1642577350139618,0.968318117068117,0.9647570947570948,0.9650127603848336,0.965
0.001663108774664579,0.16449345648288727,0.9666261978761979,0.962905242905243,0.9633232104229726,0.9633333333333334
0.0014956123947437543,0.15762260556221008,0.9690342065342065,0.9659938672438674,0.9663775467725865,0.9666666666666667
0.0017294333714138095,0.15809983015060425,0.9687564287564286,0.9659938672438674,0.9664483522253411,0.9666666666666667
0.0014163209452817682,0.160934716463089,0.9670813445813445,0.9649885762385764,0.9648693823036153,0.965
0.0023798613389468906,0.15625585615634918,0.9686439948939948,0.9659938672438674,0.9660102408584371,0.9666666666666667
0.00144717129781687,0.16254501044750214,0.9658776408776407,0.9632882395382395,0.9633749279238467,0.9633333333333334
0.0017198651257785968,0.16732488572597504,0.9681666019166019,0.9647570947570948,0.9649406103126835,0.965
0.0022952488664789903,0.1617838740348816,0.9693498630998629,0.9668404280904282,0.9668162633952333,0.9666666666666667
0.0023169995984062552,0.15984927117824554,0.9686049136049135,0.9659938672438674,0.966376202153191,0.9666666666666667
0.001445592730306089,0.15567061305046082,0.9693498630998629,0.9668404280904282,0.9668162633952333,0.9666666666666667
0.0022555348186870106,0.15560346841812134,0.9672412772412772,0.9648033910533912,0.9650374174810731,0.965
0.001505124940498111,0.1563577950000763,0.9668819143819142,0.9649885762385764,0.9647563218747653,0.965
0.0020315615923512573,0.15584391355514526,0.964025789025789,0.9616215728715729,0.9615173427845277,0.9616666666666668
0.001416658810436881,0.16417551040649414,0.9693498630998629,0.9668404280904282,0.9668162633952333,0.9666666666666667
0.0016402183876683314,0.1553974598646164,0.9691730954230953,0.9661790524290526,0.9665376481776402,0.9666666666666667
0.0027053898314382727,0.1602516770362854,0.9643035668035668,0.9634734247234248,0.9624812149154479,0.9633333333333334
0.0015484013589836347,0.15981651842594147,0.9693498630998629,0.9668404280904282,0.9668162633952333,0.9666666666666667
0.0016310843056999147,0.15530511736869812,0.9697875735375735,0.966655242905243,0.9669134931199365,0.9666666666666667
0.00196661150281822,0.16066983342170715,0.964025789025789,0.9616215728715729,0.9615173427845277,0.9616666666666668
0.0020950060982916816,0.15811161696910858,0.9676579439079438,0.9649885762385764,0.9651267134333722,0.965
0.0019694678655165867,0.16179193556308746,0.9639752839752839,0.9628120490620491,0.9621304496257047,0.9633333333333334
0.0015698379144547896,0.15734969079494476,0.9750757575757576,0.9713642376142376,0.9721412562954447,0.9716666666666666
0.002185950468022687,0.16208675503730774,0.9712017149517148,0.9685070947570948,0.9686738485345522,0.9683333333333333
0.0020644937443042486,0.1637725532054901,0.9644424556924557,0.9620845358345359,0.9617591940381236,0.9616666666666668
0.002113423379341839,0.15506625175476074,0.9711201298701297,0.9685070947570948,0.9685510415170082,0.9683333333333333
0.0015047672883762668,0.1590358018875122,0.9670813445813445,0.9649885762385764,0.9648693823036153,0.965
0.0014679939704365097,0.15971902012825012,0.9637480112480111,0.9616215728715729,0.9615276947514014,0.9616666666666668
0.0014941108480949576,0.16460245847702026,0.9699031986531986,0.9662722462722463,0.9665607971433966,0.9666666666666667
0.002049275636333429,0.16335901618003845,0.9669298294298293,0.9649885762385764,0.9647972322314652,0.965
0.0022026290353096556,0.1618444323539734,0.9679862267362266,0.9653252765752766,0.9651537738380068,0.965
0.003021377427406454,0.16037404537200928,0.9635915010915012,0.9613900913900914,0.960729362366494,0.9616666666666668
0.002807917358344033,0.15397150814533234,0.97372113997114,0.9711790524290524,0.9716149765155352,0.9716666666666666
0.0019191660188274302,0.16190233826637268,0.9662943075443075,0.9634734247234248,0.9634642238761457,0.9633333333333334
0.001442392142052995,0.1626707911491394,0.9693498630998629,0.9668404280904282,0.9668162633952333,0.9666666666666667
0.0012672438606387004,0.16088204085826874,0.9670813445813445,0.9649885762385764,0.9648693823036153,0.965
0.0012269961710747641,0.1574440896511078,0.9695013782513783,0.9665157527657527,0.966564708582275,0.9666666666666667
0.0012939405811872955,0.16941219568252563,0.9670813445813445,0.9649885762385764,0.9648693823036153,0.965
0.0012776417958472546,0.1571163535118103,0.9693498630998629,0.9668404280904282,0.9668162633952333,0.9666666666666667
0.0016794917464721948,0.16354960203170776,0.9693498630998629,0.9668404280904282,0.9668162633952333,0.9666666666666667
0.0021905381023922623,0.15857428312301636,0.9705976430976432,0.9667935305435305,0.9671218717300243,0.9666666666666667
0.0024458409873962714,0.17188775539398193,0.9691983479483478,0.9668404280904282,0.9667441133230832,0.9666666666666667
0.0010133093771097872,0.16564586758613586,0.9693498630998629,0.9668404280904282,0.9668162633952333,0.9666666666666667
0.001386065947372117,0.16143126785755157,0.9681666019166019,0.9647570947570948,0.9649406103126835,0.965
0.0020843984608897395,0.16266928613185883,0.9658614533614532,0.962905242905243,0.9629235262273244,0.9633333333333334
0.0016193902065424481,0.15726402401924133,0.9691983479483478,0.9668404280904282,0.9667441133230832,0.9666666666666667
0.0018400824653023544,0.15707020461559296,0.9707134994634994,0.9680309042809044,0.9681550480673513,0.9683333333333333
0.0016369437810984284,0.1603090763092041,0.9693498630998629,0.9668404280904282,0.9668162633952333,0.9666666666666667
0.0010529393366596196,0.16035768389701843,0.9693498630998629,0.9668404280904282,0.9668162633952333,0.9666666666666667
0.0014302704094006913,0.16504721343517303,0.9676579439079438,0.9649885762385764,0.9651267134333722,0.965
0.001501853061199654,0.1627132147550583,0.9698332685832686,0.965947570947571,0.9664236951291018,0.9666666666666667
0.001031333688539841,0.1570795774459839,0.9670813445813445,0.9649885762385764,0.9648693823036153,0.965
0.0015034775897220243,0.1557956039905548,0.9695013782513783,0.9665157527657527,0.966564708582275,0.9666666666666667
0.0013713568108263037,0.1609107255935669,0.9660640285640286,0.9643272005772007,0.9638231745172114,0.9649999999999999
0.0019625949850402926,0.16790907084941864,0.9641520516520515,0.9634734247234248,0.9624090648432978,0.9633333333333334
0.00186416165039797,0.1638413518667221,0.9710585016835017,0.9662253487253487,0.9670164357262218,0.9666666666666667
0.0015443172378581949,0.15973839163780212,0.9708650146150145,0.9680309042809044,0.9682271981395014,0.9683333333333333
0.0013829207176362008,0.16145971417427063,0.9691730954230953,0.9661790524290526,0.9665376481776402,0.9666666666666667
0.0021658073334644237,0.1630086451768875,0.9686049136049135,0.9659938672438674,0.966376202153191,0.9666666666666667
