training_loss,validation_loss,precision,recall,f1,accuracy
1.339159943163395,0.6479343175888062,0.8803881725572901,0.8523039923039923,0.8439939477374514,0.855
0.5035029264787833,0.3926090598106384,0.9207405312552371,0.914071669071669,0.9122437173507193,0.9116666666666666
0.31765385530889034,0.29606348276138306,0.9321546046546046,0.9272089947089949,0.9255457948160534,0.9266666666666666
0.23508614674210548,0.25125735998153687,0.9506480556480558,0.943848605098605,0.9434335888986537,0.9433333333333332
0.19202304910868406,0.1947239339351654,0.9453019665519665,0.9443175805675805,0.9428741478816524,0.9433333333333334
0.15319897358616194,0.17750851809978485,0.9490672753172754,0.9471374458874459,0.945770507565186,0.9466666666666667
0.13918977665404478,0.1794770210981369,0.9441811429311429,0.9428451178451179,0.9403994581353131,0.9416666666666665
0.11485122609883547,0.1840423196554184,0.9566094091094092,0.9485381747881748,0.9468515922315223,0.9483333333333333
0.1023423137764136,0.1596924215555191,0.948480500980501,0.9437914862914862,0.9428345326042752,0.9433333333333334
0.08864943000177543,0.13949349522590637,0.9607992932992934,0.9590554353054354,0.9585712079802695,0.9583333333333334
0.07659169115747015,0.1388634443283081,0.9521730121730122,0.9518801106301106,0.9503770474322927,0.9516666666666665
0.07499867600078385,0.13796469569206238,0.9620871720871721,0.9600012025012025,0.9594596726821214,0.9599999999999999
0.06852893019095063,0.14052915573120117,0.9622334609834611,0.9598376623376623,0.9594097111374223,0.96
0.0655058182310313,0.14016255736351013,0.9635683298183298,0.958486050986051,0.9583416448304275,0.9583333333333334
0.06576992967166007,0.13947896659374237,0.9557127132127131,0.954856301106301,0.9533356504621032,0.9533333333333335
0.04805351320343713,0.1329830288887024,0.9642847430347431,0.9615043290043291,0.9614720893050638,0.9616666666666666
0.05295619221093754,0.17059151828289032,0.9633331510537393,0.9545434657934657,0.9537399993527208,0.9533333333333333
0.04633347185639044,0.12454438209533691,0.9572422947422946,0.9560467772967773,0.9550737213481079,0.9549999999999997
0.0446600957463185,0.11166303604841232,0.9718701668701669,0.9690373977873978,0.9696817806360029,0.9699999999999999
0.03967984851139287,0.1394205093383789,0.9649642718392718,0.9594961519961521,0.9585718933186916,0.9583333333333334
0.039372547335612275,0.12254194915294647,0.9652451252451253,0.9637181337181336,0.9631441338159606,0.9633333333333334
0.03960462426766753,0.11280649155378342,0.9714674677174676,0.9696855459355459,0.9697765828734779,0.9700000000000001
0.03648430803635468,0.11295479536056519,0.9723604173604175,0.9695003607503607,0.9702273454481917,0.9699999999999999
0.03255178593099117,0.11770278215408325,0.9714205701705702,0.967046055796056,0.9673246996532946,0.9683333333333333
0.0337577253812924,0.1509764939546585,0.9636934389140271,0.9572953897953896,0.9565933026446207,0.9566666666666666
0.030244731150257092,0.12635424733161926,0.9604908517408517,0.9593205868205867,0.9580026656868986,0.9583333333333334
0.026672299369238317,0.12303720414638519,0.9641311928811929,0.9610281385281386,0.9611242043421115,0.9616666666666666
0.024660834479921807,0.12035882472991943,0.9681004643504644,0.9657371332371333,0.9656687868607597,0.9666666666666667
0.027183307354183246,0.11731685698032379,0.9649733599733601,0.9624170274170275,0.9622957710147214,0.9633333333333333
0.022571618823955458,0.11099979281425476,0.9682603970103969,0.9658766233766234,0.9658102967080398,0.9666666666666665
0.02400363706207524,0.11962328851222992,0.965155353905354,0.9632646057646057,0.9630275956857822,0.9633333333333333
0.02998588465076561,0.11322762072086334,0.9725898638398639,0.9696055796055796,0.9699936919502362,0.9699999999999999
0.02346977867030849,0.11968257278203964,0.9701727901727901,0.9675559163059163,0.9678658761873641,0.9683333333333333
0.02189452664849038,0.11546599119901657,0.9681744181744182,0.9652332852332853,0.9654415440081077,0.965
0.01777605285557608,0.11844649165868759,0.9727618215118216,0.9697907647907648,0.9701838043850429,0.9699999999999999
0.022107783394555252,0.11732970178127289,0.9687136012136012,0.9667484367484368,0.9666652585651554,0.9666666666666667
0.02180345954063038,0.1202419251203537,0.9664740814740814,0.9641690716690716,0.9639964232019241,0.9633333333333334
0.017661411276397605,0.11464338004589081,0.9687140174640175,0.9658092833092833,0.9660274011429842,0.9666666666666667
0.022605978650972247,0.13032424449920654,0.9644625744625746,0.9617947330447331,0.9616769110683051,0.9616666666666668
0.018414189495767157,0.11947589367628098,0.9720735283235283,0.9694540644540645,0.9693964659144135,0.9699999999999999
0.015162329635738084,0.12019666284322739,0.9708432308432308,0.9686002886002886,0.9685552374261263,0.9683333333333334
0.01685092153881366,0.1351938247680664,0.965628121878122,0.9643795093795093,0.9635368094047146,0.9633333333333334
0.01984226187535872,0.12918806076049805,0.9633925796425796,0.9604058441558442,0.9606162767135533,0.96
0.013671771409766128,0.12064360082149506,0.9663273763273762,0.9640428090428091,0.9637349627401228,0.9633333333333334
0.01666950510116294,0.11923107504844666,0.9704262866762868,0.9674037999037998,0.9675938050755208,0.9683333333333333
0.0184953436255455,0.12209029495716095,0.9717410829910831,0.9696855459355459,0.969799470204527,0.9699999999999999
0.014805909459634373,0.14270947873592377,0.9639173979615157,0.9571560846560847,0.9573445728735229,0.9566666666666664
0.01598923474860688,0.13302098214626312,0.9677805990305991,0.964546657046657,0.9646214437080411,0.9649999999999999
0.01465882727643475,0.13070504367351532,0.9679224016724017,0.9638443963443963,0.9639111828414113,0.9633333333333333
0.013065070806381604,0.13237857818603516,0.9632792207792208,0.962375541125541,0.9609341454288621,0.9616666666666666
0.018541861732956022,0.12419593334197998,0.9694220131720132,0.9663985088985089,0.9662953253819229,0.9666666666666667
0.011680470532155596,0.11938133090734482,0.9707125744625745,0.9680441317941318,0.9683865397301931,0.9683333333333333
0.014714744145749137,0.12432121485471725,0.9662929662929662,0.9635666185666186,0.9636965848680302,0.9633333333333334
0.010737143262910346,0.11887359619140625,0.9707125744625745,0.9680441317941318,0.9683865397301931,0.9683333333333333
0.011724272083180646,0.12396417558193207,0.9701702464202465,0.9681703944203943,0.967977547472926,0.9683333333333333
0.011590696919787055,0.13986502587795258,0.9704784567284568,0.965657166907167,0.9658427058017356,0.9666666666666667
0.015114971970130378,0.1316983997821808,0.9746136733636734,0.9716426166426166,0.9721445886987684,0.9716666666666667
0.009386222605826333,0.1506146490573883,0.9640821678321677,0.9586712361712362,0.9583877277122173,0.9583333333333334
0.011461767368018627,0.13441136479377747,0.9723260535760536,0.9692556517556516,0.9693080907898066,0.9699999999999999
0.011880713912736004,0.12726008892059326,0.966419228919229,0.9649086099086098,0.9643211828877464,0.965
0.011936453083762899,0.1319974660873413,0.9707856495356495,0.9684818422318422,0.9683546403359747,0.9683333333333333
0.015830998609696206,0.13142874836921692,0.9694752007252007,0.9672703222703224,0.9673620784158768,0.9666666666666667
0.01154533126585496,0.12214040756225586,0.9718226680726681,0.9696855459355459,0.9699222772220709,0.9699999999999999
0.00892399855850575,0.14099031686782837,0.9674287286787288,0.962800024050024,0.962877559441471,0.9633333333333333
0.009295993329336246,0.1570640355348587,0.964551902775587,0.9568660968660968,0.9571325195944929,0.9566666666666667
0.015491472081824517,0.12817969918251038,0.9721745384245385,0.9701485088985088,0.9699564709995903,0.9700000000000001
0.008895963420703387,0.12358497828245163,0.9686408498908499,0.9669799182299182,0.9668404987016959,0.9666666666666667
0.008390114021797975,0.12631575763225555,0.9675297387797387,0.9653132515632517,0.9651678625853258,0.965
0.008709250687388703,0.12569354474544525,0.968411912161912,0.9665037277537278,0.9665039084337556,0.9666666666666667
0.01110956777120009,0.1262655258178711,0.9719414381914381,0.9698238335738335,0.9695737549502076,0.9700000000000001
0.007355372523306869,0.12991124391555786,0.9710165297665297,0.9683555796055797,0.9684871071713402,0.9683333333333333
0.00743562841671519,0.13393718004226685,0.9690585340585339,0.9667021404521404,0.9667866815904799,0.9666666666666667
0.009446281066630036,0.1357138603925705,0.9694467106967108,0.9641420153920154,0.9644758627682259,0.965
0.007387222644562523,0.1393895447254181,0.9674847837347836,0.9626737614237614,0.9629450912119014,0.9633333333333334
0.00883402323233895,0.13628920912742615,0.9713645151145153,0.9677405002405002,0.9676938278597542,0.9683333333333333
0.010217847593594342,0.1424003690481186,0.9693010230510232,0.9641420153920154,0.9645234818158449,0.965
0.007289807845760758,0.1409963071346283,0.970237308987309,0.9664237614237613,0.9666062368295688,0.9666666666666667
0.007871151339107504,0.13033005595207214,0.9687218337218338,0.9661922799422799,0.9663688531858204,0.9666666666666667
0.00783914421723845,0.13736547529697418,0.970181253931254,0.9671182058682058,0.9669753650360282,0.9666666666666668
0.006613220350118354,0.13470718264579773,0.9694747844747845,0.9664237614237613,0.9666385448231593,0.9666666666666667
0.0050998097043096395,0.12952885031700134,0.9684371646871647,0.966655242905243,0.9664432495401446,0.9666666666666668
0.008554758765967563,0.1435091346502304,0.9704561642061642,0.9665157527657527,0.9664536370691258,0.9666666666666667
0.0065019202447729185,0.12661124765872955,0.9691242553742554,0.966655242905243,0.9668845904124543,0.9666666666666667
0.008039133938533874,0.1350187063217163,0.9710165297665297,0.9683555796055797,0.9684871071713402,0.9683333333333333
0.008096003769120822,0.13140863180160522,0.9663408813408815,0.964340428090428,0.9639838607272986,0.9649999999999999
0.005478847121897464,0.13076522946357727,0.9725644263144263,0.9698959836459836,0.9700754843138745,0.9700000000000001
0.004871801958264162,0.1299593150615692,0.9699523162023164,0.9678457190957191,0.9678541842844127,0.9683333333333334
0.005736703518778086,0.14171099662780762,0.9727026214526214,0.969697570947571,0.9696978675666924,0.9700000000000001
0.00782518255194494,0.15924115478992462,0.9663063325563325,0.9617267917267917,0.9614135812128991,0.9616666666666668
0.006268133205594495,0.13439886271953583,0.9682151644651644,0.9658014670514671,0.9654903641059471,0.965
0.00586732473069181,0.13652074337005615,0.9710165297665297,0.9683555796055797,0.9684871071713402,0.9683333333333333
0.010257817217886137,0.15009988844394684,0.9657188875938876,0.9620861545861547,0.961981337088036,0.9616666666666666
0.004951102954995197,0.1455381065607071,0.9710165297665297,0.9683555796055797,0.9684871071713402,0.9683333333333333
0.006256891380568656,0.1625523418188095,0.9635023500464676,0.9590305990305992,0.9591075518218566,0.9583333333333334
0.006079991838002267,0.13728222250938416,0.9707387519887519,0.9685070947570948,0.9684180940588488,0.9683333333333333
0.0062651572516188025,0.14372634887695312,0.9710165297665297,0.9683555796055797,0.9684871071713402,0.9683333333333333
0.00583092625796174,0.13878418505191803,0.9693498630998629,0.9668404280904282,0.9668162633952333,0.9666666666666667
0.005348967349467178,0.13662952184677124,0.965565268065268,0.9634866522366522,0.9633662343370806,0.9633333333333334
0.007609705571667291,0.13892163336277008,0.9695788008288008,0.9673166185666187,0.9671528536631736,0.9666666666666667
0.006840061338152736,0.1392228901386261,0.9707387519887519,0.9685070947570948,0.9684180940588488,0.9683333333333333
0.00487197262312596,0.14178690314292908,0.9617954267954266,0.9599681337181337,0.9593794112149432,0.96
0.005231226236598256,0.14368924498558044,0.9693498630998629,0.9668404280904282,0.9668162633952333,0.9666666666666667
0.006925593809379886,0.1444726288318634,0.9679862267362266,0.9653252765752766,0.9651537738380068,0.965
0.0055574712314410135,0.14722149074077606,0.9696856384356384,0.9671903559403559,0.9670020600123799,0.9666666666666667
0.0044843600238285335,0.1404070109128952,0.9722539035039035,0.969697570947571,0.9698290288031169,0.9699999999999999
0.007270268649638941,0.13831961154937744,0.9693489380989382,0.9665289802789802,0.9667240501729665,0.9666666666666667
0.004681530311548461,0.13949750363826752,0.9718725256225257,0.969234607984608,0.9696517801258682,0.9699999999999999
0.006473489600466564,0.14221689105033875,0.964176379176379,0.9618199855699855,0.961764403673465,0.9616666666666668
0.005805176998061749,0.14617371559143066,0.9712943075443076,0.9677405002405002,0.967941247756297,0.9683333333333333
0.004435095276373128,0.14767779409885406,0.96748445998446,0.9648502886002887,0.9650873850399247,0.965
0.00483964826950493,0.15139488875865936,0.9738357938357938,0.9692809042809044,0.9700054756674041,0.9699999999999999
0.007006800898428385,0.1486610770225525,0.9716964054464056,0.968308682058682,0.9683862997802963,0.9683333333333334
0.00394129469350446,0.14116370677947998,0.9674617974617975,0.9651400913900914,0.9649544177585972,0.965
0.004087298293597996,0.1443125307559967,0.970381609131609,0.9683555796055797,0.968183106428743,0.9683333333333333
0.003638233970074604,0.16889232397079468,0.9625307562807563,0.9566478428978429,0.9571167782483742,0.9566666666666666
0.005373957765793118,0.15079444646835327,0.9706846394346393,0.9677873977873978,0.9677946352507979,0.9683333333333333
0.004136316325457301,0.14104287326335907,0.9739205701705703,0.9712127224627225,0.9714998725792238,0.9716666666666667
0.004068910609930754,0.15542203187942505,0.9703327690827691,0.9662253487253487,0.9663269848262446,0.9666666666666667
0.0042917757673421875,0.14365386962890625,0.9739205701705703,0.9712127224627225,0.9714998725792238,0.9716666666666667
0.004555278084202048,0.15107934176921844,0.9710165297665297,0.9683555796055797,0.9684871071713402,0.9683333333333333
0.0035611095906157666,0.14868725836277008,0.9642773892773894,0.9630104617604617,0.9624496605867922,0.9633333333333334
0.004395936179207638,0.14491263031959534,0.9710939523439523,0.9685070947570948,0.9685637884074417,0.9683333333333333
0.0030247480171965435,0.15250825881958008,0.9710165297665297,0.9683555796055797,0.9684871071713402,0.9683333333333333
0.004271982223144732,0.14665117859840393,0.9690179727679727,0.9668404280904282,0.9665206168715166,0.9666666666666667
0.006180382430708657,0.14808997511863708,0.9712943075443076,0.9677405002405002,0.967941247756297,0.9683333333333333
0.0052968583040637895,0.1498953402042389,0.9641032116032116,0.9616215728715729,0.9616733890999943,0.9616666666666668
0.0050579605012899265,0.15688380599021912,0.96758806008806,0.9653132515632517,0.9652749856840471,0.965
0.005192673250955219,0.14388716220855713,0.9675316812816813,0.964663900913901,0.9648855105872874,0.965
0.0054524126899195835,0.14414279162883759,0.9689205701705702,0.9663305675805676,0.966487341250903,0.9666666666666667
0.0031319950455023595,0.15146510303020477,0.9725316812816813,0.9695460557960559,0.9698980419156084,0.9699999999999999
0.0036242591522750445,0.14662885665893555,0.9722539035039035,0.969697570947571,0.9698290288031169,0.9699999999999999
0.003661976942870145,0.14854219555854797,0.968825433825434,0.966655242905243,0.9666169073158238,0.9666666666666667
0.0026859144782065414,0.14464399218559265,0.9708902671402672,0.9681824194324194,0.9681665392458904,0.9683333333333333
0.0030030340664476776,0.1569579839706421,0.9694220131720132,0.9663985088985089,0.9662953253819229,0.9666666666666667
0.004163151131554817,0.15699529647827148,0.9710165297665297,0.9683555796055797,0.9684871071713402,0.9683333333333333
0.004683566541643813,0.15351897478103638,0.9690332815332816,0.9680441317941318,0.967418494617411,0.9683333333333334
0.0030875683514750563,0.1636408269405365,0.9685359547859549,0.9648833573833574,0.9648808633007943,0.965
0.0034770070584878945,0.1477675586938858,0.9689205701705702,0.9663305675805676,0.966487341250903,0.9666666666666667
0.00538301808895388,0.15100650489330292,0.9670804195804196,0.9646771284271284,0.9647771690813486,0.965
0.004969454690581188,0.15122869610786438,0.9724500962000963,0.9695460557960559,0.9697752348980644,0.9699999999999999
0.003853542567715825,0.151405930519104,0.9663087375587375,0.964651875901876,0.9640481105224791,0.965
0.003851507969860298,0.14958009123802185,0.9708650146150145,0.9680309042809044,0.9682271981395014,0.9683333333333333
0.00251939084167437,0.15411975979804993,0.9621768046768046,0.9604310966810967,0.9595566598921917,0.96
0.004637605251142911,0.15648166835308075,0.9710165297665297,0.9683555796055797,0.9684871071713402,0.9683333333333333
0.0036563231430288092,0.15424507856369019,0.9738389850889851,0.9712127224627225,0.9713770655616799,0.9716666666666667
0.0030445039252905795,0.16446036100387573,0.9702819865319866,0.965947570947571,0.9662925338926773,0.9666666666666667
0.0034863069110239544,0.1541917324066162,0.9679862267362266,0.9653252765752766,0.9651537738380068,0.965
0.0026768305178848095,0.14947034418582916,0.9695013782513783,0.9665157527657527,0.966564708582275,0.9666666666666667
0.0034970451742992736,0.15361139178276062,0.9693498630998629,0.9668404280904282,0.9668162633952333,0.9666666666666667
0.004723033673750858,0.1494189202785492,0.9695013782513783,0.9665157527657527,0.966564708582275,0.9666666666666667
0.0020957109203057676,0.15337848663330078,0.9710165297665297,0.9683555796055797,0.9684871071713402,0.9683333333333333
0.0034331273709540255,0.1596337854862213,0.9710165297665297,0.9683555796055797,0.9684871071713402,0.9683333333333333
0.003937382105505094,0.15258599817752838,0.9675316812816813,0.964663900913901,0.9648855105872874,0.965
0.003130755981449814,0.15700677037239075,0.9695013782513783,0.9665157527657527,0.966564708582275,0.9666666666666667
0.0027434091365042454,0.15471787750720978,0.9725316812816813,0.9695460557960559,0.9698980419156084,0.9699999999999999
0.0030377295891715526,0.15700390934944153,0.9724717412217413,0.9692556517556516,0.9692604717421874,0.9699999999999999
0.004094327933368429,0.15737086534500122,0.9723801661301662,0.9695460557960559,0.9698258918434582,0.9699999999999999
0.0033329810588232553,0.15213173627853394,0.9738389850889851,0.9712127224627225,0.9713770655616799,0.9716666666666667
0.002908300952791857,0.15796685218811035,0.9738389850889851,0.9712127224627225,0.9713770655616799,0.9716666666666667
0.003348678449886696,0.16036686301231384,0.9739205701705703,0.9712127224627225,0.9714998725792238,0.9716666666666667
0.0024550247835577466,0.15608608722686768,0.9685093147593148,0.9663305675805676,0.9657815467873685,0.9666666666666667
0.0030178617283430262,0.15844962000846863,0.9693498630998629,0.9668404280904282,0.9668162633952333,0.9666666666666667
0.003105943488966053,0.16526255011558533,0.9653868816368817,0.9637981000481002,0.9632235145050018,0.9633333333333334
0.005275954637909308,0.16206812858581543,0.9693498630998629,0.9668404280904282,0.9668162633952333,0.9666666666666667
0.002791650954653354,0.15852823853492737,0.9708902671402672,0.9681824194324194,0.9681665392458904,0.9683333333333333
0.003504917794392289,0.16524820029735565,0.9694220131720132,0.9663985088985089,0.9662953253819229,0.9666666666666667
0.002874326962531389,0.15244561433792114,0.9695013782513783,0.9665157527657527,0.966564708582275,0.9666666666666667
0.002781036967159404,0.15807762742042542,0.9725316812816813,0.9695460557960559,0.9698980419156084,0.9699999999999999
0.0018578159773217824,0.15673701465129852,0.9636355773855773,0.9616215728715729,0.9610895833844975,0.9616666666666668
0.0027614046727345944,0.15754084289073944,0.9708650146150145,0.9680309042809044,0.9682271981395014,0.9683333333333333
0.002141046485727808,0.15597252547740936,0.9678094590594589,0.964663900913901,0.9648751586204137,0.965
0.002492401239578612,0.15519186854362488,0.9641032116032116,0.9616215728715729,0.9616733890999943,0.9616666666666668
0.004058501358182791,0.15642809867858887,0.9660165297665296,0.9634734247234248,0.9634745758430193,0.9633333333333334
0.002519115909914641,0.15809185802936554,0.9725316812816813,0.9695460557960559,0.9698980419156084,0.9699999999999999
0.0021291428323214254,0.1545664519071579,0.9617222592222592,0.959769721019721,0.9592883966414725,0.96
0.00351445640262682,0.15646909177303314,0.9695013782513783,0.9665157527657527,0.966564708582275,0.9666666666666667
0.002592809723864775,0.16087278723716736,0.9648565786065785,0.9622829485329486,0.9622093354473442,0.9616666666666668
0.002816094439670754,0.1593843549489975,0.9680383967883968,0.9651400913900914,0.965211748888354,0.965
0.0017242062337269697,0.15901702642440796,0.9693498630998629,0.9668404280904282,0.9668162633952333,0.9666666666666667
0.004873167411763764,0.16707973182201385,0.9699031986531986,0.9662722462722463,0.9665607971433966,0.9666666666666667
0.0026363087054050993,0.16957849264144897,0.9696723184223185,0.9669666907166907,0.9668649902849212,0.9666666666666667
0.004226360533114833,0.16260457038879395,0.9679862267362266,0.9653252765752766,0.9651537738380068,0.965
0.0020323980085474127,0.16669701039791107,0.9628153328153327,0.9616215728715729,0.9608652092300295,0.9616666666666668
0.0035301114742954573,0.15908685326576233,0.9636414511414512,0.9612848725348725,0.9608697287790706,0.9616666666666666
0.002851045389737313,0.17111659049987793,0.9697539035039036,0.9669666907166907,0.9669877973024651,0.9666666666666667
0.0026315609914793945,0.15907809138298035,0.9694197931697932,0.9665157527657527,0.966441901564731,0.9666666666666667
0.0022411296813515946,0.15832966566085815,0.9695013782513783,0.9665157527657527,0.966564708582275,0.9666666666666667
0.002395138345794597,0.16154329478740692,0.9683414270914271,0.9653252765752766,0.9652994681865997,0.965
0.002348204036631311,0.1585996448993683,0.9683414270914271,0.9653252765752766,0.9652994681865997,0.965
0.0024164119871178022,0.16021192073822021,0.9683414270914271,0.9653252765752766,0.9652994681865997,0.965
0.001735006847108404,0.15790927410125732,0.9695013782513783,0.9665157527657527,0.966564708582275,0.9666666666666667
0.0016776714498215977,0.1645311564207077,0.9724500962000963,0.9695460557960559,0.9697752348980644,0.9699999999999999
0.0018119307787856087,0.15541251003742218,0.9694197931697932,0.9665157527657527,0.966441901564731,0.9666666666666667
0.0015612983964577627,0.15758560597896576,0.9694197931697932,0.9665157527657527,0.966441901564731,0.9666666666666667
0.003139938293315936,0.16173450648784637,0.9679862267362266,0.9653252765752766,0.9651537738380068,0.965
0.0033831675318651833,0.15770505368709564,0.9683414270914271,0.9653252765752766,0.9652994681865997,0.965
0.001946321167148805,0.15725292265415192,0.9663717301217302,0.9634734247234248,0.9636202701916123,0.9633333333333334
0.0028301456428986662,0.1603585183620453,0.9695013782513783,0.9665157527657527,0.966564708582275,0.9666666666666667
0.001437351928567902,0.1605437994003296,0.9708650146150145,0.9680309042809044,0.9682271981395014,0.9683333333333333
0.002813539760002944,0.16241660714149475,0.9691730954230953,0.9661790524290526,0.9665376481776402,0.9666666666666667
0.001932900668180082,0.15934111177921295,0.9725316812816813,0.9695460557960559,0.9698980419156084,0.9699999999999999
0.0016669028700562194,0.16182319819927216,0.9620000370000369,0.959769721019721,0.9592780446745987,0.96
0.002585340681738065,0.1594284027814865,0.9725316812816813,0.9695460557960559,0.9698980419156084,0.9699999999999999
0.0018209424585317417,0.16338877379894257,0.9680131442631441,0.9649885762385764,0.9652724077819651,0.965
0.0022081186834839173,0.16069239377975464,0.9695013782513783,0.9665157527657527,0.966564708582275,0.9666666666666667
0.003188091290212469,0.16918312013149261,0.9725316812816813,0.9695460557960559,0.9698980419156084,0.9699999999999999
0.0031422090226745545,0.168907031416893,0.9643809893809893,0.9616215728715729,0.9616630371331206,0.9616666666666668
0.002688350240835765,0.1646183282136917,0.9693498630998629,0.9668404280904282,0.9668162633952333,0.9666666666666667
0.003330987180864516,0.16129982471466064,0.9663717301217302,0.9634734247234248,0.9636202701916123,0.9633333333333334
0.0017914260194326441,0.15700393915176392,0.9725316812816813,0.9695460557960559,0.9698980419156084,0.9699999999999999
0.0018693832850355345,0.16188813745975494,0.9643809893809893,0.9616215728715729,0.9616630371331206,0.9616666666666668
0.0023370406561298296,0.15851959586143494,0.9691730954230953,0.9661790524290526,0.9665376481776402,0.9666666666666667
0.0014723248289859232,0.16293545067310333,0.9724500962000963,0.9695460557960559,0.9697752348980644,0.9699999999999999
0.0019273505446714505,0.16306570172309875,0.9724500962000963,0.9695460557960559,0.9697752348980644,0.9699999999999999
0.0017175987947363562,0.15899871289730072,0.9654285066785065,0.9628120490620491,0.9624901661618918,0.9633333333333334
0.0023038603952348544,0.16551166772842407,0.9708397620897621,0.967694203944204,0.9682084919537471,0.9683333333333333
0.0035615364564970755,0.1662532389163971,0.9620000370000369,0.959769721019721,0.9592780446745987,0.96
0.0017466255036803584,0.15959379076957703,0.9678094590594589,0.964663900913901,0.9648751586204137,0.965
0.002754081887057206,0.17057585716247559,0.9643413068413068,0.9613900913900914,0.9610496856296762,0.9616666666666666
0.0016180994947111078,0.1578831672668457,0.9678094590594589,0.964663900913901,0.9648751586204137,0.965
0.002821274523739703,0.1799113154411316,0.9681280293780294,0.9623238335738336,0.9627143315063131,0.9633333333333334
0.0026420532885822468,0.1620885729789734,0.9679862267362266,0.9653252765752766,0.9651537738380068,0.965
0.0021820051078975666,0.1679459512233734,0.9662943075443075,0.9634734247234248,0.9634642238761457,0.9633333333333334
0.0016377004103560466,0.15900874137878418,0.9695013782513783,0.9665157527657527,0.966564708582275,0.9666666666666667
0.001812982655489274,0.16835615038871765,0.9725316812816813,0.9695460557960559,0.9698980419156084,0.9699999999999999
0.002731989180271436,0.16393689811229706,0.9679862267362266,0.9653252765752766,0.9651537738380068,0.965
0.002127762825693935,0.16916623711585999,0.9714999352499354,0.9674627224627225,0.9680945389052087,0.9683333333333333
0.002026798898441484,0.16391700506210327,0.9678094590594589,0.964663900913901,0.9648751586204137,0.965
0.001550797808401209,0.16479654610157013,0.9725316812816813,0.9695460557960559,0.9698980419156084,0.9699999999999999
0.0024369986822421197,0.1729351282119751,0.9659213934213934,0.9634734247234248,0.9632804370228318,0.9633333333333334
0.002144585469068261,0.16428522765636444,0.9695013782513783,0.9665157527657527,0.966564708582275,0.9666666666666667
0.0018907977355411276,0.16442595422267914,0.9725316812816813,0.9695460557960559,0.9698980419156084,0.9699999999999999
0.001193217198306229,0.16138401627540588,0.9675316812816813,0.964663900913901,0.9648855105872874,0.965
0.0018961453727873352,0.17745529115200043,0.9687668350168349,0.9647570947570947,0.9648815991484092,0.965
0.0022316362155834213,0.16539889574050903,0.9679862267362266,0.9653252765752766,0.9651537738380068,0.965
0.0014565244540184115,0.16349947452545166,0.9678094590594589,0.964663900913901,0.9648751586204137,0.965
0.0018338428296071168,0.16695594787597656,0.9662943075443075,0.9634734247234248,0.9634642238761457,0.9633333333333334
0.001404645588384786,0.1709730625152588,0.9628658378658378,0.9604310966810967,0.9602521023888526,0.9600000000000001
0.002556874105115033,0.16748106479644775,0.9693498630998629,0.9668404280904282,0.9668162633952333,0.9666666666666667
0.0017674350528977811,0.16310074925422668,0.9695013782513783,0.9665157527657527,0.966564708582275,0.9666666666666667
0.0018034711877893035,0.17660170793533325,0.9710165297665297,0.9683555796055797,0.9684871071713402,0.9683333333333333
0.002027335177748076,0.16945311427116394,0.9662943075443075,0.9634734247234248,0.9634642238761457,0.9633333333333334
0.0020160409876552876,0.17261338233947754,0.9621262996262997,0.9600943963443963,0.9594587940348026,0.96
0.0015429688804336668,0.16857075691223145,0.9657177082177081,0.9634734247234248,0.9632068927463888,0.9633333333333334
0.0015643671698247392,0.16945020854473114,0.9662943075443075,0.9634734247234248,0.9634642238761457,0.9633333333333334
0.002141560256253191,0.16278788447380066,0.9685093147593148,0.9663305675805676,0.9657815467873685,0.9666666666666667
0.001811640360150098,0.16631457209587097,0.9620000370000369,0.959769721019721,0.9592780446745987,0.96
0.0022144350562787927,0.17059867084026337,0.9618485218485217,0.959769721019721,0.9592058946024488,0.96
0.0013455258012982085,0.16775962710380554,0.9725316812816813,0.9695460557960559,0.9698980419156084,0.9699999999999999
0.0015851565040065907,0.16929003596305847,0.9708650146150145,0.9680309042809044,0.9682271981395014,0.9683333333333333
0.001767217361096603,0.16469427943229675,0.9678094590594589,0.964663900913901,0.9648751586204137,0.965
0.0033809502371392832,0.16637955605983734,0.9656672031672032,0.9631367243867244,0.9631090268889997,0.9633333333333334
0.00200452615172253,0.16678595542907715,0.9678094590594589,0.964663900913901,0.9648751586204137,0.965
0.0025504330587864388,0.16705189645290375,0.9655409405409404,0.9628120490620491,0.9629282775287957,0.9633333333333334
0.0012734346504051548,0.16835348308086395,0.9679862267362266,0.9653252765752766,0.9651537738380068,0.965
0.001517202596005518,0.17524144053459167,0.9676579439079438,0.9649885762385764,0.9651267134333722,0.965
0.0015212701218842994,0.16927026212215424,0.9655409405409404,0.9628120490620491,0.9629282775287957,0.9633333333333334
0.0020123531539866235,0.17455029487609863,0.9604848854848854,0.9585792448292448,0.9578671099303308,0.9583333333333334
0.001573768952463676,0.17081302404403687,0.9620000370000369,0.959769721019721,0.9592780446745987,0.96
0.001672243279851197,0.16586972773075104,0.9708902671402672,0.9681824194324194,0.9681665392458904,0.9683333333333333
0.0019123365273117088,0.17081007361412048,0.9679862267362266,0.9653252765752766,0.9651537738380068,0.965
0.0015413271939905826,0.17610803246498108,0.9709349446849447,0.9683555796055797,0.9683643001537963,0.9683333333333333
0.0015294750167716604,0.17317351698875427,0.9662943075443075,0.9634734247234248,0.9634642238761457,0.9633333333333334
0.0012555664446457133,0.1705733835697174,0.9695013782513783,0.9665157527657527,0.966564708582275,0.9666666666666667
0.0011052289373765234,0.17300212383270264,0.9693498630998629,0.9668404280904282,0.9668162633952333,0.9666666666666667
0.0022314417462136285,0.16750787198543549,0.964025789025789,0.9616215728715729,0.9615173427845277,0.9616666666666668
0.00160335950931767,0.16611099243164062,0.9655409405409404,0.9628120490620491,0.9629282775287957,0.9633333333333334
0.0014402269916899968,0.1675572395324707,0.9672328597328597,0.964663900913901,0.9646178274906569,0.965
0.001903563224307921,0.17742756009101868,0.9724500962000963,0.9695460557960559,0.9697752348980644,0.9699999999999999
0.0012976039627877374,0.17041847109794617,0.9695013782513783,0.9665157527657527,0.966564708582275,0.9666666666666667
0.0029794128652914273,0.1724211871623993,0.9693498630998629,0.9668404280904282,0.9668162633952333,0.9666666666666667
0.001701938587454303,0.1764318197965622,0.9710165297665297,0.9683555796055797,0.9684871071713402,0.9683333333333333
0.0015733225239576616,0.17112091183662415,0.9662943075443075,0.9634734247234248,0.9634642238761457,0.9633333333333334
0.0014106552765345743,0.1709403395652771,0.9695013782513783,0.9665157527657527,0.966564708582275,0.9666666666666667
0.001031602974156461,0.17165607213974,0.9695013782513783,0.9665157527657527,0.966564708582275,0.9666666666666667
0.0015022910289796225,0.17488422989845276,0.9693498630998629,0.9668404280904282,0.9668162633952333,0.9666666666666667
0.0010901485899618517,0.1724943369626999,0.9695013782513783,0.9665157527657527,0.966564708582275,0.9666666666666667
0.0013108965104038361,0.1748059093952179,0.9678094590594589,0.964663900913901,0.9648751586204137,0.965
0.0016032880509252816,0.1787267029285431,0.9662943075443075,0.9634734247234248,0.9634642238761457,0.9633333333333334
0.0016202215883822646,0.17147591710090637,0.9708650146150145,0.9680309042809044,0.9682271981395014,0.9683333333333333
0.0035560397251780764,0.16812244057655334,0.965150728900729,0.9628120490620491,0.9625005181287656,0.9633333333333334
0.0010230334313140095,0.1712961196899414,0.9695013782513783,0.9665157527657527,0.966564708582275,0.9666666666666667
0.0025341702700340343,0.17755863070487976,0.9679862267362266,0.9653252765752766,0.9651537738380068,0.965
0.001109250285177647,0.1757829189300537,0.9695013782513783,0.9665157527657527,0.966564708582275,0.9666666666666667
0.0016367750577046536,0.17199920117855072,0.9708650146150145,0.9680309042809044,0.9682271981395014,0.9683333333333333
0.001255718550964957,0.17250481247901917,0.9662943075443075,0.9634734247234248,0.9634642238761457,0.9633333333333334
0.0024632667482364923,0.17099013924598694,0.9695013782513783,0.9665157527657527,0.966564708582275,0.9666666666666667
0.0013328199080812435,0.17321263253688812,0.9662943075443075,0.9634734247234248,0.9634642238761457,0.9633333333333334
0.001571053978598987,0.1738404482603073,0.9708650146150145,0.9680309042809044,0.9682271981395014,0.9683333333333333
0.0009752975553662205,0.17208604514598846,0.9695013782513783,0.9665157527657527,0.966564708582275,0.9666666666666667
0.0013475954741200742,0.17339229583740234,0.9708650146150145,0.9680309042809044,0.9682271981395014,0.9683333333333333
0.00158489313677516,0.1777733862400055,0.9620000370000369,0.959769721019721,0.9592780446745987,0.96
0.0011687709896553617,0.17154917120933533,0.9695013782513783,0.9665157527657527,0.966564708582275,0.9666666666666667
0.0016971710186529283,0.1708759069442749,0.9695013782513783,0.9665157527657527,0.966564708582275,0.9666666666666667
0.0016428783371035631,0.17630916833877563,0.9708650146150145,0.9680309042809044,0.9682271981395014,0.9683333333333333
0.0014920096679513033,0.1758134663105011,0.9724500962000963,0.9695460557960559,0.9697752348980644,0.9699999999999999
0.0012336238717883437,0.1773560494184494,0.964025789025789,0.9616215728715729,0.9615173427845277,0.9616666666666668
0.0009714212756080087,0.17481093108654022,0.9695013782513783,0.9665157527657527,0.966564708582275,0.9666666666666667
0.0024051131234349063,0.17929956316947937,0.964025789025789,0.9616215728715729,0.9615173427845277,0.9616666666666668
0.002130165576697133,0.17697405815124512,0.9708650146150145,0.9680309042809044,0.9682271981395014,0.9683333333333333
0.001144023633969482,0.17454920709133148,0.9678094590594589,0.964663900913901,0.9648751586204137,0.965
0.0024529452754601757,0.17783606052398682,0.9679862267362266,0.9653252765752766,0.9651537738380068,0.965
0.0014100614583488398,0.1751990169286728,0.9678094590594589,0.964663900913901,0.9648751586204137,0.965
0.0016817736474574,0.17366443574428558,0.9678094590594589,0.964663900913901,0.9648751586204137,0.965
0.0018316300205090859,0.180873304605484,0.9679862267362266,0.9653252765752766,0.9651537738380068,0.965
0.0019559510643982017,0.20152759552001953,0.965748807292925,0.9599879749879751,0.9605319673329594,0.9600000000000001
0.0012742470177424063,0.17644774913787842,0.9679862267362266,0.9653252765752766,0.9651537738380068,0.965
0.0015565513549518073,0.17321160435676575,0.9655409405409404,0.9628120490620491,0.9629282775287957,0.9633333333333334
0.0016035501854882266,0.17118841409683228,0.965150728900729,0.9628120490620491,0.9625005181287656,0.9633333333333334
0.0013976611826365115,0.17504659295082092,0.9662943075443075,0.9634734247234248,0.9634642238761457,0.9633333333333334
0.0016080138908970791,0.1725868582725525,0.9708086820586822,0.9681824194324194,0.9680437322283466,0.9683333333333333
0.0014250008983556957,0.17133215069770813,0.9694197931697932,0.9665157527657527,0.966441901564731,0.9666666666666667
0.00148843287024647,0.17458121478557587,0.9662943075443075,0.9634734247234248,0.9634642238761457,0.9633333333333334
0.0025109292582783382,0.17554841935634613,0.9695013782513783,0.9665157527657527,0.966564708582275,0.9666666666666667
0.0010650328204064863,0.17578604817390442,0.9678094590594589,0.964663900913901,0.9648751586204137,0.965
0.0011812161416552651,0.17749278247356415,0.9725316812816813,0.9695460557960559,0.9698980419156084,0.9699999999999999
0.00200703719019657,0.17305541038513184,0.9695013782513783,0.9665157527657527,0.966564708582275,0.9666666666666667
0.0013455148340047647,0.17646586894989014,0.9662943075443075,0.9634734247234248,0.9634642238761457,0.9633333333333334
0.0012084344246735175,0.17227447032928467,0.9620000370000369,0.959769721019721,0.9592780446745987,0.96
0.0012742766624190456,0.18410801887512207,0.9713137325637327,0.9680309042809044,0.968096036903077,0.9683333333333333
0.001372143402477377,0.17770874500274658,0.9725316812816813,0.9695460557960559,0.9698980419156084,0.9699999999999999
0.0026472582588515556,0.1782616674900055,0.963159988159988,0.9609601972101972,0.9605432850702739,0.9616666666666666
0.001780627461509236,0.17465677857398987,0.9620000370000369,0.959769721019721,0.9592780446745987,0.96
0.0009565067678825775,0.17739728093147278,0.9708650146150145,0.9680309042809044,0.9682271981395014,0.9683333333333333
0.0009243434797099326,0.17374084889888763,0.9678094590594589,0.964663900913901,0.9648751586204137,0.965
0.0009720584663834112,0.17645835876464844,0.9662943075443075,0.9634734247234248,0.9634642238761457,0.9633333333333334
0.0028253958049996677,0.1829843372106552,0.9710165297665297,0.9683555796055797,0.9684871071713402,0.9683333333333333
0.00142472065150893,0.1764744520187378,0.9654285066785065,0.9628120490620491,0.9624901661618918,0.9633333333333334
0.001168839874784074,0.17763862013816833,0.9691730954230953,0.9661790524290526,0.9665376481776402,0.9666666666666667
0.0008771901175350649,0.17395755648612976,0.9695013782513783,0.9665157527657527,0.966564708582275,0.9666666666666667
0.001267271772424768,0.17522560060024261,0.9695013782513783,0.9665157527657527,0.966564708582275,0.9666666666666667
0.000995735286172324,0.17537635564804077,0.9678094590594589,0.964663900913901,0.9648751586204137,0.965
0.0015935130437962168,0.17797985672950745,0.9662943075443075,0.9634734247234248,0.9634642238761457,0.9633333333333334
0.001003589143389642,0.1756288707256317,0.9678094590594589,0.964663900913901,0.9648751586204137,0.965
0.001527262426558688,0.17429177463054657,0.9695013782513783,0.9665157527657527,0.966564708582275,0.9666666666666667
0.0016300453680742066,0.18167077004909515,0.9724500962000963,0.9695460557960559,0.9697752348980644,0.9699999999999999
0.0035259027499705553,0.17476342618465424,0.9695013782513783,0.9665157527657527,0.966564708582275,0.9666666666666667
0.0014076709527823066,0.1709975004196167,0.965150728900729,0.9628120490620491,0.9625005181287656,0.9633333333333334
0.0021055298329883954,0.17763948440551758,0.9693498630998629,0.9668404280904282,0.9668162633952333,0.9666666666666667
0.0008312312893394846,0.1811215728521347,0.9693246105746106,0.9665037277537278,0.9667975572094791,0.9666666666666667
0.0008973402315556692,0.1769283264875412,0.9627534040034039,0.9604310966810967,0.9598139910219486,0.96
0.0009245442245931675,0.18101374804973602,0.9679862267362266,0.9653252765752766,0.9651537738380068,0.965
0.0019082426879322156,0.17875449359416962,0.9725316812816813,0.9695460557960559,0.9698980419156084,0.9699999999999999
0.0015661896874613983,0.17710749804973602,0.9708650146150145,0.9680309042809044,0.9682271981395014,0.9683333333333333
0.0010554322458726044,0.17986950278282166,0.9662943075443075,0.9634734247234248,0.9634642238761457,0.9633333333333334
0.0008426654900783129,0.18109732866287231,0.9708650146150145,0.9680309042809044,0.9682271981395014,0.9683333333333333
0.00184485762414018,0.1809103935956955,0.9725316812816813,0.9695460557960559,0.9698980419156084,0.9699999999999999
0.0009092777145269793,0.1778019368648529,0.9639133551633551,0.9616215728715729,0.9610792314176239,0.9616666666666668
0.0010002375626451492,0.18248531222343445,0.9693498630998629,0.9668404280904282,0.9668162633952333,0.9666666666666667
0.0010740861368200665,0.18072466552257538,0.9708650146150145,0.9680309042809044,0.9682271981395014,0.9683333333333333
0.0010509684713421545,0.17545604705810547,0.9695013782513783,0.9665157527657527,0.966564708582275,0.9666666666666667
0.0010142922425681415,0.18265148997306824,0.9662943075443075,0.9634734247234248,0.9634642238761457,0.9633333333333334
0.000893214950338006,0.1756424605846405,0.9654285066785065,0.9628120490620491,0.9624901661618918,0.9633333333333334
0.0007353488241885012,0.17490047216415405,0.9678094590594589,0.964663900913901,0.9648751586204137,0.965
0.002430469022632072,0.1792399287223816,0.9724500962000963,0.9695460557960559,0.9697752348980644,0.9699999999999999
0.0008635490515492469,0.17570047080516815,0.9694197931697932,0.9665157527657527,0.966441901564731,0.9666666666666667
0.0009992278670930925,0.19000427424907684,0.970177368927369,0.9663642376142377,0.9665045582063351,0.9666666666666667
0.0015561134496238083,0.19995355606079102,0.9627274346024347,0.9562632275132276,0.9567215482453065,0.9566666666666666
0.0014008140521279226,0.1776628941297531,0.9678094590594589,0.964663900913901,0.9648751586204137,0.965
0.0012408579120043821,0.18010762333869934,0.9657177082177081,0.9634734247234248,0.9632068927463888,0.9633333333333334
0.0009755173923622351,0.18133017420768738,0.9695013782513783,0.9665157527657527,0.966564708582275,0.9666666666666667
0.0016917140486233013,0.18289971351623535,0.9707834295334296,0.9680309042809044,0.9681043911219575,0.9683333333333333
0.00163781592164014,0.1810973882675171,0.9707834295334296,0.9680309042809044,0.9681043911219575,0.9683333333333333
0.0015979988556864555,0.1810469627380371,0.9724500962000963,0.9695460557960559,0.9697752348980644,0.9699999999999999
0.0014845846853859257,0.18030892312526703,0.9662943075443075,0.9634734247234248,0.9634642238761457,0.9633333333333334
0.0012050206866357864,0.17756962776184082,0.9655409405409404,0.9628120490620491,0.9629282775287957,0.9633333333333334
0.0012281761464691954,0.1907312273979187,0.9628658378658378,0.9604310966810967,0.9602521023888526,0.9600000000000001
0.0014674114415053434,0.17712867259979248,0.9678094590594589,0.964663900913901,0.9648751586204137,0.965
0.001355684452088705,0.1877497285604477,0.969880166130166,0.966840428090428,0.9668079091763527,0.9666666666666667
0.0011423120437636196,0.17590616643428802,0.9678094590594589,0.964663900913901,0.9648751586204137,0.965
0.0010448764648269087,0.1751825213432312,0.9678094590594589,0.964663900913901,0.9648751586204137,0.965
0.0015484697111484518,0.17958813905715942,0.963159988159988,0.9609601972101972,0.9605432850702739,0.9616666666666666
0.0015262387569237035,0.18690763413906097,0.9679046416546416,0.9653252765752766,0.9650309668204629,0.965
0.0008135233705009645,0.18155694007873535,0.9678094590594589,0.964663900913901,0.9648751586204137,0.965
0.000979574218945345,0.18315011262893677,0.9678094590594589,0.964663900913901,0.9648751586204137,0.965
0.0010797920337305793,0.18162116408348083,0.9643809893809893,0.9616215728715729,0.9616630371331206,0.9616666666666668
0.0011875857083699277,0.18208646774291992,0.963159988159988,0.9609601972101972,0.9605432850702739,0.9616666666666666
0.0013222944629281603,0.1841275542974472,0.9708397620897621,0.967694203944204,0.9682084919537471,0.9683333333333333
0.0008244612193569386,0.17858803272247314,0.9694197931697932,0.9665157527657527,0.966441901564731,0.9666666666666667
0.0013218558324297192,0.18585693836212158,0.9691730954230953,0.9661790524290526,0.9665376481776402,0.9666666666666667
0.0008890144981705816,0.18015418946743011,0.9678094590594589,0.964663900913901,0.9648751586204137,0.965
0.0009815900260340034,0.1809462606906891,0.9695013782513783,0.9665157527657527,0.966564708582275,0.9666666666666667
0.0010225716293158864,0.19101986289024353,0.9710165297665297,0.9683555796055797,0.9684871071713402,0.9683333333333333
0.0006965688511021048,0.18002429604530334,0.9678094590594589,0.964663900913901,0.9648751586204137,0.965
0.0006552429780034194,0.18171733617782593,0.9678094590594589,0.964663900913901,0.9648751586204137,0.965
0.0008046724390927314,0.1829628050327301,0.9654285066785065,0.9628120490620491,0.9624901661618918,0.9633333333333334
0.0010745125849401422,0.17966336011886597,0.9695013782513783,0.9665157527657527,0.966564708582275,0.9666666666666667
0.0008700426781918699,0.1823338270187378,0.9694197931697932,0.9665157527657527,0.966441901564731,0.9666666666666667
0.000797968264426648,0.17951634526252747,0.9694197931697932,0.9665157527657527,0.966441901564731,0.9666666666666667
0.0008143652600362353,0.18250636756420135,0.9678094590594589,0.964663900913901,0.9648751586204137,0.965
0.0013132592296945707,0.1813594102859497,0.9655409405409404,0.9628120490620491,0.9629282775287957,0.9633333333333334
0.001239875758983544,0.1809997409582138,0.9655409405409404,0.9628120490620491,0.9629282775287957,0.9633333333333334
0.0013782470135386877,0.1841551959514618,0.9678094590594589,0.964663900913901,0.9648751586204137,0.965
0.0007873012151928075,0.18775592744350433,0.9692682780182779,0.9668404280904282,0.9666934563776893,0.9666666666666667
0.0010509181368737093,0.1904209703207016,0.9604848854848854,0.9585792448292448,0.9578671099303308,0.9583333333333334
0.0009285951806911422,0.18283914029598236,0.9679862267362266,0.9653252765752766,0.9651537738380068,0.965
0.0019095588134708426,0.1911039650440216,0.964025789025789,0.9616215728715729,0.9615173427845277,0.9616666666666668
0.0007642735011662202,0.18113283812999725,0.9695013782513783,0.9665157527657527,0.966564708582275,0.9666666666666667
0.0012031597737707973,0.18324041366577148,0.9695013782513783,0.9665157527657527,0.966564708582275,0.9666666666666667
0.0009687812568396718,0.18273776769638062,0.9655409405409404,0.9628120490620491,0.9629282775287957,0.9633333333333334
