training_loss,validation_loss,precision,recall,f1,accuracy
1.0366731056322653,1.623073935508728,0.6877203006660834,0.6073049526725998,0.569532043052226,0.605
0.16413304458061853,0.2758950889110565,0.9190573975674595,0.9063612939348232,0.9039038237744076,0.9083333333333333
0.13019366096705198,0.3604598939418793,0.9096021972666709,0.8978289303289303,0.8925499771925303,0.8949999999999999
0.16406998224556446,0.17078588902950287,0.9484005662953033,0.9383624409359704,0.9390530372396166,0.94
0.02166254909631486,1.0743812322616577,0.90773038998039,0.8287797088532383,0.8214249262027776,0.8283333333333333
0.026804935313217964,0.19413718581199646,0.9523524246221613,0.9418380230880231,0.9400654658367896,0.9416666666666668
0.006570401492353994,0.10073554515838623,0.9642243867243868,0.960453342953343,0.9577456084337003,0.9600000000000001
0.0020441383931029122,0.04348102957010269,0.9849326599326599,0.9856992544492544,0.9851557121164963,0.9849999999999999
0.001324650134241286,0.1760287880897522,0.9682405557405557,0.9635088985088985,0.9609782938233717,0.9633333333333333
0.0009224679160979576,0.08569376170635223,0.9778000703000703,0.9776364838864838,0.9767779299171254,0.9766666666666667
0.0005140725773647622,0.0650491788983345,0.9826585451585451,0.9825306637806638,0.9822961312471117,0.9816666666666666
0.05233734549847213,1.3774075508117676,0.8904018289885949,0.8157971113853466,0.8219809971953037,0.8116666666666666
0.041234315906573706,0.188077911734581,0.9601620509979644,0.9500974025974026,0.9487097189832737,0.9499999999999998
0.017091046989662573,0.7767238616943359,0.8939538680321704,0.835462285535815,0.8300066610235656,0.8333333333333334
0.006696054682834074,0.11564042419195175,0.9679501517001516,0.9687469937469939,0.9673211713359221,0.9683333333333332
0.002412276092703299,0.092509925365448,0.9779389129389129,0.9775300625300627,0.9768727103135055,0.9766666666666667
0.0027349386909918394,0.13626468181610107,0.9752138918586287,0.9706259018759019,0.9713295889269888,0.9716666666666666
0.00037194291523216333,0.09619170427322388,0.9752294927294928,0.9753938191438193,0.9742430605996475,0.9733333333333333
0.00029706259723146405,0.09111445397138596,0.9765989565989567,0.9765842953342955,0.975614072840225,0.975
0.0002132751553745038,0.09499439597129822,0.9765989565989567,0.9765842953342955,0.975614072840225,0.975
0.00030556122449828155,0.09492170810699463,0.9800996225996226,0.9796266233766234,0.978608091703809,0.9783333333333334
0.17463308403209035,37.1622428894043,0.4217563782860941,0.3036934470758,0.2555852901857501,0.3066666666666667
0.16071724383315691,0.16788387298583984,0.9537336907731645,0.9410421985421985,0.9399094020112537,0.9416666666666668
0.02149057540979508,0.07083688676357269,0.9763810726310727,0.9747186147186145,0.9742943793502339,0.9733333333333333
0.009615165494324174,0.2269408404827118,0.9465736313336933,0.9380802068302069,0.937357600833864,0.9383333333333335
0.009971555747445867,0.11360935866832733,0.9685834535834537,0.96487012987013,0.9647047870336768,0.965
0.003476330523578023,0.16411767899990082,0.9711844405594405,0.9625948125948126,0.9609353669551094,0.9616666666666666
0.00150800296463179,0.0966944620013237,0.9786696636696636,0.9786692474192474,0.977693343542684,0.9766666666666666
0.03565077640390276,0.24285189807415009,0.9560832685832685,0.9531066618566618,0.950727299758035,0.9533333333333333
0.022678807907747494,1.4603251218795776,0.9068935996953239,0.7557138912285971,0.7785115757139027,0.7566666666666667
0.0485380443521232,0.667508065700531,0.9208625293551765,0.9037236075471369,0.9036434020010083,0.9033333333333333
0.21875888902044002,5.980296611785889,0.5307672062118992,0.5838509638509639,0.4998233080722265,0.5816666666666667
0.024093259084717527,0.14002132415771484,0.9582069319569319,0.9546981721981722,0.953389102542645,0.9550000000000001
0.0061810887964384165,0.3772706687450409,0.9516276328447381,0.9136440411440412,0.9152129210426762,0.9116666666666666
0.0020748672365395273,0.09582231938838959,0.9784632813580183,0.9741510341510341,0.975301874014777,0.9749999999999998
0.0021802546516482835,0.0956704318523407,0.9777740169187538,0.975182178932179,0.9753884434827585,0.975
0.005332376775186276,0.17205381393432617,0.9749796037296038,0.9705992618492618,0.9706549982161983,0.9700000000000001
0.0014153387540621527,0.14256763458251953,0.9651591464091465,0.9632982757982758,0.9627479645227291,0.9616666666666666
0.0009907463122544868,0.12381115555763245,0.9707296577691316,0.9660417822917823,0.9665547139213402,0.965
0.0002905346927946084,0.1137034222483635,0.973873348873349,0.971492118992119,0.9710273236127754,0.9699999999999999
0.00035339991086402733,0.12353556603193283,0.9757067007067008,0.9752890165390166,0.9745597586515161,0.9733333333333333
0.00021280904744950627,0.10875235497951508,0.9747807747807747,0.9734371646871648,0.973103176018463,0.9716666666666667
0.00019154548969405974,0.11255590617656708,0.9745450845450847,0.9739001276501277,0.9730684480297707,0.9716666666666667
0.00010233580981851749,0.11182849854230881,0.9750098829046198,0.9723128260628261,0.9723773711392935,0.9716666666666666
0.0003288229372628848,0.19715648889541626,0.9681148018648019,0.9612544400044399,0.9602422848361063,0.9600000000000001
0.000123579502087523,0.11744421720504761,0.9817778980278979,0.9788137325637326,0.9791635966239997,0.9783333333333334
0.00010373374065390333,0.1173042580485344,0.9812349687349687,0.9788137325637326,0.9789784943699318,0.9783333333333334
7.175982060895573e-05,0.11775767058134079,0.9805078717578718,0.9780998630998631,0.9777854519692811,0.9766666666666666
6.071587389063401e-05,0.11577971279621124,0.9803914457861826,0.9766041366041366,0.9771586072559271,0.9766666666666667
5.979021309106732e-05,0.11158764362335205,0.9822432976380345,0.9781192881192883,0.978823717744567,0.9783333333333334
9.090602365328475e-05,0.10796241462230682,0.9822432976380345,0.9781192881192883,0.978823717744567,0.9783333333333334
7.089356536956377e-05,0.10549360513687134,0.9812349687349687,0.9788137325637326,0.9789784943699318,0.9783333333333334
5.238592575551593e-05,0.10759931057691574,0.9831204906204906,0.980897065897066,0.9807893197101688,0.98
6.422539511656093e-05,0.11001914739608765,0.9822432976380345,0.9781192881192883,0.978823717744567,0.9783333333333334
4.797061304392022e-05,0.10689131915569305,0.9822432976380345,0.9781192881192883,0.978823717744567,0.9783333333333334
0.01194931145926148,0.12961827218532562,0.9689230068177438,0.9663143338143337,0.9661923679002246,0.9666666666666667
0.0026673603704997126,0.2233469933271408,0.9510773339720707,0.9417739205239205,0.9415451485842409,0.9416666666666665
0.006438263884774642,1.8475573062896729,0.9177865164943119,0.7949370700105994,0.8062895644098118,0.7933333333333333
0.008613771375166834,0.13409315049648285,0.9708930883930883,0.9676695526695527,0.967910385612587,0.9683333333333333
0.002221683865021381,0.09540699422359467,0.9793626743626743,0.9776232563732564,0.9775410620266366,0.9766666666666666
0.0006013634717116171,0.07966120541095734,0.9782614145114145,0.9780531505531506,0.9776725031975514,0.9766666666666666
0.00015458921564004413,0.0792161077260971,0.9809918784918784,0.9797065897065899,0.9794304650213027,0.9783333333333332
0.0001458553467349096,0.0753755271434784,0.9797428959928959,0.979568302068302,0.9792458810867187,0.9783333333333332
9.902586475618591e-05,0.07479334622621536,0.980436322936323,0.9792436267436267,0.9793061010811493,0.9783333333333332
5.654196036175563e-05,0.07502525299787521,0.9809918784918784,0.9797065897065899,0.9794304650213027,0.9783333333333332
6.557385101283823e-05,0.07457383722066879,0.9809918784918784,0.9797065897065899,0.9794304650213027,0.9783333333333332
0.00015427509957059252,0.07853305339813232,0.9822545047545047,0.9817899230399232,0.9812003376607407,0.98
6.013850395447662e-05,0.07588551938533783,0.9833908683908684,0.9833050745550747,0.9827082741686771,0.9816666666666668
8.886992958423434e-05,0.07928331196308136,0.9809918784918784,0.9797065897065899,0.9794304650213027,0.9783333333333332
4.5930941951155546e-05,0.07830509543418884,0.9809918784918784,0.9797065897065899,0.9794304650213027,0.9783333333333332
6.766398617704301e-05,0.07745074480772018,0.9809918784918784,0.9797065897065899,0.9794304650213027,0.9783333333333332
6.905178160347229e-05,0.07781617343425751,0.9809918784918784,0.9797065897065899,0.9794304650213027,0.9783333333333332
4.0794015262690664e-05,0.08123373240232468,0.9809918784918784,0.9797065897065899,0.9794304650213027,0.9783333333333332
3.233412892692892e-05,0.07907204329967499,0.9809918784918784,0.9797065897065899,0.9794304650213027,0.9783333333333332
3.3090909369093424e-05,0.07719109952449799,0.9809918784918784,0.9797065897065899,0.9794304650213027,0.9783333333333332
7.647633537999354e-05,0.07804077118635178,0.9809918784918784,0.9797065897065899,0.9794304650213027,0.9783333333333332
3.19468971004729e-05,0.07576315850019455,0.9809918784918784,0.9797065897065899,0.9794304650213027,0.9783333333333332
4.023174468178089e-05,0.07540658116340637,0.9821282421282421,0.9812217412217413,0.9809384015292392,0.9799999999999999
5.682508197916528e-05,0.08104262501001358,0.9809918784918784,0.9797065897065899,0.9794304650213027,0.9783333333333332
5.570848755572418e-05,0.08364026993513107,0.9791400266400266,0.9781914381914382,0.9777653545326629,0.9766666666666666
2.4867058054193574e-05,0.07400377839803696,0.9821282421282421,0.9812217412217413,0.9809384015292392,0.9799999999999999
4.9411059109161215e-05,0.07567599415779114,0.9809918784918784,0.9797065897065899,0.9794304650213027,0.9783333333333332
4.544516423266032e-05,0.07941184937953949,0.9809918784918784,0.9797065897065899,0.9794304650213027,0.9783333333333332
1.7257730178243946e-05,0.07969372719526291,0.9809918784918784,0.9797065897065899,0.9794304650213027,0.9783333333333332
2.6338895272222846e-05,0.07628880441188812,0.9809918784918784,0.9797065897065899,0.9794304650213027,0.9783333333333332
1.9748608366398912e-05,0.0813492089509964,0.9823338698338698,0.980897065897066,0.9807049900964276,0.98
3.122945614109085e-05,0.07514894008636475,0.9809918784918784,0.9797065897065899,0.9794304650213027,0.9783333333333332
1.9722382101387364e-05,0.07570668309926987,0.9809918784918784,0.9797065897065899,0.9794304650213027,0.9783333333333332
5.485435264063199e-05,0.07314758747816086,0.9835323935323935,0.9827368927368928,0.9822966179236875,0.9816666666666668
2.4201472437349974e-05,0.07180187851190567,0.9809918784918784,0.9797065897065899,0.9794304650213027,0.9783333333333332
4.9497087312981115e-05,0.07140129059553146,0.9833908683908684,0.9833050745550747,0.9827082741686771,0.9816666666666668
1.326560976148509e-05,0.07297773659229279,0.9822545047545047,0.9817899230399232,0.9812003376607407,0.98
2.5615692242316374e-05,0.07408442348241806,0.9833908683908684,0.9833050745550747,0.9827082741686771,0.9816666666666668
3.356715123459253e-05,0.07146906107664108,0.9833908683908684,0.9833050745550747,0.9827082741686771,0.9816666666666668
1.891076571306864e-05,0.07189881056547165,0.9833908683908684,0.9833050745550747,0.9827082741686771,0.9816666666666668
3.0725796780946744e-05,0.07323865592479706,0.9822545047545047,0.9817899230399232,0.9812003376607407,0.98
1.2321869647280437e-05,0.07346104085445404,0.9822545047545047,0.9817899230399232,0.9812003376607407,0.98
2.4987657904299947e-05,0.07403738796710968,0.9833908683908684,0.9833050745550747,0.9827082741686771,0.9816666666666668
1.3347864305994031e-05,0.07238343358039856,0.9833908683908684,0.9833050745550747,0.9827082741686771,0.9816666666666668
2.472857655770137e-05,0.07149499654769897,0.9822545047545047,0.9817899230399232,0.9812003376607407,0.98
1.86085698790824e-05,0.0746060162782669,0.9812227587227587,0.9797065897065899,0.9795555648090711,0.9783333333333332
5.906700998063267e-05,0.07657512277364731,0.9809918784918784,0.9797065897065899,0.9794304650213027,0.9783333333333332
2.499580390254626e-05,0.07199227809906006,0.9821282421282421,0.9812217412217413,0.9809384015292392,0.9799999999999999
3.500700018340316e-05,0.07263700664043427,0.9833908683908684,0.9833050745550747,0.9827082741686771,0.9816666666666668
2.00486182630281e-05,0.0718231350183487,0.9821282421282421,0.9812217412217413,0.9809384015292392,0.9799999999999999
1.4384587586846465e-05,0.07280202209949493,0.9809918784918784,0.9797065897065899,0.9794304650213027,0.9783333333333332
1.094679042523694e-05,0.07250925153493881,0.98489602989603,0.9841257816257816,0.9838766054418903,0.9833333333333334
1.7547805839512876e-05,0.07457412779331207,0.9821282421282421,0.9812217412217413,0.9809384015292392,0.9799999999999999
2.1618207000528855e-05,0.07136707007884979,0.9821282421282421,0.9812217412217413,0.9809384015292392,0.9799999999999999
1.9000569996781753e-05,0.0710953027009964,0.9834918784918786,0.9826106301106301,0.9825183890474419,0.9816666666666666
1.7708738586937518e-05,0.07375671714544296,0.9821282421282421,0.9812217412217413,0.9809384015292392,0.9799999999999999
1.4266570426949935e-05,0.07256530970335007,0.9821282421282421,0.9812217412217413,0.9809384015292392,0.9799999999999999
1.2420217027890127e-05,0.07183146476745605,0.9833908683908684,0.9833050745550747,0.9827082741686771,0.9816666666666668
1.4283458265632968e-05,0.07407763600349426,0.9809918784918784,0.9797065897065899,0.9794304650213027,0.9783333333333332
2.0833015194436182e-05,0.07212259620428085,0.9833908683908684,0.9833050745550747,0.9827082741686771,0.9816666666666668
1.9919872253619058e-05,0.07107587158679962,0.9834918784918786,0.9826106301106301,0.9825183890474419,0.9816666666666666
3.206094077275642e-05,0.07202192395925522,0.9822545047545047,0.9817899230399232,0.9812003376607407,0.98
1.1159380325883225e-05,0.07232177257537842,0.9834918784918786,0.9826106301106301,0.9825183890474419,0.9816666666666666
9.601712240699575e-06,0.07187335938215256,0.9821282421282421,0.9812217412217413,0.9809384015292392,0.9799999999999999
1.8359819847546532e-05,0.07720937579870224,0.9809918784918784,0.9797065897065899,0.9794304650213027,0.9783333333333332
1.631955321575636e-05,0.07069991528987885,0.9809918784918784,0.9797065897065899,0.9794304650213027,0.9783333333333332
1.5746951201360087e-05,0.07368195801973343,0.9821282421282421,0.9812217412217413,0.9809384015292392,0.9799999999999999
1.2443860612165736e-05,0.07314582169055939,0.9809918784918784,0.9797065897065899,0.9794304650213027,0.9783333333333332
7.819136053891876e-06,0.07032346725463867,0.9821282421282421,0.9812217412217413,0.9809384015292392,0.9799999999999999
1.0912418332509333e-05,0.07332008332014084,0.9821282421282421,0.9810954785954786,0.9809352645695805,0.9799999999999999
1.6522805014555313e-05,0.07356037199497223,0.9821282421282421,0.9810954785954786,0.9809352645695805,0.9799999999999999
1.198848101087909e-05,0.07500295341014862,0.9809918784918784,0.9797065897065899,0.9794304650213027,0.9783333333333332
1.3922254349078381e-05,0.0748584046959877,0.9809918784918784,0.9797065897065899,0.9794304650213027,0.9783333333333332
1.4127691756016247e-05,0.07600975036621094,0.9821282421282421,0.9810954785954786,0.9809352645695805,0.9799999999999999
9.762644756013591e-06,0.07344523817300797,0.9809918784918784,0.9797065897065899,0.9794304650213027,0.9783333333333332
1.0814865329204318e-05,0.07627036422491074,0.9809918784918784,0.9797065897065899,0.9794304650213027,0.9783333333333332
1.1663039515497076e-05,0.07799069583415985,0.9809918784918784,0.9797065897065899,0.9794304650213027,0.9783333333333332
7.978876444288593e-06,0.0721564069390297,0.9821282421282421,0.9812217412217413,0.9809384015292392,0.9799999999999999
2.3907820642913673e-05,0.07244691252708435,0.9821282421282421,0.9812217412217413,0.9809384015292392,0.9799999999999999
1.7978747519483324e-05,0.07568208128213882,0.9809918784918784,0.9797065897065899,0.9794304650213027,0.9783333333333332
7.326801622298262e-06,0.07424160093069077,0.9809918784918784,0.9797065897065899,0.9794304650213027,0.9783333333333332
1.3121366459737752e-05,0.07468928396701813,0.9833908683908684,0.9833050745550747,0.9827082741686771,0.9816666666666668
7.542173089329178e-06,0.07274553924798965,0.9821282421282421,0.9812217412217413,0.9809384015292392,0.9799999999999999
1.7931063941508302e-05,0.07494668662548065,0.9821282421282421,0.9810954785954786,0.9809352645695805,0.9799999999999999
1.2449224755073374e-05,0.07420166581869125,0.9809918784918784,0.9797065897065899,0.9794304650213027,0.9783333333333332
1.1986295476162923e-05,0.07473403215408325,0.9809918784918784,0.9797065897065899,0.9794304650213027,0.9783333333333332
1.6975005593167225e-05,0.0723688080906868,0.9833908683908684,0.9833050745550747,0.9827082741686771,0.9816666666666668
1.3303557961326836e-05,0.07363124936819077,0.9809918784918784,0.9797065897065899,0.9794304650213027,0.9783333333333332
4.461149306204485e-05,0.07391493767499924,0.9833908683908684,0.9833050745550747,0.9827082741686771,0.9816666666666668
8.214513471216378e-06,0.07164554297924042,0.9833908683908684,0.9833050745550747,0.9827082741686771,0.9816666666666668
4.431466329416859e-05,0.07532163709402084,0.9809918784918784,0.9797065897065899,0.9794304650213027,0.9783333333333332
5.8494011791291696e-06,0.07277731597423553,0.9821282421282421,0.9812217412217413,0.9809384015292392,0.9799999999999999
2.2334059039508247e-05,0.07026942819356918,0.9833908683908684,0.9833050745550747,0.9827082741686771,0.9816666666666668
1.923839230263032e-05,0.07258395850658417,0.9834918784918786,0.9826106301106301,0.9825183890474419,0.9816666666666666
1.1607011354423472e-05,0.07280545681715012,0.9833908683908684,0.9833050745550747,0.9827082741686771,0.9816666666666668
6.183385868515264e-06,0.06970000267028809,0.9833908683908684,0.9833050745550747,0.9827082741686771,0.9816666666666668
8.081992390884807e-06,0.0719607025384903,0.9833908683908684,0.9833050745550747,0.9827082741686771,0.9816666666666668
1.0228951808244346e-05,0.06943967938423157,0.9834918784918786,0.9826106301106301,0.9825183890474419,0.9816666666666666
8.325576667781812e-06,0.07130314409732819,0.9834918784918786,0.9826106301106301,0.9825183890474419,0.9816666666666666
1.7759601135480807e-05,0.07254403829574585,0.9834918784918786,0.9826106301106301,0.9825183890474419,0.9816666666666666
9.17712849476023e-06,0.07220951467752457,0.9821282421282421,0.9812217412217413,0.9809384015292392,0.9799999999999999
9.492238253490845e-06,0.07125834375619888,0.9821282421282421,0.9812217412217413,0.9809384015292392,0.9799999999999999
1.5588998598066912e-05,0.07423490285873413,0.9809918784918784,0.9797065897065899,0.9794304650213027,0.9783333333333332
9.00228823515666e-06,0.07153495401144028,0.9834918784918786,0.9826106301106301,0.9825183890474419,0.9816666666666666
1.7314156034823707e-05,0.06991539150476456,0.9821282421282421,0.9812217412217413,0.9809384015292392,0.9799999999999999
9.36667123596635e-06,0.07138550281524658,0.9821282421282421,0.9810954785954786,0.9809352645695805,0.9799999999999999
1.977165560636725e-05,0.07173792272806168,0.9821282421282421,0.9812217412217413,0.9809384015292392,0.9799999999999999
1.3176798570195084e-05,0.0727277621626854,0.9821282421282421,0.9812217412217413,0.9809384015292392,0.9799999999999999
6.233851133667183e-06,0.07250957190990448,0.9821282421282421,0.9812217412217413,0.9809384015292392,0.9799999999999999
8.119940685465584e-06,0.07494188845157623,0.9833908683908684,0.9833050745550747,0.9827082741686771,0.9816666666666668
6.631016693366594e-06,0.07342682778835297,0.9833908683908684,0.9833050745550747,0.9827082741686771,0.9816666666666668
7.94112676298179e-06,0.07131274044513702,0.9821282421282421,0.9812217412217413,0.9809384015292392,0.9799999999999999
5.6302548140744575e-06,0.06928145885467529,0.9851585451585452,0.9839995189995189,0.9841202197110576,0.9833333333333334
6.060004257809244e-06,0.07326725125312805,0.9833908683908684,0.9833050745550747,0.9827082741686771,0.9816666666666668
9.000301327925323e-06,0.07451364398002625,0.9809918784918784,0.9797065897065899,0.9794304650213027,0.9783333333333332
1.029928527411054e-05,0.07121473550796509,0.9809918784918784,0.9797065897065899,0.9794304650213027,0.9783333333333332
8.419156110051063e-06,0.07301168143749237,0.9833908683908684,0.9833050745550747,0.9827082741686771,0.9816666666666668
8.422136258919485e-06,0.07892695814371109,0.982876799126799,0.980897065897066,0.9808900923504953,0.98
9.761253949136517e-06,0.07033973932266235,0.9826585451585451,0.9810954785954786,0.9810322956849183,0.98
4.735191671064361e-06,0.07050085067749023,0.9821282421282421,0.9810954785954786,0.9809352645695805,0.9799999999999999
1.0332862482679653e-05,0.07092735171318054,0.9834918784918786,0.9826106301106301,0.9825183890474419,0.9816666666666666
6.00139302283272e-06,0.07093961536884308,0.9821282421282421,0.9812217412217413,0.9809384015292392,0.9799999999999999
1.0015368348585222e-05,0.07251863926649094,0.9833908683908684,0.9833050745550747,0.9827082741686771,0.9816666666666668
9.305079643695535e-06,0.06979836523532867,0.985057535057535,0.9846939634439634,0.9843101048322928,0.9833333333333334
8.334119971920018e-06,0.07069174945354462,0.9834918784918786,0.9826106301106301,0.9825183890474419,0.9816666666666666
6.163716333181431e-06,0.07020051032304764,0.9821282421282421,0.9812217412217413,0.9809384015292392,0.9799999999999999
6.698370052996931e-06,0.07386580109596252,0.9809918784918784,0.9797065897065899,0.9794304650213027,0.9783333333333332
5.921125435293106e-06,0.07282636314630508,0.9833908683908684,0.9833050745550747,0.9827082741686771,0.9816666666666668
5.189180389682709e-06,0.07315658032894135,0.9821282421282421,0.9812217412217413,0.9809384015292392,0.9799999999999999
1.2272199199969691e-05,0.07325462996959686,0.9821282421282421,0.9812217412217413,0.9809384015292392,0.9799999999999999
7.479985451179043e-06,0.07260596007108688,0.9826585451585451,0.9810954785954786,0.9810322956849183,0.98
5.7623784120626924e-06,0.0723848044872284,0.9821282421282421,0.9812217412217413,0.9809384015292392,0.9799999999999999
6.433725362834745e-06,0.0734296441078186,0.9821282421282421,0.9810954785954786,0.9809352645695805,0.9799999999999999
5.295674026702575e-06,0.07019887119531631,0.9847545047545049,0.9846939634439634,0.9842882616868799,0.9833333333333334
4.133383446477031e-06,0.06908226013183594,0.9834918784918786,0.9826106301106301,0.9825183890474419,0.9816666666666666
9.036461293021603e-06,0.06978408992290497,0.9851585451585452,0.9839995189995189,0.9841202197110576,0.9833333333333334
5.4919719426986075e-06,0.07255277782678604,0.9833908683908684,0.9833050745550747,0.9827082741686771,0.9816666666666668
9.907682567700249e-06,0.0733848586678505,0.9809918784918784,0.9797065897065899,0.9794304650213027,0.9783333333333332
9.909272184434789e-06,0.0738423764705658,0.9809918784918784,0.9797065897065899,0.9794304650213027,0.9783333333333332
6.443858145151656e-06,0.07309296727180481,0.9833908683908684,0.9833050745550747,0.9827082741686771,0.9816666666666668
8.136034125527658e-06,0.07157568633556366,0.9834918784918786,0.9826106301106301,0.9825183890474419,0.9816666666666666
5.360245695603301e-06,0.07199298590421677,0.9834918784918786,0.9826106301106301,0.9825183890474419,0.9816666666666666
4.576643303740487e-06,0.07269035279750824,0.9833908683908684,0.9833050745550747,0.9827082741686771,0.9816666666666668
5.811651526244077e-06,0.07247745245695114,0.9821282421282421,0.9810954785954786,0.9809352645695805,0.9799999999999999
7.493495900234848e-06,0.07277319580316544,0.9809918784918784,0.9797065897065899,0.9794304650213027,0.9783333333333332
6.478826170071746e-06,0.06980055570602417,0.9833908683908684,0.9833050745550747,0.9827082741686771,0.9816666666666668
4.933079118529804e-06,0.07061947137117386,0.9833908683908684,0.9833050745550747,0.9827082741686771,0.9816666666666668
8.112192039296437e-06,0.07264835387468338,0.9809918784918784,0.9797065897065899,0.9794304650213027,0.9783333333333332
5.725622179634608e-06,0.0715610608458519,0.985057535057535,0.9846939634439634,0.9843101048322928,0.9833333333333334
1.0757446422834013e-05,0.07172435522079468,0.9834918784918786,0.9826106301106301,0.9825183890474419,0.9816666666666666
6.7708890109467274e-06,0.07168760895729065,0.9834918784918786,0.9826106301106301,0.9825183890474419,0.9816666666666666
5.255341494129577e-06,0.07249639183282852,0.9821282421282421,0.9810954785954786,0.9809352645695805,0.9799999999999999
6.60240645089516e-06,0.07364076375961304,0.9821282421282421,0.9810954785954786,0.9809352645695805,0.9799999999999999
5.918542520078063e-06,0.07052411139011383,0.9851585451585452,0.9839995189995189,0.9841202197110576,0.9833333333333334
5.12917837625082e-06,0.07242928445339203,0.9837949087949087,0.9824843674843674,0.9825370952331961,0.9816666666666668
7.166465084177768e-06,0.07221885770559311,0.9834918784918786,0.9826106301106301,0.9825183890474419,0.9816666666666666
1.6247829028278222e-05,0.07176515460014343,0.9821282421282421,0.9810954785954786,0.9809352645695805,0.9799999999999999
1.2670556576684552e-05,0.07307258993387222,0.9833908683908684,0.9833050745550747,0.9827082741686771,0.9816666666666668
1.202225694404054e-05,0.07439948618412018,0.9821282421282421,0.9810954785954786,0.9809352645695805,0.9799999999999999
1.007199290133561e-05,0.07030414789915085,0.9851585451585452,0.9839995189995189,0.9841202197110576,0.9833333333333334
5.125920093481303e-05,0.07265210896730423,0.9837949087949087,0.9824843674843674,0.9825370952331961,0.9816666666666668
5.6060154776105264e-06,0.07281291484832764,0.9821282421282421,0.9810954785954786,0.9809352645695805,0.9799999999999999
6.291469060689299e-06,0.07358468323945999,0.9834918784918786,0.9826106301106301,0.9825183890474419,0.9816666666666666
5.413492525955614e-06,0.07572796195745468,0.9821282421282421,0.9810954785954786,0.9809352645695805,0.9799999999999999
5.465149927867212e-06,0.07281072437763214,0.9847545047545049,0.9846939634439634,0.9842882616868799,0.9833333333333334
1.1500120092951724e-05,0.07155798375606537,0.9821282421282421,0.9810954785954786,0.9809352645695805,0.9799999999999999
6.133516694243705e-06,0.07326532155275345,0.9834918784918786,0.9826106301106301,0.9825183890474419,0.9816666666666666
1.1148253899288344e-05,0.07398956269025803,0.9821282421282421,0.9810954785954786,0.9809352645695805,0.9799999999999999
1.2493133610291807e-05,0.07198938727378845,0.9834918784918786,0.9826106301106301,0.9825183890474419,0.9816666666666666
5.44150671070535e-06,0.07267625629901886,0.9834918784918786,0.9826106301106301,0.9825183890474419,0.9816666666666666
3.904700224192463e-06,0.07625233381986618,0.9821282421282421,0.9810954785954786,0.9809352645695805,0.9799999999999999
6.030599308814999e-06,0.07424602657556534,0.9833908683908684,0.9833050745550747,0.9827082741686771,0.9816666666666668
7.498264314638921e-06,0.0782707929611206,0.9845813445813446,0.9851569264069265,0.9843059502761572,0.9833333333333334
7.141033755431181e-06,0.07250900566577911,0.9847545047545049,0.9846939634439634,0.9842882616868799,0.9833333333333334
6.118019499012917e-06,0.07343144714832306,0.9834918784918786,0.9826106301106301,0.9825183890474419,0.9816666666666666
1.1183222203688578e-05,0.07144767791032791,0.9847545047545049,0.9846939634439634,0.9842882616868799,0.9833333333333334
4.243652019416307e-06,0.07317965477705002,0.9821282421282421,0.9810954785954786,0.9809352645695805,0.9799999999999999
9.662111644104243e-06,0.07206542789936066,0.9834918784918786,0.9826106301106301,0.9825183890474419,0.9816666666666666
5.242625888968178e-06,0.07277973741292953,0.9834918784918786,0.9826106301106301,0.9825183890474419,0.9816666666666666
7.482369665486506e-06,0.07489536702632904,0.9821282421282421,0.9810954785954786,0.9809352645695805,0.9799999999999999
8.867581646162156e-06,0.07532931864261627,0.9821282421282421,0.9810954785954786,0.9809352645695805,0.9799999999999999
1.111229271089087e-05,0.07450704276561737,0.9834918784918786,0.9826106301106301,0.9825183890474419,0.9816666666666666
1.4595786881936116e-05,0.07329551875591278,0.9834918784918786,0.9826106301106301,0.9825183890474419,0.9816666666666666
1.1883576590321354e-05,0.07122133672237396,0.9851585451585452,0.9839995189995189,0.9841202197110576,0.9833333333333334
5.278785960645867e-06,0.07297229766845703,0.9834918784918786,0.9826106301106301,0.9825183890474419,0.9816666666666666
3.9317209920379055e-06,0.07221570611000061,0.9821282421282421,0.9810954785954786,0.9809352645695805,0.9799999999999999
6.9554647055269925e-06,0.07254698872566223,0.9837949087949087,0.9824843674843674,0.9825370952331961,0.9816666666666668
2.216080800584071e-05,0.07619844377040863,0.9847545047545049,0.9846939634439634,0.9842882616868799,0.9833333333333334
4.236896863574202e-06,0.0780208557844162,0.9834918784918786,0.9826106301106301,0.9825183890474419,0.9816666666666666
1.3654430761770678e-05,0.0740053802728653,0.9834918784918786,0.9826106301106301,0.9825183890474419,0.9816666666666666
5.182425141470048e-06,0.07594933360815048,0.9834918784918786,0.9826106301106301,0.9825183890474419,0.9816666666666666
5.518992743702711e-06,0.07738946378231049,0.9847545047545049,0.9846939634439634,0.9842882616868799,0.9833333333333334
7.130702329050109e-06,0.07778778672218323,0.9847545047545049,0.9846939634439634,0.9842882616868799,0.9833333333333334
4.3284892683459475e-06,0.07724520564079285,0.9847545047545049,0.9846939634439634,0.9842882616868799,0.9833333333333334
5.409916217521034e-06,0.07565242052078247,0.9847545047545049,0.9846939634439634,0.9842882616868799,0.9833333333333334
5.4009755932800845e-06,0.07493261992931366,0.9821282421282421,0.9810954785954786,0.9809352645695805,0.9799999999999999
5.29388580853644e-06,0.07423031330108643,0.9834918784918786,0.9826106301106301,0.9825183890474419,0.9816666666666666
4.737774474961043e-06,0.07573235034942627,0.9859449809449811,0.9865458152958153,0.98588593779436,0.985
4.203915594302998e-06,0.0793563723564148,0.9847545047545049,0.9846939634439634,0.9842882616868799,0.9833333333333334
2.8961896762306574e-06,0.07751629501581192,0.9821282421282421,0.9810954785954786,0.9809352645695805,0.9799999999999999
4.332860318830474e-06,0.08049705624580383,0.9821282421282421,0.9810954785954786,0.9809352645695805,0.9799999999999999
1.1068980043660304e-05,0.07703132182359695,0.9834918784918786,0.9826106301106301,0.9825183890474419,0.9816666666666666
4.2786200988113405e-06,0.07447555661201477,0.9834918784918786,0.9826106301106301,0.9825183890474419,0.9816666666666666
4.327893191676442e-06,0.07638813555240631,0.9821282421282421,0.9810954785954786,0.9809352645695805,0.9799999999999999
5.388657237167156e-06,0.07570891827344894,0.9821282421282421,0.9810954785954786,0.9809352645695805,0.9799999999999999
9.416540469449805e-06,0.07924651354551315,0.9821282421282421,0.9810954785954786,0.9809352645695805,0.9799999999999999
5.844235471859823e-06,0.07533039152622223,0.9847545047545049,0.9846939634439634,0.9842882616868799,0.9833333333333334
4.294117324832314e-06,0.07846282422542572,0.9821282421282421,0.9810954785954786,0.9809352645695805,0.9799999999999999
5.732774681632691e-06,0.078030064702034,0.9834918784918786,0.9826106301106301,0.9825183890474419,0.9816666666666666
4.489421887872898e-06,0.080047108232975,0.9821282421282421,0.9810954785954786,0.9809352645695805,0.9799999999999999
7.638533854030053e-06,0.0792292058467865,0.9834918784918786,0.9826106301106301,0.9825183890474419,0.9816666666666666
3.005067471898807e-06,0.0778476893901825,0.9821282421282421,0.9810954785954786,0.9809352645695805,0.9799999999999999
5.106727314796444e-06,0.07699714601039886,0.9834918784918786,0.9826106301106301,0.9825183890474419,0.9816666666666666
6.562074110168699e-06,0.07860741019248962,0.9834918784918786,0.9826106301106301,0.9825183890474419,0.9816666666666666
6.443858109624519e-06,0.07991272211074829,0.9821282421282421,0.9810954785954786,0.9809352645695805,0.9799999999999999
7.868011862181371e-06,0.07838371396064758,0.9821282421282421,0.9810954785954786,0.9809352645695805,0.9799999999999999
3.6515792013839623e-06,0.0758088007569313,0.9834918784918786,0.9826106301106301,0.9825183890474419,0.9816666666666666
5.3600469177202586e-06,0.07867910712957382,0.9821282421282421,0.9810954785954786,0.9809352645695805,0.9799999999999999
5.765358545536022e-06,0.0767304003238678,0.9847545047545049,0.9846939634439634,0.9842882616868799,0.9833333333333334
2.6561816450036226e-06,0.07783444225788116,0.9847545047545049,0.9846939634439634,0.9842882616868799,0.9833333333333334
7.940530894738155e-06,0.07457156479358673,0.9834918784918786,0.9826106301106301,0.9825183890474419,0.9816666666666666
5.101362892408663e-06,0.0752272680401802,0.9834918784918786,0.9826106301106301,0.9825183890474419,0.9816666666666666
2.5159120606114507e-06,0.07780934125185013,0.9834918784918786,0.9826106301106301,0.9825183890474419,0.9816666666666666
3.2023588805903578e-06,0.07579629868268967,0.9834918784918786,0.9826106301106301,0.9825183890474419,0.9816666666666666
6.357630103555796e-06,0.08092961460351944,0.9821282421282421,0.9810954785954786,0.9809352645695805,0.9799999999999999
3.5357475229128945e-06,0.0756801962852478,0.9821282421282421,0.9810954785954786,0.9809352645695805,0.9799999999999999
3.4582615005736748e-06,0.07675771415233612,0.9821282421282421,0.9810954785954786,0.9809352645695805,0.9799999999999999
4.32829060533398e-06,0.07567234337329865,0.9834918784918786,0.9826106301106301,0.9825183890474419,0.9816666666666666
4.9839417079293e-06,0.07658939808607101,0.9821282421282421,0.9810954785954786,0.9809352645695805,0.9799999999999999
1.5866358822336224e-05,0.07574280351400375,0.9847545047545049,0.9846939634439634,0.9842882616868799,0.9833333333333334
6.784796809711224e-06,0.07632149755954742,0.9834918784918786,0.9826106301106301,0.9825183890474419,0.9816666666666666
6.093978913194557e-06,0.07466250658035278,0.9834918784918786,0.9826106301106301,0.9825183890474419,0.9816666666666666
3.88677913060557e-05,0.07283441722393036,0.9851585451585452,0.9839995189995189,0.9841202197110576,0.9833333333333334
4.5247872388169226e-06,0.07219928503036499,0.9851585451585452,0.9839995189995189,0.9841202197110576,0.9833333333333334
3.7860870539437506e-06,0.07281424850225449,0.9851585451585452,0.9839995189995189,0.9841202197110576,0.9833333333333334
1.082579300989058e-05,0.07257800549268723,0.9851585451585452,0.9839995189995189,0.9841202197110576,0.9833333333333334
3.3881266858770687e-06,0.07467007637023926,0.9851585451585452,0.9839995189995189,0.9841202197110576,0.9833333333333334
4.041850490210663e-05,0.07461799681186676,0.9881225256225256,0.9871350408850409,0.9872085702644325,0.9866666666666668
3.1902392549909564e-06,0.07391028851270676,0.9848470973470973,0.9842310004810004,0.9842511822733702,0.9833333333333334
5.811850262678793e-06,0.07425976544618607,0.9848470973470973,0.9842310004810004,0.9842511822733702,0.9833333333333334
4.313588088204294e-06,0.07464250177145004,0.983584471084471,0.9821476671476671,0.9824813096339322,0.9816666666666668
9.16639977314541e-06,0.07573375105857849,0.9823338698338698,0.9806325156325156,0.9810330315325334,0.98
4.850427307208823e-06,0.07731921970844269,0.9821029896029896,0.9806325156325156,0.980907931744765,0.98
3.6472082053743784e-06,0.07694956660270691,0.9823338698338698,0.9806325156325156,0.9810330315325334,0.98
3.960529956733201e-06,0.07537156343460083,0.9848470973470973,0.9842310004810004,0.9842511822733702,0.9833333333333334
2.3158391186939298e-06,0.07673601061105728,0.9823338698338698,0.9806325156325156,0.9810330315325334,0.98
2.4286905725053507e-06,0.07521994411945343,0.9848470973470973,0.9842310004810004,0.9842511822733702,0.9833333333333334
4.3924649565004375e-06,0.07558710873126984,0.983584471084471,0.9821476671476671,0.9824813096339322,0.9816666666666668
2.9967228603785165e-06,0.07628853619098663,0.9821029896029896,0.9806325156325156,0.980907931744765,0.98
2.860228247432891e-06,0.07617806643247604,0.9849886224886224,0.9836628186628187,0.9838395260283805,0.9833333333333334
4.728635218498312e-06,0.0744187980890274,0.9848470973470973,0.9842310004810004,0.9842511822733702,0.9833333333333334
4.986921881074598e-06,0.07609892636537552,0.9823338698338698,0.9806325156325156,0.9810330315325334,0.98
5.993843095334721e-06,0.0736008957028389,0.9848470973470973,0.9842310004810004,0.9842511822733702,0.9833333333333334
4.2655070231489844e-06,0.07254037261009216,0.9848470973470973,0.9842310004810004,0.9842511822733702,0.9833333333333334
5.1009654811196015e-06,0.07567044347524643,0.9821029896029896,0.9806325156325156,0.980907931744765,0.98
3.3505757433734593e-06,0.0767153650522232,0.9849886224886224,0.9836628186628187,0.9838395260283805,0.9833333333333334
4.068017065132305e-06,0.07629130780696869,0.983584471084471,0.9821476671476671,0.9824813096339322,0.9816666666666668
6.564259500407843e-06,0.07455235719680786,0.983584471084471,0.9821476671476671,0.9824813096339322,0.9816666666666668
5.23726143105326e-06,0.0767645537853241,0.9823338698338698,0.9806325156325156,0.9810330315325334,0.98
3.3742189984309334e-06,0.07446959614753723,0.983584471084471,0.9821476671476671,0.9824813096339322,0.9816666666666668
4.6978393939411944e-06,0.07467453181743622,0.9823338698338698,0.9806325156325156,0.9810330315325334,0.98
4.8438707977993545e-06,0.0752004086971283,0.9838153513153512,0.9821476671476671,0.9826064094217006,0.9816666666666668
4.644592642932821e-06,0.07455050945281982,0.9838153513153512,0.9821476671476671,0.9826064094217006,0.9816666666666668
4.364053398357252e-06,0.07440178096294403,0.9848470973470973,0.9842310004810004,0.9842511822733702,0.9833333333333334
8.799235120685959e-06,0.07916535437107086,0.983507141007141,0.9821476671476672,0.9822661481392133,0.9816666666666666
3.778537119340323e-06,0.07568129152059555,0.9823338698338698,0.9806325156325156,0.9810330315325334,0.98
3.334681219750261e-06,0.07428090274333954,0.9821029896029896,0.9806325156325156,0.980907931744765,0.98
4.757046654664994e-06,0.07648374140262604,0.9821029896029896,0.9806325156325156,0.980907931744765,0.98
2.846717859957456e-06,0.08042919635772705,0.983507141007141,0.9821476671476672,0.9822661481392133,0.9816666666666666
3.804961837753732e-06,0.07628600299358368,0.983584471084471,0.9821476671476671,0.9824813096339322,0.9816666666666668
4.987319307758753e-06,0.07597693800926208,0.9823338698338698,0.9806325156325156,0.9810330315325334,0.98
5.905429540338976e-06,0.07705552875995636,0.9821029896029896,0.9806325156325156,0.980907931744765,0.98
4.014372856649591e-06,0.07523258775472641,0.983584471084471,0.9821476671476671,0.9824813096339322,0.9816666666666668
4.160404211953998e-06,0.07579454034566879,0.9823338698338698,0.9806325156325156,0.9810330315325334,0.98
4.113117825591909e-06,0.0738728791475296,0.983584471084471,0.9821476671476671,0.9824813096339322,0.9816666666666668
3.6581357087210145e-06,0.07394053786993027,0.983584471084471,0.9821476671476671,0.9824813096339322,0.9816666666666668
4.900693824083646e-06,0.07610378414392471,0.9821029896029896,0.9806325156325156,0.980907931744765,0.98
2.811749740298334e-06,0.07247626781463623,0.983584471084471,0.9821476671476671,0.9824813096339322,0.9816666666666668
5.7913859995058674e-06,0.07572892308235168,0.9821029896029896,0.9806325156325156,0.980907931744765,0.98
4.560947426549926e-06,0.07835614681243896,0.9821029896029896,0.9806325156325156,0.980907931744765,0.98
1.7507870933760235e-06,0.07595223188400269,0.9821029896029896,0.9806325156325156,0.980907931744765,0.98
3.3020973380833616e-06,0.07544233649969101,0.9821029896029896,0.9806325156325156,0.980907931744765,0.98
4.8089027349836515e-06,0.07499190419912338,0.9823338698338698,0.9806325156325156,0.9810330315325334,0.98
6.9548686549107215e-06,0.07662967592477798,0.983507141007141,0.9821476671476672,0.9822661481392133,0.9816666666666666
8.205771547883009e-06,0.07728327065706253,0.9823338698338698,0.9806325156325156,0.9810330315325334,0.98
2.721766607175861e-05,0.07408232986927032,0.983584471084471,0.9821476671476671,0.9824813096339322,0.9816666666666668
9.591182189202149e-06,0.0740400105714798,0.9848470973470973,0.9842310004810004,0.9842511822733702,0.9833333333333334
3.011425307638168e-06,0.07611516118049622,0.983584471084471,0.9821476671476671,0.9824813096339322,0.9816666666666668
1.2995004669373126e-05,0.07379909604787827,0.983584471084471,0.9821476671476671,0.9824813096339322,0.9816666666666668
5.909800442793767e-06,0.07388940453529358,0.9848470973470973,0.9842310004810004,0.9842511822733702,0.9833333333333334
2.5749206429281912e-06,0.0747847855091095,0.983584471084471,0.9821476671476671,0.9824813096339322,0.9816666666666668
3.170768465565743e-06,0.07497983425855637,0.9849886224886224,0.9836628186628187,0.9838395260283805,0.9833333333333334
1.0764002723817612e-05,0.07632515579462051,0.9821029896029896,0.9806325156325156,0.980907931744765,0.98
4.1564306260492385e-06,0.07377702742815018,0.983584471084471,0.9821476671476671,0.9824813096339322,0.9816666666666668
4.617174424718466e-06,0.07393079996109009,0.983584471084471,0.9821476671476671,0.9824813096339322,0.9816666666666668
5.989154355508693e-05,0.07231439650058746,0.986024346024346,0.9858844396344396,0.9856213713990428,0.985
7.899204938747554e-06,0.06902745366096497,0.9864416139416138,0.9854214766714766,0.9855884465416689,0.985
2.7936697210388197e-06,0.06948594748973846,0.9864416139416138,0.9854214766714766,0.9855884465416689,0.985
4.221399599657616e-06,0.07197140902280807,0.9864416139416138,0.9854214766714766,0.9855884465416689,0.985
5.200306561666442e-06,0.07072263956069946,0.9864416139416138,0.9854214766714766,0.9855884465416689,0.985
1.3447006558919838e-05,0.07336851954460144,0.9864416139416138,0.9854214766714766,0.9855884465416689,0.985
2.4006763960452795e-06,0.07286196947097778,0.9864416139416138,0.9854214766714766,0.9855884465416689,0.985
2.2397438677046466e-06,0.07094969600439072,0.9864416139416138,0.9854214766714766,0.9855884465416689,0.985
3.00188859725381e-06,0.07170477509498596,0.9864416139416138,0.9854214766714766,0.9855884465416689,0.985
3.889600475777873e-06,0.0713680237531662,0.986163836163836,0.9857461519961519,0.9856148883472211,0.985
3.21686269977306e-06,0.06868211179971695,0.9864416139416138,0.9854214766714766,0.9855884465416689,0.985
5.241235044195491e-06,0.07058792561292648,0.9864416139416138,0.9854214766714766,0.9855884465416689,0.985
3.1491120916863715e-06,0.07069366425275803,0.9864416139416138,0.9854214766714766,0.9855884465416689,0.985
1.9546349901607605e-06,0.06994833797216415,0.9864416139416138,0.9854214766714766,0.9855884465416689,0.985
1.990199096487307e-06,0.06897027790546417,0.9864416139416138,0.9854214766714766,0.9855884465416689,0.985
3.918607998087964e-06,0.07005540281534195,0.9864416139416138,0.9854214766714766,0.9855884465416689,0.985
4.993081057354705e-06,0.07226542383432388,0.9864416139416138,0.9854214766714766,0.9855884465416689,0.985
4.5667091648956175e-06,0.06930302083492279,0.9864416139416138,0.9854214766714766,0.9855884465416689,0.985
2.2661685790126285e-06,0.0700850635766983,0.9864416139416138,0.9854214766714766,0.9855884465416689,0.985
3.3211708464856806e-06,0.0705520510673523,0.9864416139416138,0.9854214766714766,0.9855884465416689,0.985
1.7164945281441153e-05,0.07145093381404877,0.9864416139416138,0.9854214766714766,0.9855884465416689,0.985
4.041791001441197e-06,0.07210350781679153,0.9864416139416138,0.9854214766714766,0.9855884465416689,0.985
5.799333240001185e-06,0.07226800173521042,0.9864416139416138,0.9854214766714766,0.9855884465416689,0.985
2.845525706618446e-06,0.07020251452922821,0.9864416139416138,0.9854214766714766,0.9855884465416689,0.985
2.707044259864233e-06,0.0698150247335434,0.9864416139416138,0.9854214766714766,0.9855884465416689,0.985
4.6900908448795535e-06,0.0708937868475914,0.9864416139416138,0.9854214766714766,0.9855884465416689,0.985
4.0193399595267465e-06,0.07182598114013672,0.9864416139416138,0.9854214766714766,0.9855884465416689,0.985
2.205967923885055e-06,0.07015567272901535,0.9864416139416138,0.9854214766714766,0.9855884465416689,0.985
7.517735213014021e-06,0.0708894431591034,0.9864416139416138,0.9854214766714766,0.9855884465416689,0.985
2.924998608951531e-06,0.07116811722517014,0.9864416139416138,0.9854214766714766,0.9855884465416689,0.985
4.6207507319688075e-06,0.0715714618563652,0.9864416139416138,0.9854214766714766,0.9855884465416689,0.985
2.9049317132508654e-06,0.06836886703968048,0.9864416139416138,0.9854214766714766,0.9855884465416689,0.985
2.5695562152113402e-06,0.06992021948099136,0.9864416139416138,0.9854214766714766,0.9855884465416689,0.985
3.146131832683826e-06,0.07115665823221207,0.9864416139416138,0.9854214766714766,0.9855884465416689,0.985
7.267793030507619e-06,0.07101720571517944,0.9864416139416138,0.9854214766714766,0.9855884465416689,0.985
3.1612316545211647e-06,0.06826338917016983,0.9864416139416138,0.9854214766714766,0.9855884465416689,0.985
2.300341945963661e-06,0.06885860860347748,0.9864416139416138,0.9854214766714766,0.9855884465416689,0.985
4.814664496421983e-06,0.07008279860019684,0.9864416139416138,0.9854214766714766,0.9855884465416689,0.985
1.7316341872704772e-05,0.06903742998838425,0.9864416139416138,0.9854214766714766,0.9855884465416689,0.985
2.0845730960653932e-06,0.0689583271741867,0.9864416139416138,0.9854214766714766,0.9855884465416689,0.985
3.9180119273396485e-06,0.07171957939863205,0.9864416139416138,0.9854214766714766,0.9855884465416689,0.985
5.4856141188016254e-06,0.06885097920894623,0.9864416139416138,0.9854214766714766,0.9855884465416689,0.985
2.5725364357261546e-06,0.06958001106977463,0.9848470973470973,0.9842310004810004,0.9842511822733702,0.9833333333333334
2.526243517782708e-06,0.0709763690829277,0.9864416139416138,0.9854214766714766,0.9855884465416689,0.985
3.970464090841119e-06,0.06900235265493393,0.9864416139416138,0.9854214766714766,0.9855884465416689,0.985
4.641215034221584e-06,0.07013951987028122,0.9864416139416138,0.9854214766714766,0.9855884465416689,0.985
2.091705806961386e-05,0.0712292492389679,0.9864416139416138,0.9854214766714766,0.9855884465416689,0.985
2.3746490374065843e-06,0.06866314262151718,0.9848470973470973,0.9842310004810004,0.9842511822733702,0.9833333333333334
2.406040800669492e-06,0.07243215292692184,0.9864416139416138,0.9854214766714766,0.9855884465416689,0.985
2.673466995635939e-06,0.06878478080034256,0.9864416139416138,0.9854214766714766,0.9855884465416689,0.985
