training_loss,validation_loss,precision,recall,f1,accuracy
0.3866414837539196,0.6582764983177185,0.8479784662505251,0.8107355961032431,0.8018976317295,0.8083333333333332
0.13731166642780104,0.4320363998413086,0.9098942492692493,0.8876304278510161,0.8841311300773539,0.8883333333333333
0.08616192600068946,0.5915014743804932,0.8971554834054835,0.8714122778093366,0.8710187408431805,0.8716666666666666
0.056393685129781566,0.4054587781429291,0.8805552189182221,0.8598624523624524,0.8464103870950853,0.8566666666666666
0.03439894175001731,0.3382209539413452,0.9333868232300895,0.9106993632728925,0.9119104680150132,0.91
0.05317642968536044,0.39989662170410156,0.9106303187553189,0.9068971768971769,0.8925750135660558,0.9033333333333334
0.04120005244233956,0.37348121404647827,0.9188843417790786,0.9011342062077357,0.897886681236615,0.9016666666666667
0.02551683847559616,0.9378278255462646,0.8726153176888473,0.8160712598947893,0.8017828461468652,0.8133333333333334
0.03385779604044122,0.4114941954612732,0.9130880815807286,0.8905643920349803,0.8886720258508162,0.89
0.055751782415124275,0.523099422454834,0.8915157845537102,0.8542699593434887,0.8310033670883789,0.8516666666666667
0.0345886341528967,0.26597222685813904,0.9402152477152477,0.9294366281866283,0.9280765834672372,0.9283333333333333
0.02957961840244631,0.1411277949810028,0.9625015578962947,0.9545795408295409,0.9559028621354528,0.955
0.022492504246959772,0.2961634397506714,0.9438976386673755,0.9393554593554593,0.9345742294620675,0.94
0.036210933447970696,0.21398024260997772,0.9324251759449127,0.9302782402782402,0.9259921939715302,0.9266666666666666
0.040264122285104044,1.1011611223220825,0.8716389987936041,0.7821567185537774,0.7935314354101028,0.7833333333333333
0.02224268075466777,0.21551239490509033,0.9454594806065395,0.9400811688311688,0.9364907716842982,0.94
0.04140194099939739,0.5450681447982788,0.8743647787397788,0.8597420825362,0.8515091115318598,0.8566666666666666
0.03219552574834476,0.31521862745285034,0.9352369801537758,0.9172956373691669,0.9137753309403053,0.9199999999999999
0.022556914346447837,0.33954986929893494,0.9201967803438392,0.9110236685971981,0.9078794978157991,0.91
0.014689854072154654,0.21507379412651062,0.9583770396270396,0.956228850125909,0.9542897573009338,0.9533333333333331
0.012078672506807683,0.24573740363121033,0.9339252760832045,0.926480278980279,0.9224102033664039,0.9249999999999999
0.008559919991967035,0.12723714113235474,0.96499185999186,0.9611957024457024,0.9608848511903321,0.9599999999999999
0.012238467226173574,0.2937837243080139,0.9454417658365027,0.9374940500675796,0.9367552828771926,0.9383333333333334
0.035629247092098616,0.23904262483119965,0.9505164913059648,0.9450382950382951,0.9438272845834877,0.945
0.04637320901383646,0.49755629897117615,0.9332443305605072,0.9227840378575674,0.9182630934832736,0.9216666666666667
0.03575618200314542,0.6195591688156128,0.881930455523722,0.852872068019127,0.8481002489562917,0.8533333333333334
0.036884477032193295,1.2706892490386963,0.8124275174959149,0.7950670788906082,0.7705305417828637,0.7933333333333333
0.05134875620327269,0.48312124609947205,0.8916408122464624,0.8759640359640359,0.8668640132617517,0.875
0.016728085509384982,0.3178967535495758,0.9344714775964776,0.9190535880241764,0.9174640910525435,0.9166666666666666
0.010609837678202894,0.16243302822113037,0.9567434349419642,0.9536931287666581,0.952554843199905,0.9533333333333333
0.004238385148103892,0.19060596823692322,0.9553672947422949,0.9501904114404115,0.9503548246422789,0.9500000000000001
0.05821506990772226,0.47146886587142944,0.9011099488273402,0.8815256829227417,0.878961227870494,0.8833333333333333
0.01780145359710635,0.41949766874313354,0.9495082695082694,0.9272904410404411,0.9266853476143476,0.9233333333333333
0.005362262949347496,0.21174198389053345,0.9549034992784993,0.9496363059598355,0.9490068622616988,0.9499999999999998
0.006489663022269572,0.19834481179714203,0.9608904521404522,0.9553365153365152,0.9555107241825157,0.9549999999999997
0.0051456864312058315,0.178946852684021,0.9580002405002405,0.9563576238576239,0.9552031691775151,0.9550000000000001
0.002519955693060183,0.2290598601102829,0.959140442890443,0.9557094757094758,0.954896977586393,0.955
0.0006645677513006376,0.15435504913330078,0.9684019221519221,0.9653006253006254,0.9654456800687901,0.965
0.00038735370253561996,0.13309094309806824,0.9732671957671958,0.9696729196729197,0.9702342487126218,0.9699999999999999
0.000260150035804448,0.1271200180053711,0.975577848077848,0.9737343674843674,0.9739076902139785,0.9733333333333333
0.0003062842244313894,0.12062302231788635,0.9735113035113035,0.9722192159692159,0.972014413995109,0.9716666666666666
0.00014571388616483696,0.12092679738998413,0.9740811040811042,0.9722192159692159,0.9723281394853052,0.9716666666666666
8.816758781904355e-05,0.1195128783583641,0.9740811040811042,0.9722192159692159,0.9723281394853052,0.9716666666666666
0.00012279371518767826,0.12163301557302475,0.9740811040811042,0.9722192159692159,0.9723281394853052,0.9716666666666666
0.00012117087855282686,0.12243755906820297,0.9757030932030933,0.9736081048581049,0.9738440125011781,0.9733333333333333
0.0001272441943456215,0.1237102597951889,0.9757010582010582,0.973039923039923,0.9734803683480603,0.9733333333333333
0.00010604262251945329,0.12238346040248871,0.9767999592999593,0.9751232563732564,0.9752068640745559,0.975
0.00010916828940329044,0.12143071740865707,0.9768446368446368,0.9751232563732564,0.9752928217222986,0.975
6.945967682743988e-05,0.12159373611211777,0.9743873718873718,0.9718825156325156,0.9721874650868907,0.9716666666666667
0.00012420137644160908,0.12197684496641159,0.9755625855625856,0.9737343674843674,0.9739015173744724,0.9733333333333333
7.140477483365733e-05,0.1307326853275299,0.9742195767195768,0.9715247715247716,0.971906990458893,0.9716666666666666
4.2618513134584646e-05,0.13208962976932526,0.9753184778184779,0.9736081048581049,0.9736334861853887,0.9733333333333333
8.705139202902501e-05,0.1319248229265213,0.9732671957671958,0.9696729196729197,0.9702342487126218,0.9699999999999999
8.326848232324362e-05,0.1306706964969635,0.9746041921041922,0.971756253006253,0.972125686709323,0.9716666666666666
0.00010087847855781244,0.11921801418066025,0.9757946682946682,0.9736081048581049,0.9738459118364108,0.9733333333333332
5.6237379567392054e-05,0.11833375692367554,0.9738826913826913,0.9725559163059163,0.97244005462173,0.9716666666666666
6.397346646735969e-05,0.11686915159225464,0.973498075998076,0.9725559163059163,0.9722295283059407,0.9716666666666666
7.708152141579679e-05,0.11822284758090973,0.9737117512117512,0.9722192159692159,0.9721237860090218,0.9716666666666666
4.679461346768221e-05,0.1198512613773346,0.9757946682946682,0.9736081048581049,0.9738459118364108,0.9733333333333332
5.391856003219194e-05,0.12035860121250153,0.9751779701779703,0.9737343674843674,0.973690991058683,0.9733333333333333
3.983159858004607e-05,0.12023371458053589,0.9725212750212751,0.9703673641173641,0.9704035608819339,0.9699999999999999
3.663162381902415e-05,0.1204441636800766,0.9742195767195768,0.971756253006253,0.9719151603935335,0.9716666666666666
2.839962663377567e-05,0.12039842456579208,0.9746041921041922,0.971756253006253,0.972125686709323,0.9716666666666666
3.4625927431382784e-05,0.12328781932592392,0.9725212750212751,0.9703673641173641,0.9704035608819339,0.9699999999999999
3.9342045814313074e-05,0.12197741121053696,0.9740811040811042,0.9722192159692159,0.9723281394853052,0.9716666666666666
4.1175087896287245e-05,0.12411465495824814,0.9753184778184779,0.9736081048581049,0.9736334861853887,0.9733333333333333
5.343258381647805e-05,0.12157347053289413,0.9736964886964888,0.9722192159692159,0.9721176131695156,0.9716666666666666
2.4268229518990363e-05,0.12158235907554626,0.9725212750212751,0.9703673641173641,0.9704035608819339,0.9699999999999999
3.807087728091574e-05,0.1222807765007019,0.9725212750212751,0.9703673641173641,0.9704035608819339,0.9699999999999999
2.656718091505657e-05,0.12490266561508179,0.9740027565027565,0.9718825156325156,0.9719769387711011,0.9716666666666667
2.4996797189184388e-05,0.1219714805483818,0.9729058904058904,0.9703673641173641,0.9706140871977235,0.9699999999999999
3.231843354948675e-05,0.12165304273366928,0.9725212750212751,0.9703673641173641,0.9704035608819339,0.9699999999999999
2.1999478387139487e-05,0.12424823641777039,0.9725212750212751,0.9703673641173641,0.9704035608819339,0.9699999999999999
4.757980426954115e-05,0.12288390100002289,0.9742195767195768,0.971756253006253,0.9719151603935335,0.9716666666666666
2.100964381194596e-05,0.12284480035305023,0.9725212750212751,0.9703673641173641,0.9704035608819339,0.9699999999999999
2.6880701549695612e-05,0.12244405597448349,0.9725212750212751,0.9703673641173641,0.9704035608819339,0.9699999999999999
2.1890998027629394e-05,0.1254875361919403,0.9740027565027565,0.9718825156325156,0.9719769387711011,0.9716666666666667
2.493957686056092e-05,0.12473036348819733,0.9740811040811042,0.9722192159692159,0.9723281394853052,0.9716666666666666
3.7926237572113074e-05,0.12424090504646301,0.9740027565027565,0.9718825156325156,0.9719769387711011,0.9716666666666667
2.730409306650472e-05,0.12362977862358093,0.9740027565027565,0.9718825156325156,0.9719769387711011,0.9716666666666667
3.712316358435904e-05,0.12444280833005905,0.9725212750212751,0.9703673641173641,0.9704035608819339,0.9699999999999999
2.8004050193430885e-05,0.12714096903800964,0.9725212750212751,0.9703673641173641,0.9704035608819339,0.9699999999999999
2.3520986360381357e-05,0.1275005340576172,0.9725212750212751,0.9703673641173641,0.9704035608819339,0.9699999999999999
2.7151703970199986e-05,0.1264580488204956,0.9740027565027565,0.9718825156325156,0.9719769387711011,0.9716666666666667
3.374636188861283e-05,0.12912067770957947,0.9740027565027565,0.9718825156325156,0.9719769387711011,0.9716666666666667
2.4978717021895136e-05,0.12805789709091187,0.9742195767195768,0.971756253006253,0.9719151603935335,0.9716666666666666
2.09424896032336e-05,0.1281672567129135,0.9742195767195768,0.971756253006253,0.9719151603935335,0.9716666666666666
2.8384129043009427e-05,0.12938040494918823,0.9725212750212751,0.9703673641173641,0.9704035608819339,0.9699999999999999
1.4852682644080536e-05,0.12839782238006592,0.9725212750212751,0.9703673641173641,0.9704035608819339,0.9699999999999999
2.9015541106976645e-05,0.12985855340957642,0.9725212750212751,0.9703673641173641,0.9704035608819339,0.9699999999999999
1.925865812305953e-05,0.13181418180465698,0.9725212750212751,0.9703673641173641,0.9704035608819339,0.9699999999999999
2.0233591404424562e-05,0.12967011332511902,0.9742195767195768,0.971756253006253,0.9719151603935335,0.9716666666666666
2.0511150268021083e-05,0.13015764951705933,0.9742195767195768,0.971756253006253,0.9719151603935335,0.9716666666666666
3.6206841324807705e-05,0.12720462679862976,0.9740027565027565,0.9718825156325156,0.9719769387711011,0.9716666666666667
2.406756082488452e-05,0.13083329796791077,0.9742195767195768,0.971756253006253,0.9719151603935335,0.9716666666666666
1.5505949704675004e-05,0.13249388337135315,0.9742195767195768,0.971756253006253,0.9719151603935335,0.9716666666666666
1.692612966053275e-05,0.12994533777236938,0.9725212750212751,0.9703673641173641,0.9704035608819339,0.9699999999999999
2.80320644587088e-05,0.1289491057395935,0.9742195767195768,0.971756253006253,0.9719151603935335,0.9716666666666666
2.6007890994605987e-05,0.12958268821239471,0.9746041921041922,0.971756253006253,0.972125686709323,0.9716666666666666
2.8824607682054193e-05,0.12842915952205658,0.9746041921041922,0.971756253006253,0.972125686709323,0.9716666666666666
1.764615380276761e-05,0.12548455595970154,0.9740027565027565,0.9718825156325156,0.9719769387711011,0.9716666666666667
1.4055371309495968e-05,0.12597836554050446,0.9757010582010582,0.9732714045214045,0.9734885382827008,0.9733333333333333
1.4286041429537969e-05,0.126175194978714,0.9740027565027565,0.9718825156325156,0.9719769387711011,0.9716666666666667
1.5042622938684266e-05,0.12545108795166016,0.9743873718873718,0.9718825156325156,0.9721874650868907,0.9716666666666667
2.1340052237898515e-05,0.1250516027212143,0.9740027565027565,0.9718825156325156,0.9719769387711011,0.9716666666666667
1.343170803617492e-05,0.12452282011508942,0.9760856735856737,0.9732714045214045,0.9736990645984903,0.9733333333333333
1.129865657389928e-05,0.1275971233844757,0.9743873718873718,0.9718825156325156,0.9721874650868907,0.9716666666666667
1.2523333225544775e-05,0.12596747279167175,0.9743873718873718,0.9718825156325156,0.9721874650868907,0.9716666666666667
1.098314927124496e-05,0.125314861536026,0.9743873718873718,0.9718825156325156,0.9721874650868907,0.9716666666666667
1.3249317930785764e-05,0.12664766609668732,0.9740027565027565,0.9718825156325156,0.9719769387711011,0.9716666666666667
1.400093248093981e-05,0.12628762423992157,0.9746041921041922,0.971756253006253,0.972125686709323,0.9716666666666666
1.3498465439928017e-05,0.1280137300491333,0.9740027565027565,0.9718825156325156,0.9719769387711011,0.9716666666666667
1.8122394758772014e-05,0.12886542081832886,0.9757010582010582,0.9732714045214045,0.9734885382827008,0.9733333333333333
1.269340522943215e-05,0.12721648812294006,0.9740027565027565,0.9718825156325156,0.9719769387711011,0.9716666666666667
8.031129842341519e-06,0.12592653930187225,0.9725212750212751,0.9703673641173641,0.9704035608819339,0.9699999999999999
1.1091629763389696e-05,0.12639272212982178,0.9742195767195768,0.971756253006253,0.9719151603935335,0.9716666666666666
1.0184049690072547e-05,0.12962117791175842,0.9742195767195768,0.971756253006253,0.9719151603935335,0.9716666666666666
1.0657707747441236e-05,0.13001248240470886,0.9757010582010582,0.9732714045214045,0.9734885382827008,0.9733333333333333
1.2970367985568979e-05,0.127782940864563,0.9725212750212751,0.9703673641173641,0.9704035608819339,0.9699999999999999
1.0684728484496494e-05,0.12773212790489197,0.9746041921041922,0.971756253006253,0.972125686709323,0.9716666666666666
9.9444388865777e-06,0.1286221742630005,0.9742195767195768,0.971756253006253,0.9719151603935335,0.9716666666666666
1.166582109135561e-05,0.12748849391937256,0.9729058904058904,0.9703673641173641,0.9706140871977235,0.9699999999999999
9.076595252584715e-06,0.1297626793384552,0.9746041921041922,0.971756253006253,0.972125686709323,0.9716666666666666
6.846189535281155e-06,0.1299721598625183,0.9729058904058904,0.9703673641173641,0.9706140871977235,0.9699999999999999
7.575353047665582e-06,0.12762004137039185,0.9736964886964888,0.9722192159692159,0.9721176131695156,0.9716666666666666
8.217493776404202e-06,0.1306229829788208,0.9742195767195768,0.971756253006253,0.9719151603935335,0.9716666666666666
9.302298129417371e-06,0.1315312683582306,0.9746041921041922,0.971756253006253,0.972125686709323,0.9716666666666666
9.384751166408023e-06,0.12674492597579956,0.9742195767195768,0.971756253006253,0.9719151603935335,0.9716666666666666
9.158253751214337e-06,0.12972277402877808,0.9740027565027565,0.9718825156325156,0.9719769387711011,0.9716666666666667
9.585420286839508e-06,0.13192522525787354,0.9725212750212751,0.9703673641173641,0.9704035608819339,0.9699999999999999
4.177192844660264e-05,0.140461266040802,0.975807895807896,0.973145141895142,0.9734171097112722,0.9733333333333333
6.273150630894027e-05,0.11981403827667236,0.9837444037444038,0.9821939634439634,0.9821746155789207,0.9816666666666668
2.6694536501281618e-05,0.11225979030132294,0.9791396103896104,0.9764069264069263,0.9768315021469327,0.9766666666666666
9.077290754551844e-05,0.12984377145767212,0.9788512413512414,0.9766384078884078,0.9770882341664523,0.9766666666666666
2.089897803140654e-05,0.13354820013046265,0.9756088818588818,0.9733976671476671,0.9737583988506836,0.9733333333333332
5.547086489817351e-05,0.12788866460323334,0.9756088818588818,0.9733976671476671,0.9737583988506836,0.9733333333333332
1.3593832799566977e-05,0.1281215101480484,0.9756088818588818,0.9733976671476671,0.9737583988506836,0.9733333333333332
1.2872815005948723e-05,0.12930409610271454,0.9789548414548414,0.9773328523328523,0.9774566128749845,0.9766666666666666
8.023579861552813e-06,0.1266624927520752,0.9772292522292522,0.9752495189995188,0.9755723611505793,0.975
1.0099411023626695e-05,0.1289680153131485,0.9788512413512414,0.9766384078884078,0.9770882341664523,0.9766666666666666
1.1073152274813461e-05,0.13075561821460724,0.9805768305768305,0.9787217412217412,0.9789724858908575,0.9783333333333332
1.2212196873898998e-05,0.12607423961162567,0.9808403633403633,0.9794161856661856,0.9792674382152216,0.9783333333333332
1.2652873910686443e-05,0.12947824597358704,0.9788512413512414,0.9766384078884078,0.9770882341664523,0.9766666666666666
6.806850469350441e-06,0.1296692192554474,0.9788512413512414,0.9766384078884078,0.9770882341664523,0.9766666666666666
7.814963671156269e-06,0.13433706760406494,0.9777523402523403,0.974786556036556,0.9753699083745971,0.975
9.231567455951032e-06,0.13301526010036469,0.9777523402523403,0.974786556036556,0.9753699083745971,0.975
9.68674818106289e-06,0.12990745902061462,0.9772292522292522,0.9752495189995188,0.9755723611505793,0.975
9.091099196704514e-06,0.12890148162841797,0.9772292522292522,0.9752495189995188,0.9755723611505793,0.975
8.50101313195258e-06,0.13296344876289368,0.9788512413512414,0.9766384078884078,0.9770882341664523,0.9766666666666666
1.6629497110898228e-05,0.13366612792015076,0.9784934972434972,0.9773328523328523,0.9773900050724432,0.9766666666666666
1.3939539712737314e-05,0.13224872946739197,0.976767908017908,0.9752495189995188,0.9755057533480381,0.975
8.428891523711476e-06,0.12791432440280914,0.9756088818588818,0.9733976671476671,0.9737583988506836,0.9733333333333332
7.1267286709068385e-06,0.12715429067611694,0.9772292522292522,0.9752495189995188,0.9755723611505793,0.975
9.693106131673327e-06,0.12772375345230103,0.9756088818588818,0.9733976671476671,0.9737583988506836,0.9733333333333332
1.4710227622079705e-05,0.13570913672447205,0.9760540385540385,0.9733976671476671,0.9738583088629976,0.9733333333333333
1.2029608129182634e-05,0.1345190405845642,0.9772292522292522,0.9752495189995188,0.9755723611505793,0.975
6.348689401155146e-06,0.13440346717834473,0.9788512413512414,0.9766384078884078,0.9770882341664523,0.9766666666666666
9.034077194769452e-06,0.13267913460731506,0.9772292522292522,0.9752495189995188,0.9755723611505793,0.975
6.81042665462428e-06,0.13192245364189148,0.9788512413512414,0.9766384078884078,0.9770882341664523,0.9766666666666666
6.819963379219492e-06,0.13192006945610046,0.9772292522292522,0.9752495189995188,0.9755723611505793,0.975
5.511840171834592e-06,0.1335572898387909,0.9777523402523403,0.974786556036556,0.9753699083745971,0.975
6.411075583893459e-06,0.13276468217372894,0.9777523402523403,0.974786556036556,0.9753699083745971,0.975
2.8938849870504175e-05,0.13888943195343018,0.9790343915343915,0.976175444925445,0.9767612127224233,0.9766666666666666
5.983114296744437e-06,0.1365046352148056,0.9801332926332926,0.9780272967772968,0.9784795385142785,0.9783333333333332
9.876887105519927e-06,0.13746044039726257,0.9777523402523403,0.974786556036556,0.9753699083745971,0.975
1.368562400709076e-05,0.1339450478553772,0.9801332926332926,0.9780272967772968,0.9784795385142785,0.9783333333333332
4.010399180742752e-06,0.13372200727462769,0.9777523402523403,0.974786556036556,0.9753699083745971,0.975
5.402167647143112e-06,0.13414430618286133,0.9760540385540385,0.9733976671476671,0.9738583088629976,0.9733333333333333
4.221598324249953e-06,0.1344982087612152,0.9785113035113034,0.9766384078884078,0.9769636654984054,0.9766666666666666
8.087555511811692e-06,0.13604232668876648,0.9777523402523403,0.974786556036556,0.9753699083745971,0.975
5.8404605217295584e-06,0.13267087936401367,0.9785113035113034,0.9766384078884078,0.9769636654984054,0.9766666666666666
5.5480003027241764e-06,0.1338287591934204,0.9777523402523403,0.974786556036556,0.9753699083745971,0.975
7.201433097255479e-06,0.13521824777126312,0.9760540385540385,0.9733976671476671,0.9738583088629976,0.9733333333333333
6.065368609142752e-06,0.1346903145313263,0.9773360898360898,0.974786556036556,0.9752496132108237,0.975
5.793571427640624e-06,0.13231119513511658,0.9760540385540385,0.9733976671476671,0.9738583088629976,0.9733333333333333
9.506344876323661e-06,0.13263016939163208,0.9785113035113034,0.9766384078884078,0.9769636654984054,0.9766666666666666
4.759629601854461e-06,0.13294640183448792,0.9790343915343915,0.976175444925445,0.9767612127224233,0.9766666666666666
5.60442605035405e-06,0.13557353615760803,0.9790343915343915,0.976175444925445,0.9767612127224233,0.9766666666666666
5.591710352822095e-06,0.13732871413230896,0.9777523402523403,0.974786556036556,0.9753699083745971,0.975
3.452618850019462e-05,0.14799189567565918,0.9730073861323861,0.9694624819624819,0.9701850747275991,0.9699999999999999
8.831421543694281e-06,0.14471235871315002,0.9756694231694231,0.9733976671476671,0.9736477825472081,0.9733333333333333
6.67631626072307e-06,0.1464327573776245,0.9756694231694231,0.9733976671476671,0.9736477825472081,0.9733333333333333
1.2317101090767816e-05,0.1459241509437561,0.9760540385540385,0.9733976671476671,0.9738583088629976,0.9733333333333333
7.42574546090206e-06,0.14557069540023804,0.9790343915343915,0.976175444925445,0.9767612127224233,0.9766666666666666
5.233287846332739e-06,0.15094852447509766,0.9757157194657194,0.9729347041847042,0.973435650910928,0.9733333333333333
4.378557198000029e-06,0.1435178518295288,0.9773360898360898,0.974786556036556,0.9752496132108237,0.975
5.16295436625569e-06,0.14797276258468628,0.9790343915343915,0.976175444925445,0.9767612127224233,0.9766666666666666
1.722017978048977e-05,0.15384730696678162,0.9756694231694231,0.9732714045214045,0.9735787694347168,0.9733333333333333
1.0737578222119737e-05,0.15607623755931854,0.9779181004181005,0.9752284752284752,0.9755698587659597,0.975
0.0017516559090798485,0.8230677843093872,0.89165951532128,0.8505593072504838,0.847119673316938,0.855
0.6540813853498548,19.14897918701172,0.3366038454433977,0.2755110167610168,0.20914700284006957,0.2783333333333334
0.4983824597050746,4.650637626647949,0.5727488308364811,0.45271895588072053,0.4303218980488361,0.445
0.2967651312549909,0.9643449187278748,0.8433941503698538,0.7494338395808984,0.7377774394208543,0.745
0.14110072422772646,0.2904854714870453,0.9166794316794316,0.9054083579818876,0.9020886969445697,0.9049999999999999
0.061793797727053366,0.2515225410461426,0.9363582251082252,0.9255439467939469,0.9256417285217821,0.9249999999999999
0.032319234121435635,0.22782723605632782,0.9337679450179451,0.9276631701631701,0.9256736186738768,0.9299999999999998
0.016674054531904403,0.17619246244430542,0.952188529063529,0.943310717060717,0.9450016217242062,0.945
0.009926033730152994,0.1895250678062439,0.9547592685092684,0.9506437543937545,0.9494020441088896,0.9499999999999998
0.01651213071818347,0.2785160541534424,0.9293790033495916,0.9255812243312244,0.9205821037644158,0.9233333333333335
0.016508680889576983,0.23918843269348145,0.9482269119769119,0.9425859788359788,0.9408445329892348,0.9416666666666665
0.013129400836381441,0.29752156138420105,0.9400149850149851,0.9303365153365153,0.9291970738714951,0.93
0.006780936185047419,0.2593902349472046,0.9427556240056242,0.9392975542975542,0.938586470279911,0.9416666666666668
0.01180357305323317,0.30703437328338623,0.9446826784326784,0.939342648092648,0.9388949565436037,0.94
0.008479071006149752,0.26542866230010986,0.9507418276168277,0.9379271191771191,0.9373200662165194,0.9383333333333334
0.010834938440287564,0.5563552975654602,0.9340469839670608,0.894893671143671,0.8839310118492548,0.895
0.0070607197703793645,0.24826601147651672,0.9490030802530804,0.9444701132201132,0.9443995595890758,0.9466666666666668
0.0076373946400660015,0.23541000485420227,0.9423669386169385,0.941418165168165,0.9388470218655146,0.9416666666666668
0.0030202384926572754,0.19376489520072937,0.9528757816257817,0.9509283309283308,0.9495660609778706,0.9516666666666667
0.003767379338872464,0.17550453543663025,0.9579530192030191,0.9552344877344877,0.954327537180501,0.9566666666666667
0.001529254902076597,0.17369262874126434,0.9559650534650536,0.9558503996003996,0.9541792352187314,0.9550000000000001
0.00409049211157253,0.2563413977622986,0.9592559292559293,0.9577086339586339,0.9558934061659978,0.9583333333333334
0.0017589232617562327,0.2356521338224411,0.9530369630369632,0.9502234802234802,0.9494383166663084,0.9516666666666665
0.00041372656293485005,0.2186267375946045,0.9568294205794206,0.9548062123062122,0.954182829680934,0.955
0.00041997452778256655,0.21244344115257263,0.9576423113923114,0.9579212916712917,0.9561640396683906,0.9549999999999997
0.0007385357212115196,0.2119247168302536,0.9635383597883598,0.9614123376623377,0.9608940432375058,0.9616666666666666
0.0002864511861844221,0.20847737789154053,0.9635972823472824,0.9610756373256373,0.9604649424178282,0.9616666666666666
0.0004327019097824329,0.21011368930339813,0.9652381414881416,0.9612740500240501,0.9612060015112901,0.9616666666666666
0.00026336848895880394,0.20684781670570374,0.964349446849447,0.9613534151034151,0.9608932732600312,0.9616666666666666
0.000381462372236759,0.21722590923309326,0.9595027657527657,0.9545941558441559,0.9544582829629719,0.9566666666666667
0.00038607488348437374,0.20430438220500946,0.9628261090761091,0.9559830447330447,0.9566838884166473,0.9583333333333334
0.00048693934422772145,0.1993056833744049,0.9651944814444815,0.9599512987012987,0.9610650707589153,0.9616666666666666
0.000321821370410665,0.201430544257164,0.9608131220631222,0.9569089706589707,0.9568105996845381,0.9583333333333334
0.00015627702138469127,0.2016262263059616,0.964237012987013,0.9623256373256374,0.9614483992488084,0.9616666666666666
0.00014003952264829422,0.20236538350582123,0.9623851611351611,0.9596867484367485,0.9589705773879942,0.96
0.00025238692698318726,0.197843536734581,0.9680994468494468,0.9662608225108226,0.9659309700549086,0.9649999999999999
0.000139194329676684,0.198966383934021,0.9643620731120731,0.9610756373256373,0.9608304782733822,0.9616666666666666
0.0001334448659993844,0.19552448391914368,0.9666179653679654,0.9644089706589707,0.9638095103599195,0.9633333333333333
0.00015297154656461012,0.19695329666137695,0.9657184944684944,0.9648719336219336,0.9639242810916979,0.9633333333333333
0.00012044727941429301,0.19683168828487396,0.964237012987013,0.9630200817700817,0.9618028213967088,0.9616666666666666
0.00015622039624455888,0.19579379260540009,0.968284632034632,0.9657978595478597,0.9654113410235351,0.9649999999999999
0.00019073048940754234,0.1954721212387085,0.9700256687756688,0.9695346320346321,0.9686499701312244,0.9683333333333333
9.479681648372207e-05,0.1863364577293396,0.9761471861471862,0.973965848965849,0.9739176012006586,0.9733333333333333
0.000108365416660187,0.1825304925441742,0.9729022366522367,0.9704936267436267,0.9700453381979607,0.9700000000000001
0.00020358621971657462,0.18270209431648254,0.9690648703148703,0.9674512987012988,0.9671551942176633,0.9666666666666665
7.606704999337428e-05,0.18345242738723755,0.9690648703148703,0.9674512987012988,0.9671551942176633,0.9666666666666665
8.513709008184378e-05,0.18083792924880981,0.9690648703148703,0.9674512987012988,0.9671551942176633,0.9666666666666665
0.00011668860793179192,0.18198904395103455,0.9704621767121768,0.9683772246272248,0.9681059902608341,0.9683333333333333
7.238109920611653e-05,0.17844907939434052,0.9690648703148703,0.9674512987012988,0.9671551942176633,0.9666666666666665
6.265421836815221e-05,0.18551383912563324,0.9662139249639249,0.9644089706589707,0.9636627222820967,0.9633333333333333
0.00013513465819414705,0.18516169488430023,0.9711355773855774,0.9688401875901876,0.9689038129591016,0.9683333333333334
7.19243281537274e-05,0.1841214895248413,0.9693620731120731,0.9676497113997115,0.9673860126407016,0.9666666666666668
5.6516527498236733e-05,0.18398050963878632,0.9707315369815369,0.9688401875901876,0.9687570248812789,0.9683333333333334
0.00023343006792705032,0.19083720445632935,0.9643029655529655,0.9639790764790764,0.9627873941433416,0.9633333333333333
0.0002001154429080998,0.1839037388563156,0.968140146890147,0.9669883357383359,0.9660273002105124,0.9666666666666667
0.0001538751541829697,0.18804806470870972,0.9691261978761979,0.9695346320346321,0.967952896282528,0.9683333333333334
0.0002214523134019449,0.1970183253288269,0.9665673678173677,0.9657978595478595,0.9641776208619772,0.965
9.890695533461742e-05,0.18850916624069214,0.9667240629740631,0.966492303992304,0.9644170176307858,0.965
0.00041905044812059106,0.22142474353313446,0.9629704092204091,0.9628006253006252,0.9613105817014599,0.9616666666666666
0.0005721020595501614,0.2459680140018463,0.9542092167092168,0.9499258611758612,0.9505247237741069,0.9533333333333331
0.0030297632768755043,0.2664848566055298,0.9442419154919155,0.9423110223110222,0.9399442616815142,0.9416666666666665
0.008900270883714256,0.3089800477027893,0.9358209151959151,0.9170264457764458,0.9174921030043409,0.9199999999999999
0.04675555158125159,1.4619649648666382,0.8193588219629241,0.7478545283692343,0.7140850447317543,0.7450000000000001
0.07257815165212378,1.0301487445831299,0.8881979679677049,0.8389584489584491,0.8322986249412528,0.8450000000000001
0.06989678670652211,1.058929204940796,0.849439382212215,0.7803973232649702,0.7850625073390867,0.7866666666666667
0.04320365127932746,0.37481725215911865,0.9045796880994249,0.8959755386225975,0.8913513145989698,0.895
0.02952830291663607,0.42294245958328247,0.9196575395278955,0.9035797073297074,0.8988186021649683,0.9016666666666667
0.021271506576643635,3.0199713706970215,0.7557179081295461,0.6145483030041854,0.5862914956124675,0.6133333333333333
0.030156905093463138,0.9413573741912842,0.8625013349032957,0.8114662216868099,0.8122586115070835,0.8099999999999999
0.01355343108176991,0.21288029849529266,0.9546011858511858,0.9475028212528214,0.9486334177036656,0.9499999999999998
0.00986531069065677,0.210783451795578,0.9554191641691642,0.9526902264402263,0.951382908802726,0.9533333333333333
0.0072234094817152554,0.2650352716445923,0.9471802271802271,0.9420863395863396,0.9415432833420163,0.9433333333333334
0.0028016069330381774,0.19492745399475098,0.9603313353313353,0.9559229196729196,0.9560039161657322,0.9583333333333334
0.0011364512599053949,0.18394409120082855,0.9651776001776002,0.9611223498723498,0.9615635564393763,0.9633333333333334
0.0010950240512102027,0.20215845108032227,0.9613113738113738,0.9575432900432901,0.9578191591498838,0.96
0.0007887649405044309,0.1698131412267685,0.9628880841380844,0.9596282421282422,0.9599610155103878,0.9616666666666668
0.001281700840384777,0.19442832469940186,0.9599864803812171,0.9546408683908685,0.9555751401765847,0.9566666666666667
0.010891186268054298,0.42501100897789,0.9340405625506246,0.9214374051874054,0.9218294131592971,0.9233333333333332
0.017169548118545208,0.2683963179588318,0.9433271358271358,0.934594572094572,0.9344083791912908,0.9366666666666665
0.03556136921785461,0.6339160799980164,0.8869661819661819,0.8705309505309505,0.8653051712491235,0.87
0.032965710309023656,0.7637103796005249,0.8577529850323967,0.8304573367808662,0.8100494972753728,0.8283333333333335
0.030185101173022606,0.3469352424144745,0.9412983340189224,0.9313312150812151,0.9313519261526017,0.9333333333333335
0.0074249637315612444,0.3048042953014374,0.9321736134236135,0.9246651659886954,0.9244142563027246,0.9283333333333333
0.012140376774065468,1.9650849103927612,0.8291998969621518,0.7816558033469799,0.7613863813314742,0.7783333333333333
0.014115085312369047,0.24765357375144958,0.9562386224886225,0.9530459355459354,0.9516495097974884,0.9516666666666667
0.005835650546335576,0.2457589954137802,0.9558402245902246,0.9519203944203944,0.9512298452535205,0.9533333333333335
0.003887445915703817,0.19629201292991638,0.9649175824175824,0.9607405557405557,0.9611992928757859,0.9616666666666666
0.002370001832180909,0.16126307845115662,0.9679643967143967,0.9647539035039036,0.9649718093093477,0.9666666666666667
0.0008950499735268144,0.24704885482788086,0.9633313473019355,0.9557623857623857,0.9557020674400638,0.9583333333333334
0.0003071839644993209,0.19137334823608398,0.9648683723683723,0.9607419432419433,0.9599582944791026,0.9616666666666666
0.00026986639143918484,0.17909274995326996,0.9697434972434973,0.965729316979317,0.9654094278867578,0.9666666666666667
0.00013577341913636096,0.17889051139354706,0.973480870980871,0.9702747715247715,0.9703955041886236,0.9716666666666666
0.00019270241220207632,0.17197880148887634,0.96997335997336,0.9668025493025493,0.9670688058325134,0.9683333333333333
0.0003813069088967798,0.18892914056777954,0.9612833000333002,0.9560417822917823,0.9562946333783354,0.9566666666666667
0.00013002892493811183,0.1881732940673828,0.9678563566063567,0.9638069338069338,0.9642085199347378,0.965
0.0002364232119210404,0.18510393798351288,0.9707046657046657,0.966477873977874,0.9670557592887973,0.9683333333333333
0.00011542181096046988,0.17490838468074799,0.965419672919673,0.9628793891293892,0.9623569315464913,0.965
7.587154705864425e-05,0.17355617880821228,0.9683237133237134,0.9643945406445407,0.9646625968956349,0.9666666666666667
9.044269844101412e-05,0.17477481067180634,0.9683237133237134,0.9643945406445407,0.9646625968956349,0.9666666666666667
7.598519274173061e-05,0.17118370532989502,0.9707046657046657,0.966477873977874,0.9670557592887973,0.9683333333333333
5.7018199602983564e-05,0.16543690860271454,0.9660215247715248,0.9631108706108708,0.962653144048586,0.965
5.66583869385795e-05,0.16909299790859222,0.9683237133237134,0.9643945406445407,0.9646625968956349,0.9666666666666667
5.60142598639383e-05,0.17046216130256653,0.9671873496873498,0.9630056517556517,0.9632426521061249,0.965
8.894284690086351e-05,0.17299562692642212,0.9671873496873498,0.9630056517556517,0.9632426521061249,0.965
5.3592324206874764e-05,0.16981291770935059,0.9665446127946128,0.9625426887926888,0.9625656470045674,0.965
4.970967745521193e-05,0.1652202606201172,0.9707046657046657,0.966477873977874,0.9670557592887973,0.9683333333333333
6.172537803195155e-05,0.16612152755260468,0.9671873496873498,0.9630056517556517,0.9632426521061249,0.965
4.331529133120663e-05,0.17010706663131714,0.9707046657046657,0.966477873977874,0.9670557592887973,0.9683333333333333
0.0013755943245807127,0.22500252723693848,0.9537353156103155,0.9504984367484367,0.9496046147463003,0.9516666666666667
0.001263728271472549,0.2747788727283478,0.9494945794945795,0.9469594757094756,0.9453345801299413,0.9466666666666667
0.00018862386555914176,0.2180623859167099,0.9573342860842861,0.9558688071188071,0.954697862755542,0.9566666666666667
0.00012236992540692881,0.21727308630943298,0.9589304214304213,0.9553142690642691,0.9550781440478461,0.9566666666666667
7.495065536507657e-05,0.21837133169174194,0.9534139471639471,0.9517157842157843,0.9503874862401807,0.9533333333333333
0.00010471741262563228,0.20790724456310272,0.9575415325415325,0.9556509694009695,0.9545969205966739,0.9566666666666667
5.3412913852450096e-05,0.20999693870544434,0.9603193103193104,0.957166120916121,0.9569057229054762,0.9583333333333334
0.00010230819411087093,0.20630037784576416,0.9607486032486032,0.9573976023976024,0.9569979018499569,0.9583333333333334
8.194466342577773e-05,0.21027886867523193,0.9603193103193104,0.957166120916121,0.9569057229054762,0.9583333333333334
5.438864223113645e-05,0.20078063011169434,0.9606423668923668,0.9565963203463204,0.9565054386123956,0.9583333333333334
3.700176815376229e-05,0.19536897540092468,0.9605161042661042,0.9584481721981722,0.9577106281634258,0.96
3.789941467857716e-05,0.1930592656135559,0.9603193103193104,0.957166120916121,0.9569057229054762,0.9583333333333334
6.301343339979819e-05,0.20092926919460297,0.9615819365819366,0.9586812724312724,0.9585921359076787,0.96
5.400081452459441e-05,0.19754910469055176,0.963293882043882,0.9599633237133237,0.960019430472228,0.9616666666666666
4.8518379609655916e-05,0.1953994631767273,0.9653645891145891,0.962046657046657,0.9620113383464889,0.9633333333333334
4.01802858505107e-05,0.19342219829559326,0.9605161042661042,0.9584481721981722,0.9577106281634258,0.96
4.391670273662385e-05,0.1939178705215454,0.9638831076331077,0.9598370610870611,0.9601039234608804,0.9616666666666666
9.445240175409708e-05,0.19903509318828583,0.961904993154993,0.9599633237133237,0.9593189381540886,0.9616666666666666
3.581921286392268e-05,0.1967473328113556,0.9621711621711623,0.9585550098050098,0.958676628896331,0.96
3.082911138108102e-05,0.1910514533519745,0.9655044955044955,0.9621534946534948,0.9623549497727942,0.9633333333333334
3.652036227208555e-05,0.1958511471748352,0.965145733895734,0.9613522126022126,0.9617903364630829,0.9633333333333334
2.4112860273817205e-05,0.20215418934822083,0.963293882043882,0.9599633237133237,0.960019430472228,0.9616666666666666
8.28150901478845e-05,0.19978386163711548,0.962367956117956,0.9598370610870611,0.9594815341542806,0.9616666666666666
3.503104083317036e-05,0.19807760417461395,0.9653645891145891,0.962046657046657,0.9620113383464889,0.9633333333333334
2.0350615026624535e-05,0.19345179200172424,0.9685127372627371,0.9649506974506975,0.965417787443475,0.9666666666666667
2.025047937574224e-05,0.1906186193227768,0.9665346227846228,0.9628673641173641,0.9633986464537458,0.965
4.155178805831383e-05,0.19842186570167542,0.9685127372627371,0.9649506974506975,0.965417787443475,0.9666666666666667
3.3560991269609985e-05,0.19299957156181335,0.965145733895734,0.9613522126022126,0.9617903364630829,0.9633333333333334
3.557562855860397e-05,0.19748127460479736,0.9666608854108852,0.9635618085618085,0.9636468814526201,0.965
2.99529235311032e-05,0.20124703645706177,0.9685127372627371,0.9649506974506975,0.965417787443475,0.9666666666666667
4.4381817341824593e-05,0.20077309012413025,0.9672164409664409,0.963435545935546,0.9637822443373437,0.965
4.975497798416958e-05,0.19067975878715515,0.9685127372627371,0.9649506974506975,0.965417787443475,0.9666666666666667
2.1560192266179e-05,0.19267642498016357,0.9685127372627371,0.9649506974506975,0.965417787443475,0.9666666666666667
2.8776923642226393e-05,0.19419845938682556,0.9685127372627371,0.9649506974506975,0.965417787443475,0.9666666666666667
3.293951340310741e-05,0.19222865998744965,0.9672164409664409,0.963435545935546,0.9637822443373437,0.965
9.10006963295018e-05,0.19172368943691254,0.9705960705960707,0.9663395863395864,0.9670002682618893,0.9683333333333333
2.9295881195897284e-05,0.2007453739643097,0.9685127372627371,0.9649506974506975,0.965417787443475,0.9666666666666667
2.831717290045314e-05,0.19666707515716553,0.9672164409664409,0.963435545935546,0.9637822443373437,0.965
2.1680990461921585e-05,0.20092664659023285,0.9672164409664409,0.963435545935546,0.9637822443373437,0.965
9.993116104093739e-06,0.19317862391471863,0.9672164409664409,0.963435545935546,0.9637822443373437,0.965
2.59995466175648e-05,0.18515728414058685,0.9666945554445555,0.9628673641173641,0.9634805028099999,0.965
1.5754103808755342e-05,0.19403015077114105,0.9685127372627371,0.9649506974506975,0.965417787443475,0.9666666666666667
4.115839804796906e-05,0.19665175676345825,0.9655044955044955,0.9621534946534948,0.9623549497727942,0.9633333333333334
1.214822132548458e-05,0.19670270383358002,0.9655044955044955,0.9621534946534948,0.9623549497727942,0.9633333333333334
2.3675362693135565e-05,0.19786760210990906,0.9655044955044955,0.9621534946534948,0.9623549497727942,0.9633333333333334
6.817579316020783e-05,0.19209127128124237,0.9655044955044955,0.9621534946534948,0.9623549497727942,0.9633333333333334
1.5662312596494605e-05,0.19154036045074463,0.9668007918007917,0.9636686461686462,0.9639904928789256,0.965
2.6675661435623017e-05,0.18518035113811493,0.968430550930551,0.965520498020498,0.9656542355689841,0.9666666666666667
1.7973780586544308e-05,0.1894405484199524,0.9683463758463758,0.965520498020498,0.9655934627218336,0.9666666666666667
1.893281935376005e-05,0.18739533424377441,0.9683463758463758,0.965520498020498,0.9655934627218336,0.9666666666666667
1.751462580301677e-05,0.1894075572490692,0.9678309190809191,0.9643825156325155,0.9649539235353387,0.9666666666666667
8.704463562973311e-06,0.1876388043165207,0.9701424963924964,0.9668025493025493,0.9670815301335335,0.9683333333333333
2.586742225692736e-05,0.17906057834625244,0.9683463758463758,0.965520498020498,0.9655934627218336,0.9666666666666667
1.596232238891086e-05,0.17879939079284668,0.9696426721426721,0.9670356495356495,0.9672290058279649,0.9683333333333333
2.277910695624996e-05,0.17587733268737793,0.9742733192733194,0.9711880711880712,0.9712407305286676,0.9716666666666667
1.083831006572685e-05,0.18468134105205536,0.9698090335590335,0.966465848965849,0.9669730645250678,0.9683333333333333
3.040750814875537e-05,0.19093763828277588,0.9634337884337884,0.9600701613201613,0.9603630418985335,0.9616666666666666
4.294792927339586e-05,0.1815885752439499,0.9698090335590335,0.966465848965849,0.9669730645250678,0.9683333333333333
2.2213657568196748e-05,0.19100329279899597,0.9698090335590335,0.966465848965849,0.9669730645250678,0.9683333333333333
8.567571621635276e-06,0.18722417950630188,0.9698090335590335,0.966465848965849,0.9669730645250678,0.9683333333333333
1.3651450463688283e-05,0.1859264373779297,0.9685127372627371,0.9649506974506975,0.965417787443475,0.9666666666666667
1.1789202716272484e-05,0.190281480550766,0.9685127372627371,0.9649506974506975,0.965417787443475,0.9666666666666667
1.4018217456168713e-05,0.18767127394676208,0.9685127372627371,0.9649506974506975,0.965417787443475,0.9666666666666667
1.1654694877923552e-05,0.18064847588539124,0.9698090335590335,0.966465848965849,0.9669730645250678,0.9683333333333333
4.754185695314087e-05,0.18367666006088257,0.9701254763754764,0.9673723498723499,0.9676904126129012,0.9683333333333333
9.67741004368842e-06,0.186524897813797,0.971921596921597,0.9686544011544012,0.9691784800246012,0.9699999999999999
2.0790894427117717e-05,0.185281440615654,0.9713546176046175,0.9683177008177007,0.9686563003925143,0.9699999999999999
9.044806067966723e-06,0.1855168342590332,0.9701424963924964,0.9668025493025493,0.9670815301335335,0.9683333333333333
1.84132651999865e-05,0.17674683034420013,0.9716608854108854,0.9683177008177007,0.9689338488387933,0.9699999999999999
6.18636606001625e-06,0.18981537222862244,0.9701424963924964,0.9668025493025493,0.9670815301335335,0.9683333333333333
3.8842359775988676e-05,0.21371988952159882,0.9674573112073114,0.963435545935546,0.9636184081697722,0.965
6.331205322377779e-06,0.20893673598766327,0.9688462000962001,0.9652873977873978,0.9654459870274023,0.9666666666666667
2.0994941517452997e-05,0.21427452564239502,0.9687536075036075,0.9649506974506975,0.9652539512759035,0.9666666666666667
9.370644773317357e-06,0.2066597193479538,0.9687536075036075,0.9649506974506975,0.9652539512759035,0.9666666666666667
5.62389694872915e-06,0.20314523577690125,0.9688462000962001,0.9652873977873978,0.9654459870274023,0.9666666666666667
7.148385009259073e-06,0.19707976281642914,0.9701424963924964,0.9668025493025493,0.9670815301335335,0.9683333333333333
9.023348582104518e-06,0.20437461137771606,0.9674573112073114,0.963435545935546,0.9636184081697722,0.965
2.1204153734781055e-05,0.20293383300304413,0.9701424963924964,0.9668025493025493,0.9670815301335335,0.9683333333333333
1.0082920418597041e-05,0.20232868194580078,0.9701424963924964,0.9668025493025493,0.9670815301335335,0.9683333333333333
1.530289633914587e-05,0.20421861112117767,0.9701424963924964,0.9668025493025493,0.9670815301335335,0.9683333333333333
2.573370926010436e-05,0.20145826041698456,0.9685127372627371,0.9649506974506975,0.965417787443475,0.9666666666666667
6.0640771058236474e-05,0.20016756653785706,0.9712157287157287,0.9696729196729197,0.9688299233525152,0.9699999999999999
2.1174748629467405e-05,0.1950424164533615,0.9739935064935064,0.9711880711880713,0.9711387256613174,0.9716666666666666
6.670753125585331e-06,0.1958327740430832,0.9699921837421837,0.9663395863395863,0.9668179973700007,0.9683333333333333
6.18888954093677e-05,0.164821058511734,0.9731337181337181,0.9701695526695526,0.970753250283582,0.9716666666666666
6.248692739063699e-05,0.18017785251140594,0.9716608854108854,0.9683177008177007,0.9689338488387933,0.9699999999999999
1.5264749601821375e-05,0.18786004185676575,0.9698090335590335,0.966465848965849,0.9669730645250678,0.9683333333333333
2.668162203178781e-05,0.19257698953151703,0.9698090335590335,0.966465848965849,0.9669730645250678,0.9683333333333333
1.4989773423697747e-05,0.19066891074180603,0.9698090335590335,0.966465848965849,0.9669730645250678,0.9683333333333333
1.508216043551632e-05,0.19257482886314392,0.9698090335590335,0.966465848965849,0.9669730645250678,0.9683333333333333
8.5524719111163e-06,0.1954764574766159,0.9698090335590335,0.966465848965849,0.9669730645250678,0.9683333333333333
1.531422137664625e-05,0.19864308834075928,0.9685127372627371,0.9649506974506975,0.965417787443475,0.9666666666666667
1.5574097486611056e-05,0.19112376868724823,0.9713546176046175,0.9683177008177007,0.9686563003925143,0.9699999999999999
7.091959301893287e-06,0.19488166272640228,0.9701424963924964,0.9668025493025493,0.9670815301335335,0.9683333333333333
7.407863800305374e-06,0.19794628024101257,0.9701424963924964,0.9668025493025493,0.9670815301335335,0.9683333333333333
4.670023952731602e-06,0.19713625311851501,0.9701424963924964,0.9668025493025493,0.9670815301335335,0.9683333333333333
1.1522173901804914e-05,0.1956067532300949,0.9701424963924964,0.9668025493025493,0.9670815301335335,0.9683333333333333
7.087190968017391e-06,0.1910545527935028,0.9713546176046175,0.9683177008177007,0.9686563003925143,0.9699999999999999
6.03914255374131e-06,0.1976950615644455,0.9701424963924964,0.9668025493025493,0.9670815301335335,0.9683333333333333
7.472435548550038e-06,0.18988832831382751,0.9732064694564694,0.9701695526695526,0.9706170847062398,0.9716666666666666
6.208022403105436e-06,0.18873006105422974,0.9713546176046175,0.9683177008177007,0.9686563003925143,0.9699999999999999
7.4191887904362375e-06,0.19523003697395325,0.9701424963924964,0.9668025493025493,0.9670815301335335,0.9683333333333333
4.70956159877763e-06,0.20066103339195251,0.9701424963924964,0.9668025493025493,0.9670815301335335,0.9683333333333333
