training_loss,validation_loss,precision,recall,f1,accuracy
0.9522127068291107,2.6293177604675293,0.6912568816567797,0.4650208152414035,0.47268430187698796,0.4633333333333333
0.20013707131147385,0.2122633159160614,0.9489592668540037,0.9448557624292918,0.9449979880908641,0.9433333333333332
0.09824966654802363,0.41188114881515503,0.9019482818379879,0.8941352955323544,0.8901721134331355,0.895
0.03795448360809436,0.36391231417655945,0.911076581370699,0.8994214119214119,0.8971956113915889,0.9
0.024715110722657602,0.8711811304092407,0.8783192419179261,0.8471339798545681,0.8291386624417146,0.8399999999999999
0.00619050714643284,0.09214264154434204,0.9759883172383171,0.9753620154355449,0.9739069599363942,0.9733333333333333
0.006277176906830088,0.11906003206968307,0.9728425278425279,0.9740770803270804,0.9725752687517618,0.9716666666666667
0.001587076384263734,0.11480656266212463,0.9678885003885004,0.9677338864838866,0.9670527016863558,0.9666666666666667
0.000532652532759433,0.1162111908197403,0.9700918063418063,0.9700697450697451,0.9687827140487211,0.9683333333333333
0.0004181526088965863,0.10893788188695908,0.973057821807822,0.9737540237540238,0.9727074029076207,0.9716666666666667
0.0004247095145425798,0.10726384818553925,0.9731010656010657,0.9728475228475228,0.9716587678518849,0.9716666666666667
0.0002531437104759486,0.10459723323583603,0.9781153106153107,0.977603415103415,0.976737255845099,0.9766666666666666
0.00016802728153682742,0.10408435761928558,0.9761566211566213,0.9762145262145262,0.9750346414660139,0.975
0.00019223967941191708,0.10475748777389526,0.9746176508676508,0.9746993746993747,0.9737437225715145,0.9733333333333333
0.00015607118454378602,0.10683765262365341,0.9747677322677323,0.9743626743626743,0.9733296116279918,0.9733333333333333
0.00010440667589743195,0.10587238520383835,0.9776701539201539,0.978066378066378,0.976790632751417,0.9766666666666666
0.00012930929544078632,0.1035454273223877,0.976281265031265,0.9762145262145262,0.9750856029133949,0.975
0.00018352786590488299,0.10852199792861938,0.971993006993007,0.9718300218300219,0.9708813395909798,0.9699999999999999
8.82947441975072e-05,0.10408364236354828,0.9768078218078218,0.9758898508898509,0.9754281955059875,0.975
5.7478547205391806e-05,0.1028655394911766,0.9783645983645983,0.9774050024050024,0.976775773853566,0.9766666666666666
6.523668753288803e-05,0.104301318526268,0.976281265031265,0.9762145262145262,0.9750856029133949,0.975
6.794194435618313e-05,0.10407181084156036,0.9782399544899545,0.9774050024050024,0.9767248124061849,0.9766666666666666
7.85471990714844e-05,0.11003005504608154,0.9788097550597551,0.9769420394420393,0.9767223969472477,0.9766666666666666
6.835162624459674e-05,0.10938860476016998,0.9782399544899545,0.9774050024050024,0.9767248124061849,0.9766666666666666
5.601227276959738e-05,0.10603626072406769,0.9797534872534871,0.9792568542568542,0.9784808036915881,0.9783333333333332
5.1064888945499355e-05,0.1071537584066391,0.980198643948644,0.9787938912938912,0.9784274267852698,0.9783333333333332
8.498986441433469e-05,0.11034895479679108,0.9783645983645983,0.9774050024050024,0.976775773853566,0.9766666666666666
8.604725136744189e-05,0.11041375249624252,0.976281265031265,0.9762145262145262,0.9750856029133949,0.975
6.438791770809378e-05,0.10742386430501938,0.9782399544899545,0.977603415103415,0.9767882172924799,0.9766666666666666
0.0001414332745828991,0.11475656926631927,0.9766053391053391,0.9764790764790764,0.9753746082512965,0.975
0.0005850797866363185,0.18565702438354492,0.9645126632626632,0.9622627535862831,0.9614130615096986,0.9600000000000001
0.1814481406224028,2.5408754348754883,0.6827826602693167,0.6143075361457714,0.5808139683544844,0.6150000000000001
0.13918793643824756,0.41205692291259766,0.9143259776715658,0.9033006808006808,0.9005766657530131,0.9016666666666667
0.08261377017091338,0.14562931656837463,0.9530321992821992,0.952807054057054,0.9499185909665898,0.9516666666666667
0.013295898335248543,0.23037949204444885,0.9598907138613021,0.9508800921300922,0.9497874679076587,0.9466666666666667
0.01415164339899396,0.11017635464668274,0.9708850408850408,0.9713395863395863,0.9698676469581691,0.9699999999999999
0.006175370443694798,0.09142076224088669,0.9751695526695526,0.9762475949975951,0.9753209818163603,0.975
0.004162966093645082,0.10369670391082764,0.9768853368853369,0.9756914381914381,0.9757340109765514,0.9750000000000001
0.0005569182873538617,0.10874059796333313,0.9815963665963666,0.9807840307840308,0.9808479431591111,0.98
0.0009730135607242119,0.10063928365707397,0.9813165538165537,0.9803210678210678,0.9804256058109425,0.98
0.0002559945984709581,0.10128697752952576,0.9832487882487881,0.9826358826358826,0.982586734582113,0.9816666666666666
0.0054434063434503814,0.1508166640996933,0.9739518814518814,0.97264911014911,0.9721324027003907,0.9716666666666667
0.0007747370054858038,0.10755734890699387,0.979174112924113,0.9782377344877345,0.9784291621095204,0.9783333333333332
0.0005578941104431578,0.11293976753950119,0.9783047508047508,0.9772787397787397,0.9771995811015418,0.9766666666666667
0.0004828251394428662,0.12450240552425385,0.9767045454545453,0.9751369001369001,0.9750002983295037,0.9750000000000001
0.00021584490711272034,0.11855784058570862,0.979623432123432,0.9789321789321789,0.9788739797624123,0.9783333333333334
0.0001025058828266386,0.12192346155643463,0.9790678765678766,0.9789321789321789,0.9785758488141266,0.9783333333333332
0.00014410873275968092,0.11771070957183838,0.981026566026566,0.9803210678210678,0.9802784631932115,0.98
9.298205319889045e-05,0.11404238641262054,0.981026566026566,0.9803210678210678,0.9802784631932115,0.98
0.00014445344572777685,0.112222820520401,0.981026566026566,0.9803210678210678,0.9802784631932115,0.98
0.0020250500181191455,0.12985289096832275,0.979483941983942,0.9785022847522847,0.97851915439408,0.9783333333333334
0.0002414476830381318,0.12332683801651001,0.9828784178784179,0.9821729196729195,0.982239247506937,0.9816666666666666
0.0001780253630840889,0.11902990937232971,0.9823086173086173,0.981511544011544,0.9815624138104956,0.9816666666666666
9.494940491094894e-05,0.11982260644435883,0.9823086173086173,0.981511544011544,0.9815624138104956,0.9816666666666666
5.089183681169137e-05,0.11801230907440186,0.981026566026566,0.9803210678210678,0.9802784631932115,0.98
0.00010948379720806163,0.11979696154594421,0.9823086173086173,0.981511544011544,0.9815624138104956,0.9816666666666666
6.832023526233873e-05,0.11884166300296783,0.9823086173086173,0.981511544011544,0.9815624138104956,0.9816666666666666
0.00011708636960368797,0.12421208620071411,0.9823086173086173,0.981511544011544,0.9815624138104956,0.9816666666666666
5.3087473058136915e-05,0.12785623967647552,0.981026566026566,0.9803210678210678,0.9802784631932115,0.98
4.791518104714972e-05,0.1262994408607483,0.981026566026566,0.9803210678210678,0.9802784631932115,0.98
0.00010123590611025672,0.12729477882385254,0.9823086173086173,0.981511544011544,0.9815624138104956,0.9816666666666666
9.409010306171695e-05,0.1277891993522644,0.9806419506419507,0.9801226551226551,0.97996058314688,0.98
5.1109592059598676e-05,0.12835314869880676,0.981026566026566,0.9803210678210678,0.9802784631932115,0.98
7.399300776948318e-05,0.13091623783111572,0.9823086173086173,0.981511544011544,0.9815624138104956,0.9816666666666666
3.385523954572515e-05,0.12685798108577728,0.9823086173086173,0.981511544011544,0.9815624138104956,0.9816666666666666
8.940458451434097e-05,0.1273500919342041,0.981026566026566,0.9803210678210678,0.9802784631932115,0.98
3.723124617257175e-05,0.1286444365978241,0.981026566026566,0.9803210678210678,0.9802784631932115,0.98
8.554120768167195e-05,0.1310613751411438,0.981026566026566,0.9803210678210678,0.9802784631932115,0.98
2.57625185137537e-05,0.12892135977745056,0.9823086173086173,0.981511544011544,0.9815624138104956,0.9816666666666666
6.575922128604361e-05,0.12855367362499237,0.981026566026566,0.9803210678210678,0.9802784631932115,0.98
7.386545267233184e-05,0.12369062006473541,0.9798666148666149,0.9791305916305916,0.9790132227975364,0.9783333333333334
2.7071436155286694e-05,0.11986374855041504,0.981026566026566,0.9803210678210678,0.9802784631932115,0.98
3.53409846619949e-05,0.11920084804296494,0.981026566026566,0.9803210678210678,0.9802784631932115,0.98
3.69044145903293e-05,0.12212371081113815,0.981026566026566,0.9803210678210678,0.9802784631932115,0.98
3.563046448107343e-05,0.12424753606319427,0.981026566026566,0.9803210678210678,0.9802784631932115,0.98
3.339926388434833e-05,0.12352220714092255,0.981026566026566,0.9803210678210678,0.9802784631932115,0.98
2.7778745012104384e-05,0.1218579038977623,0.981026566026566,0.9803210678210678,0.9802784631932115,0.98
8.770605019966145e-05,0.09933533519506454,0.9886363636363636,0.9879208754208756,0.9880263503227099,0.9883333333333333
2.1219849562233623e-05,0.0955725908279419,0.9887894975394976,0.9881523569023569,0.988258663130874,0.9883333333333333
2.521991753686355e-05,0.09580536186695099,0.9887894975394976,0.9881523569023569,0.988258663130874,0.9883333333333333
3.9017001711272314e-05,0.10168366134166718,0.9848685573685573,0.9827952140452142,0.9833388988414788,0.9833333333333333
3.411034699259593e-05,0.10381680727005005,0.9878172753172754,0.9860690235690236,0.98661115355233,0.9866666666666665
2.408881960036524e-05,0.10247723758220673,0.9878172753172754,0.9860690235690236,0.98661115355233,0.9866666666666665
2.703011027923215e-05,0.10403405129909515,0.9861506086506086,0.9839856902356904,0.9846228494587628,0.9849999999999999
4.4558445144578705e-05,0.10526677221059799,0.9878172753172754,0.9860690235690236,0.98661115355233,0.9866666666666665
6.119410280310451e-05,0.10945476591587067,0.9815240315240316,0.9799843674843675,0.9800846267022737,0.98
4.368046939854745e-05,0.10571782290935516,0.9834903522403522,0.982497594997595,0.9826023352101783,0.9816666666666666
2.7827818759836493e-05,0.10882320255041122,0.9846503034003034,0.9836880711880712,0.9838675756058534,0.9833333333333333
2.4179816184262865e-05,0.11072596907615662,0.9823086173086173,0.981511544011544,0.9815624138104956,0.9816666666666666
1.5632907713817683e-05,0.1120796650648117,0.9816385003885003,0.9806457431457432,0.9806415508964528,0.98
2.2380352040348345e-05,0.10903652757406235,0.9848685573685573,0.9827952140452142,0.9833388988414788,0.9833333333333333
1.2382070281091728e-05,0.11078353971242905,0.9815240315240316,0.9799843674843675,0.9800846267022737,0.98
2.9925703463125803e-05,0.11051212251186371,0.9827984515484515,0.9818362193362193,0.9819067912921279,0.9816666666666666
2.4837851678209216e-05,0.1090441346168518,0.9827984515484515,0.9818362193362193,0.9819067912921279,0.9816666666666666
2.0095706238028772e-05,0.11041982471942902,0.9816385003885003,0.9806457431457432,0.9806415508964528,0.98
2.0415782681008448e-05,0.11030758917331696,0.9802419802419803,0.9787938912938913,0.9788006760849898,0.9783333333333334
1.5029907350102198e-05,0.10844427347183228,0.9846503034003034,0.9836880711880712,0.9838675756058534,0.9833333333333333
1.424769546550427e-05,0.10876554250717163,0.9848811836311837,0.9836880711880712,0.9839926753936218,0.9833333333333333
2.3205280143656637e-05,0.11424621194601059,0.9815240315240316,0.9799843674843675,0.9800846267022737,0.98
2.274374146319739e-05,0.1113167405128479,0.9827984515484515,0.9818362193362193,0.9819067912921279,0.9816666666666666
3.3130446581708384e-05,0.11378417909145355,0.981026566026566,0.9803210678210678,0.9802784631932115,0.98
1.2886722904189204e-05,0.11289583891630173,0.9802419802419803,0.9787938912938913,0.9788006760849898,0.9783333333333334
4.979689971188842e-05,0.13017454743385315,0.9790515040515042,0.9769420394420395,0.9772029999775098,0.9766666666666667
1.528700165446632e-05,0.12086247652769089,0.9802419802419803,0.9787938912938913,0.9788006760849898,0.9783333333333334
1.4871557520261073e-05,0.11436673253774643,0.9802419802419803,0.9787938912938913,0.9788006760849898,0.9783333333333334
3.7255286765495534e-05,0.11052628606557846,0.9802114552114553,0.9787938912938913,0.9788754402901887,0.9783333333333334
1.4946659504744275e-05,0.11432751268148422,0.9802419802419803,0.9787938912938913,0.9788006760849898,0.9783333333333334
1.812756088763005e-05,0.11286793649196625,0.9829205516705516,0.9818362193362193,0.9819255015137367,0.9816666666666666
7.899602294969554e-06,0.11279954016208649,0.9843113830613831,0.9830266955266955,0.9833158416971804,0.9833333333333333
1.1970400928854966e-05,0.11185696721076965,0.9814935064935065,0.9799843674843675,0.9801593909074727,0.98
1.1123418725370962e-05,0.1123376339673996,0.9802419802419803,0.9787938912938913,0.9788006760849898,0.9783333333333334
1.3248721804378269e-05,0.1119234710931778,0.9802114552114553,0.9787938912938913,0.9788754402901887,0.9783333333333334
9.554028414034596e-06,0.115970179438591,0.9815240315240316,0.9799843674843675,0.9800846267022737,0.98
1.593967264549671e-05,0.11491461098194122,0.9802419802419803,0.9787938912938913,0.9788006760849898,0.9783333333333334
1.533309620072032e-05,0.11580988019704819,0.9815240315240316,0.9799843674843675,0.9800846267022737,0.98
1.1370380680849243e-05,0.11643433570861816,0.9815240315240316,0.9799843674843675,0.9800846267022737,0.98
1.6771952355535785e-05,0.11350464820861816,0.9802419802419803,0.9787938912938913,0.9788006760849898,0.9783333333333334
1.9883116436858472e-05,0.11132769286632538,0.9815240315240316,0.9799843674843675,0.9800846267022737,0.98
9.341637261665406e-06,0.1125534325838089,0.9802419802419803,0.9787938912938913,0.9788006760849898,0.9783333333333334
1.6316572744775233e-05,0.11814923584461212,0.9802419802419803,0.9787938912938913,0.9788006760849898,0.9783333333333334
1.2279947521657656e-05,0.11266981810331345,0.9802419802419803,0.9787938912938913,0.9788006760849898,0.9783333333333334
1.6151467799356094e-05,0.11005818843841553,0.9802114552114553,0.9787938912938913,0.9788754402901887,0.9783333333333334
1.8536647090172664e-05,0.11665204167366028,0.9802419802419803,0.9787938912938913,0.9788006760849898,0.9783333333333334
1.2725591503226497e-05,0.11629685014486313,0.9802419802419803,0.9787938912938913,0.9788006760849898,0.9783333333333334
4.1116476580782546e-05,0.11707928776741028,0.9802419802419803,0.9787938912938913,0.9788006760849898,0.9783333333333334
1.00777546521158e-05,0.11619216203689575,0.9802419802419803,0.9787938912938913,0.9788006760849898,0.9783333333333334
1.410921413480537e-05,0.1155989021062851,0.9802419802419803,0.9787938912938913,0.9788006760849898,0.9783333333333334
1.921037846367805e-05,0.11269104480743408,0.9843113830613831,0.9830266955266955,0.9833158416971804,0.9833333333333333
1.2773077012676973e-05,0.1180255115032196,0.9802419802419803,0.9787938912938913,0.9788006760849898,0.9783333333333334
8.13821955603089e-06,0.11419951915740967,0.9802419802419803,0.9787938912938913,0.9788006760849898,0.9783333333333334
2.278208747933756e-05,0.1147378534078598,0.9802419802419803,0.9787938912938913,0.9788006760849898,0.9783333333333334
8.902549827401648e-06,0.11579277366399765,0.9827984515484515,0.9818362193362193,0.9819067912921279,0.9816666666666666
1.0292132666715284e-05,0.11282511800527573,0.9816385003885003,0.9806457431457432,0.9806415508964528,0.98
5.331715027523387e-05,0.1176399439573288,0.9802419802419803,0.9787938912938913,0.9788006760849898,0.9783333333333334
1.0986129391691671e-05,0.11790208518505096,0.9827984515484515,0.9818362193362193,0.9819067912921279,0.9816666666666666
1.4370282258369116e-05,0.11700131744146347,0.9827984515484515,0.9818362193362193,0.9819067912921279,0.9816666666666666
5.847613036754258e-06,0.11647988855838776,0.9816385003885003,0.9806457431457432,0.9806415508964528,0.98
9.850859683524504e-06,0.121773362159729,0.9802419802419803,0.9787938912938913,0.9788006760849898,0.9783333333333334
2.600550599633304e-05,0.11881415545940399,0.9815240315240316,0.9799843674843675,0.9800846267022737,0.98
2.927621178609267e-05,0.1161782369017601,0.9827984515484515,0.9818362193362193,0.9819067912921279,0.9816666666666666
1.1210640257293866e-05,0.11635404825210571,0.9827984515484515,0.9818362193362193,0.9819067912921279,0.9816666666666666
1.0280410577934163e-05,0.11813636869192123,0.9802419802419803,0.9787938912938913,0.9788006760849898,0.9783333333333334
9.592572837391344e-06,0.11817570775747299,0.9802419802419803,0.9787938912938913,0.9788006760849898,0.9783333333333334
7.31031105516422e-06,0.11885452270507812,0.9802419802419803,0.9787938912938913,0.9788006760849898,0.9783333333333334
9.901722085222294e-06,0.11836877465248108,0.9802419802419803,0.9787938912938913,0.9788006760849898,0.9783333333333334
9.445945494235275e-06,0.11552448570728302,0.9802419802419803,0.9787938912938913,0.9788006760849898,0.9783333333333334
1.2932419764410952e-05,0.12037565559148788,0.9783047508047508,0.9772787397787397,0.9771995811015418,0.9766666666666667
9.055733724968226e-06,0.11981334537267685,0.9802419802419803,0.9787938912938913,0.9788006760849898,0.9783333333333334
8.624196051224923e-06,0.11547185480594635,0.9816385003885003,0.9806457431457432,0.9806415508964528,0.98
1.1035005333800049e-05,0.11654511094093323,0.9827984515484515,0.9818362193362193,0.9819067912921279,0.9816666666666666
1.3403097767650252e-05,0.11923244595527649,0.9802419802419803,0.9787938912938913,0.9788006760849898,0.9783333333333334
9.812712714089381e-06,0.12001366913318634,0.9802419802419803,0.9787938912938913,0.9788006760849898,0.9783333333333334
1.0144114497734336e-05,0.12427534908056259,0.9802419802419803,0.9787938912938913,0.9788006760849898,0.9783333333333334
5.631049428226713e-06,0.1168227419257164,0.9802419802419803,0.9787938912938913,0.9788006760849898,0.9783333333333334
6.130139074874326e-06,0.11571615934371948,0.9816385003885003,0.9806457431457432,0.9806415508964528,0.98
8.387764234877674e-06,0.12025707215070724,0.981026566026566,0.9803210678210678,0.9802784631932115,0.98
1.090069609214576e-05,0.11966680735349655,0.9783047508047508,0.9772787397787397,0.9771995811015418,0.9766666666666667
8.293390299248434e-06,0.1205768808722496,0.9802419802419803,0.9787938912938913,0.9788006760849898,0.9783333333333334
1.2298027778948986e-05,0.11824814975261688,0.9827984515484515,0.9818362193362193,0.9819067912921279,0.9816666666666666
1.0172327340759088e-05,0.12199248373508453,0.9798666148666149,0.9791305916305916,0.9790132227975364,0.9783333333333334
7.260441800364485e-06,0.11773564666509628,0.9816385003885003,0.9806457431457432,0.9806415508964528,0.98
1.4544725710644949e-05,0.117063008248806,0.9816385003885003,0.9806457431457432,0.9806415508964528,0.98
3.24652594467049e-05,0.11543630063533783,0.9816385003885003,0.9806457431457432,0.9806415508964528,0.98
1.0639031534272666e-05,0.1156950294971466,0.9802419802419803,0.9787938912938913,0.9788006760849898,0.9783333333333334
1.2812614500035124e-05,0.11619948595762253,0.9802419802419803,0.9787938912938913,0.9788006760849898,0.9783333333333334
5.821386932799062e-06,0.11999297142028809,0.9802419802419803,0.9787938912938913,0.9788006760849898,0.9783333333333334
7.776220617946214e-06,0.1204945296049118,0.9802419802419803,0.9787938912938913,0.9788006760849898,0.9783333333333334
6.200273820885134e-06,0.1134137436747551,0.9802419802419803,0.9787938912938913,0.9788006760849898,0.9783333333333334
5.4836072957679484e-05,0.11911746859550476,0.9802419802419803,0.9787938912938913,0.9788006760849898,0.9783333333333334
1.0421673437122081e-05,0.1165773794054985,0.9816385003885003,0.9806457431457432,0.9806415508964528,0.98
1.3126730986338467e-05,0.11590582132339478,0.9816385003885003,0.9806457431457432,0.9806415508964528,0.98
1.7739534328597983e-05,0.11764337867498398,0.9802419802419803,0.9787938912938913,0.9788006760849898,0.9783333333333334
6.071726540805382e-06,0.11569009721279144,0.9816385003885003,0.9806457431457432,0.9806415508964528,0.98
9.498794976063133e-06,0.11404424905776978,0.9802419802419803,0.9787938912938913,0.9788006760849898,0.9783333333333334
6.253520718739007e-06,0.1164659857749939,0.9802419802419803,0.9787938912938913,0.9788006760849898,0.9783333333333334
7.271568080113866e-06,0.11659117788076401,0.9802419802419803,0.9787938912938913,0.9788006760849898,0.9783333333333334
1.5146136360518389e-05,0.12141534686088562,0.9816385003885003,0.9806457431457432,0.9806415508964528,0.98
6.480018342358562e-06,0.11687172949314117,0.9816385003885003,0.9806457431457432,0.9806415508964528,0.98
4.993279731024813e-06,0.11891385167837143,0.9802419802419803,0.9787938912938913,0.9788006760849898,0.9783333333333334
8.069872883709195e-06,0.11498099565505981,0.9816385003885003,0.9806457431457432,0.9806415508964528,0.98
6.5139930048493016e-06,0.11562277376651764,0.9816385003885003,0.9806457431457432,0.9806415508964528,0.98
6.949106823602354e-06,0.12181538343429565,0.9783047508047508,0.9772787397787397,0.9771995811015418,0.9766666666666667
1.011331873475759e-05,0.12101058661937714,0.9798666148666149,0.9791305916305916,0.9790132227975364,0.9783333333333334
8.875529042976874e-06,0.12067727744579315,0.9816385003885003,0.9806457431457432,0.9806415508964528,0.98
9.070038776333908e-06,0.12000131607055664,0.9816385003885003,0.9806457431457432,0.9806415508964528,0.98
5.698005338672374e-06,0.11648984253406525,0.9816385003885003,0.9806457431457432,0.9806415508964528,0.98
7.151166580380656e-06,0.11608795821666718,0.9816385003885003,0.9806457431457432,0.9806415508964528,0.98
1.2377500581806089e-05,0.11871342360973358,0.9802419802419803,0.9787938912938913,0.9788006760849898,0.9783333333333334
8.394718278736946e-06,0.11728604137897491,0.9816385003885003,0.9806457431457432,0.9806415508964528,0.98
1.7118056864736293e-05,0.12047990411520004,0.9798666148666149,0.9791305916305916,0.9790132227975364,0.9783333333333334
1.0265111943870883e-05,0.11957775801420212,0.9816385003885003,0.9806457431457432,0.9806415508964528,0.98
1.7399192157559657e-05,0.11923422664403915,0.9828784178784179,0.9821729196729195,0.982239247506937,0.9816666666666666
5.460182885978308e-06,0.12085801362991333,0.9816385003885003,0.9806457431457432,0.9806415508964528,0.98
1.4264384771441504e-05,0.11834417283535004,0.9816385003885003,0.9806457431457432,0.9806415508964528,0.98
9.086926804495002e-06,0.11578623950481415,0.9816385003885003,0.9806457431457432,0.9806415508964528,0.98
6.925264943428526e-06,0.11857745051383972,0.9827984515484515,0.9818362193362193,0.9819067912921279,0.9816666666666666
2.2571086446987465e-05,0.12070434540510178,0.9798666148666149,0.9791305916305916,0.9790132227975364,0.9783333333333334
8.88903931202852e-06,0.11944401264190674,0.9802419802419803,0.9787938912938913,0.9788006760849898,0.9783333333333334
1.501679420812252e-05,0.11603811383247375,0.9816385003885003,0.9806457431457432,0.9806415508964528,0.98
8.460879335814298e-06,0.12204005569219589,0.9798666148666149,0.9791305916305916,0.9790132227975364,0.9783333333333334
5.2110354360479505e-06,0.11611660569906235,0.9846503034003034,0.9836880711880712,0.9838675756058534,0.9833333333333333
9.449720484629628e-06,0.12617227435112,0.9783047508047508,0.9772787397787397,0.9771995811015418,0.9766666666666667
6.548166316141153e-06,0.11704828590154648,0.9827984515484515,0.9818362193362193,0.9819067912921279,0.9816666666666666
1.3304352966277596e-05,0.12203466892242432,0.981026566026566,0.9803210678210678,0.9802784631932115,0.98
7.04963997577579e-06,0.12017866224050522,0.9798666148666149,0.9791305916305916,0.9790132227975364,0.9783333333333334
5.73277475505544e-06,0.12192189693450928,0.9816385003885003,0.9806457431457432,0.9806415508964528,0.98
4.6372413369984615e-06,0.12095968425273895,0.981026566026566,0.9803210678210678,0.9802784631932115,0.98
6.687641080323677e-06,0.12448780238628387,0.9783047508047508,0.9772787397787397,0.9771995811015418,0.9766666666666667
7.061560983364264e-06,0.12288044393062592,0.9798666148666149,0.9791305916305916,0.9790132227975364,0.9783333333333334
7.259845799486205e-06,0.11630910634994507,0.9827984515484515,0.9818362193362193,0.9819067912921279,0.9816666666666666
4.676779091994376e-06,0.12052081525325775,0.981026566026566,0.9803210678210678,0.9802784631932115,0.98
1.3409853079811759e-05,0.119688019156456,0.9827984515484515,0.9818362193362193,0.9819067912921279,0.9816666666666666
6.8040688200691575e-06,0.11970478296279907,0.9816385003885003,0.9806457431457432,0.9806415508964528,0.98
5.910595258266464e-06,0.12190870940685272,0.9798666148666149,0.9791305916305916,0.9790132227975364,0.9783333333333334
6.937980600696392e-06,0.11766348779201508,0.9816385003885003,0.9806457431457432,0.9806415508964528,0.98
6.7019463093250424e-06,0.12085258215665817,0.9802419802419803,0.9787938912938913,0.9788006760849898,0.9783333333333334
5.0793090906608995e-06,0.11932308971881866,0.9798666148666149,0.9791305916305916,0.9790132227975364,0.9783333333333334
3.334482480947069e-06,0.11836614459753036,0.9798666148666149,0.9791305916305916,0.9790132227975364,0.9783333333333334
4.5726696763874015e-06,0.11764979362487793,0.9816385003885003,0.9806457431457432,0.9806415508964528,0.98
4.393259681971055e-06,0.11963760852813721,0.9798666148666149,0.9791305916305916,0.9790132227975364,0.9783333333333334
4.470547030640167e-06,0.11720693111419678,0.9846503034003034,0.9836880711880712,0.9838675756058534,0.9833333333333333
7.4934959144457025e-06,0.11946552991867065,0.9816385003885003,0.9806457431457432,0.9806415508964528,0.98
5.145072861978406e-06,0.12284835427999496,0.981026566026566,0.9803210678210678,0.9802784631932115,0.98
4.644393991763233e-06,0.11928550899028778,0.9828784178784179,0.9821729196729195,0.982239247506937,0.9816666666666666
1.8055836451461953e-05,0.12312120199203491,0.9798666148666149,0.9791305916305916,0.9790132227975364,0.9783333333333334
6.371537911794197e-06,0.12040596455335617,0.9816385003885003,0.9806457431457432,0.9806415508964528,0.98
6.35464985047444e-06,0.12045246362686157,0.9816385003885003,0.9806457431457432,0.9806415508964528,0.98
6.0915946941501415e-06,0.12389480322599411,0.9802419802419803,0.9787938912938913,0.9788006760849898,0.9783333333333334
1.2311935239021446e-05,0.12147458642721176,0.9816385003885003,0.9806457431457432,0.9806415508964528,0.98
5.036393763665122e-06,0.12036200612783432,0.9798666148666149,0.9791305916305916,0.9790132227975364,0.9783333333333334
8.013844457366304e-06,0.12121116369962692,0.9798666148666149,0.9791305916305916,0.9790132227975364,0.9783333333333334
1.1575619216349272e-05,0.12028633058071136,0.9798666148666149,0.9791305916305916,0.9790132227975364,0.9783333333333334
5.403359775613126e-06,0.12225548923015594,0.9798666148666149,0.9791305916305916,0.9790132227975364,0.9783333333333334
4.962881388811032e-06,0.11796926707029343,0.9816385003885003,0.9806457431457432,0.9806415508964528,0.98
3.824233973640882e-06,0.11829280853271484,0.9827984515484515,0.9818362193362193,0.9819067912921279,0.9816666666666666
1.1347730819011304e-05,0.12302298843860626,0.9783047508047508,0.9772787397787397,0.9771995811015418,0.9766666666666667
5.948543524425531e-06,0.12303739041090012,0.9798666148666149,0.9791305916305916,0.9790132227975364,0.9783333333333334
7.825891254735021e-06,0.12070401757955551,0.981026566026566,0.9803210678210678,0.9802784631932115,0.98
5.148251820704293e-06,0.1204063817858696,0.9802419802419803,0.9787938912938913,0.9788006760849898,0.9783333333333334
3.92357505537196e-06,0.1190294474363327,0.9816385003885003,0.9806457431457432,0.9806415508964528,0.98
3.392696397005087e-06,0.11917994916439056,0.9802419802419803,0.9787938912938913,0.9788006760849898,0.9783333333333334
4.881620408051883e-06,0.12398675084114075,0.9798666148666149,0.9791305916305916,0.9790132227975364,0.9783333333333334
5.765756033800547e-06,0.12242430448532104,0.9828784178784179,0.9821729196729195,0.982239247506937,0.9816666666666666
9.98377801645726e-06,0.11690565943717957,0.9827984515484515,0.9818362193362193,0.9819067912921279,0.9816666666666666
4.973808993706068e-06,0.11717109382152557,0.9816385003885003,0.9806457431457432,0.9806415508964528,0.98
4.5776366661698376e-06,0.11752201616764069,0.9816385003885003,0.9806457431457432,0.9806415508964528,0.98
6.378889151411234e-06,0.12092480063438416,0.9816385003885003,0.9806457431457432,0.9806415508964528,0.98
6.1686833584910046e-06,0.12584199011325836,0.9798666148666149,0.9791305916305916,0.9790132227975364,0.9783333333333334
4.582206422298896e-06,0.11955936998128891,0.9816385003885003,0.9806457431457432,0.9806415508964528,0.98
8.724729134712561e-06,0.12542250752449036,0.9798666148666149,0.9791305916305916,0.9790132227975364,0.9783333333333334
4.7886371845606845e-06,0.11895196884870529,0.9816385003885003,0.9806457431457432,0.9806415508964528,0.98
2.010683247988254e-05,0.11854517459869385,0.9827984515484515,0.9818362193362193,0.9819067912921279,0.9816666666666666
5.6425730896592086e-06,0.12390106916427612,0.9798666148666149,0.9791305916305916,0.9790132227975364,0.9783333333333334
1.3242959667536525e-05,0.12033240497112274,0.9816385003885003,0.9806457431457432,0.9806415508964528,0.98
9.25640264881622e-06,0.11781398952007294,0.9816385003885003,0.9806457431457432,0.9806415508964528,0.98
5.380709993119126e-06,0.12604333460330963,0.9783047508047508,0.9772787397787397,0.9771995811015418,0.9766666666666667
5.15023868293459e-06,0.1199951022863388,0.981026566026566,0.9803210678210678,0.9802784631932115,0.98
7.711251683417686e-06,0.12026192247867584,0.9816385003885003,0.9806457431457432,0.9806415508964528,0.98
3.5727023958524264e-06,0.1187625527381897,0.9816385003885003,0.9806457431457432,0.9806415508964528,0.98
3.924369851896851e-06,0.1217699944972992,0.9816385003885003,0.9806457431457432,0.9806415508964528,0.98
4.3714046320531e-06,0.11893313378095627,0.9816385003885003,0.9806457431457432,0.9806415508964528,0.98
9.04162738161555e-06,0.12144619226455688,0.9802419802419803,0.9787938912938913,0.9788006760849898,0.9783333333333334
3.5878022615065674e-06,0.12241243571043015,0.9816385003885003,0.9806457431457432,0.9806415508964528,0.98
3.385146461217422e-06,0.12249459326267242,0.9816385003885003,0.9806457431457432,0.9806415508964528,0.98
7.228851409024628e-06,0.11809392273426056,0.9827984515484515,0.9818362193362193,0.9819067912921279,0.9816666666666666
5.025664937837367e-06,0.12644162774085999,0.9783047508047508,0.9772787397787397,0.9771995811015418,0.9766666666666667
4.686117160683049e-06,0.12283825874328613,0.9802419802419803,0.9787938912938913,0.9788006760849898,0.9783333333333334
9.494026838770727e-06,0.11941216886043549,0.9827984515484515,0.9818362193362193,0.9819067912921279,0.9816666666666666
5.402167635300732e-06,0.12358425557613373,0.9802419802419803,0.9787938912938913,0.9788006760849898,0.9783333333333334
5.9312582128730656e-06,0.12859608232975006,0.9802419802419803,0.9787938912938913,0.9788006760849898,0.9783333333333334
4.3241183504960645e-06,0.12339402735233307,0.9802419802419803,0.9787938912938913,0.9788006760849898,0.9783333333333334
2.3992856625909553e-06,0.11927058547735214,0.9816385003885003,0.9806457431457432,0.9806415508964528,0.98
4.394849142386192e-06,0.12153303623199463,0.9802419802419803,0.9787938912938913,0.9788006760849898,0.9783333333333334
3.5705169310062956e-06,0.12165486067533493,0.9798666148666149,0.9791305916305916,0.9790132227975364,0.9783333333333334
4.352728551519173e-06,0.12144067138433456,0.9802419802419803,0.9787938912938913,0.9788006760849898,0.9783333333333334
6.374518041714812e-06,0.11842475831508636,0.9816385003885003,0.9806457431457432,0.9806415508964528,0.98
4.937648768077452e-06,0.1207491084933281,0.9816385003885003,0.9806457431457432,0.9806415508964528,0.98
8.705457097117156e-06,0.12287811934947968,0.981026566026566,0.9803210678210678,0.9802784631932115,0.98
3.553231543662605e-06,0.12245243042707443,0.9798666148666149,0.9791305916305916,0.9790132227975364,0.9783333333333334
6.992022124544898e-06,0.12081722915172577,0.9802419802419803,0.9787938912938913,0.9788006760849898,0.9783333333333334
1.4111399605572691e-05,0.12001542747020721,0.9827984515484515,0.9818362193362193,0.9819067912921279,0.9816666666666666
4.88320986846702e-06,0.1231614276766777,0.9802419802419803,0.9787938912938913,0.9788006760849898,0.9783333333333334
4.432598734875152e-06,0.11979025602340698,0.9846503034003034,0.9836880711880712,0.9838675756058534,0.9833333333333333
4.570086735119124e-06,0.11852987855672836,0.9816385003885003,0.9806457431457432,0.9806415508964528,0.98
2.9412905628115973e-06,0.12080227583646774,0.9816385003885003,0.9806457431457432,0.9806415508964528,0.98
5.21938004283129e-06,0.11580099165439606,0.9816385003885003,0.9806457431457432,0.9806415508964528,0.98
6.180405582275246e-06,0.1203124076128006,0.9828784178784179,0.9821729196729195,0.982239247506937,0.9816666666666666
8.991956562454106e-06,0.12178540229797363,0.9783047508047508,0.9772787397787397,0.9771995811015418,0.9766666666666667
5.085865685335496e-06,0.11572909355163574,0.9827984515484515,0.9818362193362193,0.9819067912921279,0.9816666666666666
4.983146920286193e-06,0.12104463577270508,0.9816385003885003,0.9806457431457432,0.9806415508964528,0.98
4.623730961365406e-06,0.12071532011032104,0.9827984515484515,0.9818362193362193,0.9819067912921279,0.9816666666666666
6.033182167186624e-06,0.12023993581533432,0.9827984515484515,0.9818362193362193,0.9819067912921279,0.9816666666666666
3.5512447288018243e-06,0.11793455481529236,0.9827984515484515,0.9818362193362193,0.9819067912921279,0.9816666666666666
4.82420128615028e-06,0.11839057505130768,0.9828784178784179,0.9821729196729195,0.982239247506937,0.9816666666666666
3.0807654169962007e-06,0.12368009984493256,0.9783047508047508,0.9772787397787397,0.9771995811015418,0.9766666666666667
3.931919697682436e-06,0.12248654663562775,0.9798666148666149,0.9791305916305916,0.9790132227975364,0.9783333333333334
3.167390829617034e-06,0.11813300848007202,0.9816385003885003,0.9806457431457432,0.9806415508964528,0.98
8.065104542727871e-06,0.11773385852575302,0.9802419802419803,0.9787938912938913,0.9788006760849898,0.9783333333333334
5.042751631378906e-06,0.11785619705915451,0.9827984515484515,0.9818362193362193,0.9819067912921279,0.9816666666666666
8.900165667569127e-06,0.11882488429546356,0.9802419802419803,0.9787938912938913,0.9788006760849898,0.9783333333333334
6.25809037065513e-06,0.11812318861484528,0.9846503034003034,0.9836880711880712,0.9838675756058534,0.9833333333333333
5.1005681586483815e-06,0.1180693730711937,0.9816385003885003,0.9806457431457432,0.9806415508964528,0.98
3.947416935545789e-06,0.1173955649137497,0.9816385003885003,0.9806457431457432,0.9806415508964528,0.98
3.92436977373715e-06,0.11946901679039001,0.9816385003885003,0.9806457431457432,0.9806415508964528,0.98
5.10573379131074e-06,0.1180088147521019,0.9831092981092983,0.9821729196729195,0.9823643472947055,0.9816666666666666
1.0203321681482672e-05,0.11908040940761566,0.9802419802419803,0.9787938912938913,0.9788006760849898,0.9783333333333334
5.318721089035232e-06,0.12229948490858078,0.9783047508047508,0.9772787397787397,0.9771995811015418,0.9766666666666667
4.043976424839002e-06,0.11731266975402832,0.9827984515484515,0.9818362193362193,0.9819067912921279,0.9816666666666666
3.5750865817381814e-06,0.11841418594121933,0.9816385003885003,0.9806457431457432,0.9806415508964528,0.98
1.6415119207617106e-06,0.12006580084562302,0.981026566026566,0.9803210678210678,0.9802784631932115,0.98
4.413723987776545e-06,0.12150481343269348,0.981026566026566,0.9803210678210678,0.9802784631932115,0.98
5.46375914230642e-06,0.11873643845319748,0.9827984515484515,0.9818362193362193,0.9819067912921279,0.9816666666666666
3.327926030749495e-06,0.11647757887840271,0.9827984515484515,0.9818362193362193,0.9819067912921279,0.9816666666666666
4.359086356468349e-06,0.11785291880369186,0.9802419802419803,0.9787938912938913,0.9788006760849898,0.9783333333333334
1.809954663656299e-05,0.11778728663921356,0.9827984515484515,0.9818362193362193,0.9819067912921279,0.9816666666666666
5.1961343482768525e-06,0.12062428891658783,0.9816385003885003,0.9806457431457432,0.9806415508964528,0.98
4.357894222077145e-06,0.1183633953332901,0.9816385003885003,0.9806457431457432,0.9806415508964528,0.98
4.8317511911477595e-06,0.11647358536720276,0.9802419802419803,0.9787938912938913,0.9788006760849898,0.9783333333333334
5.510648125076993e-06,0.1221192330121994,0.9802419802419803,0.9787938912938913,0.9788006760849898,0.9783333333333334
3.6454200487886132e-06,0.11849420517683029,0.9816385003885003,0.9806457431457432,0.9806415508964528,0.98
5.388259885089989e-06,0.1220356673002243,0.9798666148666149,0.9791305916305916,0.9790132227975364,0.9783333333333334
4.9956639595431325e-06,0.11765863001346588,0.9827984515484515,0.9818362193362193,0.9819067912921279,0.9816666666666666
3.1912326979484837e-06,0.12614858150482178,0.9783047508047508,0.9772787397787397,0.9771995811015418,0.9766666666666667
1.783450397555934e-05,0.11704206466674805,0.9816385003885003,0.9806457431457432,0.9806415508964528,0.98
2.6571750903296256e-06,0.1171923503279686,0.9816385003885003,0.9806457431457432,0.9806415508964528,0.98
4.801750111009066e-06,0.12004190683364868,0.9816385003885003,0.9806457431457432,0.9806415508964528,0.98
2.8081734987731957e-06,0.1194353848695755,0.9783047508047508,0.9772787397787397,0.9771995811015418,0.9766666666666667
6.624062943198321e-06,0.11688606441020966,0.9816385003885003,0.9806457431457432,0.9806415508964528,0.98
4.454056411399658e-06,0.11808916926383972,0.9802419802419803,0.9787938912938913,0.9788006760849898,0.9783333333333334
6.166100618543169e-06,0.11748793721199036,0.9816385003885003,0.9806457431457432,0.9806415508964528,0.98
5.277395227191543e-06,0.11724929511547089,0.9816385003885003,0.9806457431457432,0.9806415508964528,0.98
4.547437027232111e-06,0.11853371560573578,0.9816385003885003,0.9806457431457432,0.9806415508964528,0.98
3.0974547039856284e-06,0.11956828832626343,0.9827984515484515,0.9818362193362193,0.9819067912921279,0.9816666666666666
4.09881276179173e-06,0.1160849928855896,0.9846503034003034,0.9836880711880712,0.9838675756058534,0.9833333333333333
2.467234949676822e-06,0.11961826682090759,0.9846503034003034,0.9836880711880712,0.9838675756058534,0.9833333333333333
2.801020952366192e-06,0.11756515502929688,0.9846503034003034,0.9836880711880712,0.9838675756058534,0.9833333333333333
3.621180894697318e-06,0.1191638708114624,0.9827984515484515,0.9818362193362193,0.9819067912921279,0.9816666666666666
8.424719233346423e-06,0.12028872221708298,0.9827984515484515,0.9818362193362193,0.9819067912921279,0.9816666666666666
6.371339274835464e-06,0.11735572665929794,0.9827984515484515,0.9818362193362193,0.9819067912921279,0.9816666666666666
1.895030332358753e-06,0.11595406383275986,0.9816385003885003,0.9806457431457432,0.9806415508964528,0.98
5.65707681351076e-06,0.1215522438287735,0.9816385003885003,0.9806457431457432,0.9806415508964528,0.98
2.5578340038615957e-06,0.12300054728984833,0.981026566026566,0.9803210678210678,0.9802784631932115,0.98
2.6925405004855443e-06,0.11572843790054321,0.9802419802419803,0.9787938912938913,0.9788006760849898,0.9783333333333334
5.670785888867158e-06,0.11885591596364975,0.9802419802419803,0.9787938912938913,0.9788006760849898,0.9783333333333334
4.320939432034265e-06,0.11700262874364853,0.9832145169645169,0.981604737854738,0.9820043713000547,0.9816666666666666
3.813902549628286e-06,0.11730411648750305,0.9827984515484515,0.9818362193362193,0.9819067912921279,0.9816666666666666
3.3581256809374813e-06,0.11910854279994965,0.9827984515484515,0.9818362193362193,0.9819067912921279,0.9816666666666666
2.783338253209422e-06,0.1203429102897644,0.9802419802419803,0.9787938912938913,0.9788006760849898,0.9783333333333334
4.091262767976407e-06,0.11797258257865906,0.9846503034003034,0.9836880711880712,0.9838675756058534,0.9833333333333333
2.929766959406758e-06,0.12311660498380661,0.9783047508047508,0.9772787397787397,0.9771995811015418,0.9766666666666667
3.1765301962138892e-06,0.11870294064283371,0.9827984515484515,0.9818362193362193,0.9819067912921279,0.9816666666666666
3.6710500583107355e-06,0.11764921993017197,0.9846503034003034,0.9836880711880712,0.9838675756058534,0.9833333333333333
2.5041898190636402e-06,0.1186773031949997,0.9827984515484515,0.9818362193362193,0.9819067912921279,0.9816666666666666
4.126230879345864e-06,0.12018492072820663,0.981026566026566,0.9803210678210678,0.9802784631932115,0.98
3.7356217343168887e-06,0.1175878643989563,0.9816385003885003,0.9806457431457432,0.9806415508964528,0.98
3.0453999878924756e-06,0.11562039703130722,0.9846503034003034,0.9836880711880712,0.9838675756058534,0.9833333333333333
3.733038920946304e-06,0.11585285514593124,0.9816385003885003,0.9806457431457432,0.9806415508964528,0.98
1.2352267660276084e-05,0.1202751100063324,0.9783047508047508,0.9772787397787397,0.9771995811015418,0.9766666666666667
2.661148691629478e-06,0.12228614091873169,0.9783047508047508,0.9772787397787397,0.9771995811015418,0.9766666666666667
3.0136108388016205e-06,0.12038888782262802,0.9802419802419803,0.9787938912938913,0.9788006760849898,0.9783333333333334
7.80502941921668e-06,0.1244395300745964,0.9783047508047508,0.9772787397787397,0.9771995811015418,0.9766666666666667
3.6517778857122116e-06,0.12163849920034409,0.9802419802419803,0.9787938912938913,0.9788006760849898,0.9783333333333334
2.296765656476888e-06,0.11804007738828659,0.9816385003885003,0.9806457431457432,0.9806415508964528,0.98
2.11238860240807e-06,0.11976750940084457,0.9802419802419803,0.9787938912938913,0.9788006760849898,0.9783333333333334
8.582273987182512e-06,0.11711257696151733,0.9827984515484515,0.9818362193362193,0.9819067912921279,0.9816666666666666
4.368027128739034e-06,0.12389075756072998,0.9802419802419803,0.9787938912938913,0.9788006760849898,0.9783333333333334
2.792278928372601e-06,0.12223809957504272,0.9783047508047508,0.9772787397787397,0.9771995811015418,0.9766666666666667
3.860791451870682e-06,0.12155565619468689,0.9783047508047508,0.9772787397787397,0.9771995811015418,0.9766666666666667
2.1143754137161372e-06,0.11843466758728027,0.9846503034003034,0.9836880711880712,0.9838675756058534,0.9833333333333333
2.02536582586769e-06,0.11955803632736206,0.9816385003885003,0.9806457431457432,0.9806415508964528,0.98
3.0984481149687326e-06,0.11972880363464355,0.9816385003885003,0.9806457431457432,0.9806415508964528,0.98
3.1689802983218365e-06,0.12199102342128754,0.9802419802419803,0.9787938912938913,0.9788006760849898,0.9783333333333334
2.2260347947167247e-06,0.11794611811637878,0.9816385003885003,0.9806457431457432,0.9806415508964528,0.98
3.5440921806184633e-06,0.12150972336530685,0.9802419802419803,0.9787938912938913,0.9788006760849898,0.9783333333333334
3.51011746081061e-05,0.11764313280582428,0.9802419802419803,0.9787938912938913,0.9788006760849898,0.9783333333333334
3.856817888466442e-06,0.11996882408857346,0.9802419802419803,0.9787938912938913,0.9788006760849898,0.9783333333333334
4.482666592290722e-06,0.11836135387420654,0.9827984515484515,0.9818362193362193,0.9819067912921279,0.9816666666666666
1.1887947716597106e-05,0.12269609421491623,0.9816385003885003,0.9806457431457432,0.9806415508964528,0.98
4.318952555593114e-06,0.12204921245574951,0.9783047508047508,0.9772787397787397,0.9771995811015418,0.9766666666666667
4.435777590572343e-06,0.11786530911922455,0.9816385003885003,0.9806457431457432,0.9806415508964528,0.98
3.0251343889157547e-06,0.11434011906385422,0.9846503034003034,0.9836880711880712,0.9838675756058534,0.9833333333333333
3.4375985376774074e-06,0.11726801097393036,0.9846503034003034,0.9836880711880712,0.9838675756058534,0.9833333333333333
3.6029021117656157e-06,0.1182556301355362,0.9827984515484515,0.9818362193362193,0.9819067912921279,0.9816666666666666
4.1619936261838575e-06,0.11826996505260468,0.9846503034003034,0.9836880711880712,0.9838675756058534,0.9833333333333333
2.6665131684922017e-06,0.12130068987607956,0.979586802086802,0.9784692159692159,0.9784835317188257,0.9783333333333334
3.478328389168913e-06,0.11956477165222168,0.9828784178784179,0.9821729196729195,0.982239247506937,0.9816666666666666
5.330244725598732e-06,0.11722066253423691,0.9827984515484515,0.9818362193362193,0.9819067912921279,0.9816666666666666
5.662838539421955e-06,0.12047117948532104,0.9802419802419803,0.9787938912938913,0.9788006760849898,0.9783333333333334
2.362132065059086e-06,0.11911945044994354,0.9846503034003034,0.9836880711880712,0.9838675756058534,0.9833333333333333
4.06304997350541e-06,0.1174996942281723,0.9827984515484515,0.9818362193362193,0.9819067912921279,0.9816666666666666
6.611347223165846e-06,0.120650514960289,0.9827984515484515,0.9818362193362193,0.9819067912921279,0.9816666666666666
3.2611687762103734e-06,0.11803339421749115,0.9827984515484515,0.9818362193362193,0.9819067912921279,0.9816666666666666
3.6247571510254297e-06,0.11681434512138367,0.9846503034003034,0.9836880711880712,0.9838675756058534,0.9833333333333333
3.0978521034323117e-06,0.1189660131931305,0.9827984515484515,0.9818362193362193,0.9819067912921279,0.9816666666666666
2.871751753730223e-06,0.1196979284286499,0.9827984515484515,0.9818362193362193,0.9819067912921279,0.9816666666666666
4.618366511740153e-06,0.11807933449745178,0.9798666148666149,0.9791305916305916,0.9790132227975364,0.9783333333333334
8.220672609600873e-06,0.11898469179868698,0.9816385003885003,0.9806457431457432,0.9806415508964528,0.98
1.0710557290849465e-05,0.11978910863399506,0.9827984515484515,0.9818362193362193,0.9819067912921279,0.9816666666666666
4.429817153095428e-06,0.11888723075389862,0.9827984515484515,0.9818362193362193,0.9819067912921279,0.9816666666666666
2.5522709018825176e-06,0.12269413471221924,0.9802419802419803,0.9787938912938913,0.9788006760849898,0.9783333333333334
