training_loss,validation_loss,precision,recall,f1,accuracy
0.4159695642689864,2.9764585494995117,0.6559379394362739,0.46501052868699927,0.45548409949967955,0.4616666666666666
0.15488752101858458,0.25932425260543823,0.9394094794094793,0.9361195286195287,0.9308190283472237,0.9333333333333332
0.07230855928113063,0.44476303458213806,0.9210665577112945,0.8849385799385799,0.8835738413969488,0.8866666666666666
0.050707986539540194,0.2297212779521942,0.9428610972360972,0.9397136659636659,0.9362593717535161,0.9366666666666665
0.044695396412862465,0.29907047748565674,0.9270984570984572,0.9172621523356819,0.9143222227436794,0.9149999999999999
0.038349366281181574,0.24973464012145996,0.9383299761240936,0.9254347667582961,0.9244730083793294,0.9233333333333333
0.027053305791923776,0.19919312000274658,0.9545350482850483,0.9465061327561327,0.9455866068459059,0.9483333333333333
0.024082462671988953,0.29412195086479187,0.9315130775657092,0.9229904354904354,0.9203456224646241,0.9183333333333333
0.027756108038981136,0.21935558319091797,0.9421458865208866,0.9356964957700251,0.9340235751692608,0.9366666666666665
0.029051781340967864,0.6565057039260864,0.9060333647833647,0.8677320228790816,0.8657751056376207,0.8683333333333333
0.04243577086405518,0.42359495162963867,0.9136608692162097,0.8811661024161023,0.8807445235960851,0.88
0.05011554623100286,0.22439074516296387,0.9478414858561918,0.9421241122711711,0.9415038381059246,0.9400000000000001
0.045930947739786156,0.2959657907485962,0.9369800107300108,0.9307358083093377,0.9282557880598814,0.9266666666666666
0.030827072992299993,0.36274969577789307,0.9221782773756458,0.9079619019324902,0.9039457707622042,0.9050000000000001
0.00835631501589281,0.13213109970092773,0.9733618233618233,0.9707635882635882,0.9703636985325638,0.9699999999999999
0.02206584854866378,0.3230923116207123,0.9429848392348393,0.929944684944685,0.9278162587668725,0.9283333333333333
0.012173623813093096,0.16445156931877136,0.9635408110408109,0.9599056036556036,0.9587368000344606,0.96
0.003399092982969402,0.13943380117416382,0.9688017075517075,0.96620670995671,0.9661412431893077,0.9666666666666667
0.003924786060755044,0.08585285395383835,0.9765143652643653,0.9759698172198172,0.9754828725779503,0.975
0.010351507319379985,0.18821033835411072,0.9578906741406742,0.9455828594063888,0.9477171698125506,0.9483333333333334
0.01566381198426825,0.18515102565288544,0.9676806758056758,0.9614574314574315,0.9624429136324525,0.9616666666666666
0.013098734752323557,0.26690444350242615,0.9425516368163427,0.9371235110205699,0.933765200789391,0.9316666666666666
0.009047398021114835,0.34803879261016846,0.9305299865826182,0.9194114382349676,0.9124224084782931,0.9166666666666666
0.021679674046026776,0.6769007444381714,0.8840633263795028,0.851626818170936,0.8529738949708038,0.8500000000000001
0.024744579418135498,0.20173686742782593,0.952633324278061,0.9523376623376624,0.9502857971664532,0.9499999999999998
0.030308860111593578,0.2440040558576584,0.9518281487031488,0.9460137710873004,0.9429270848655004,0.9433333333333334
0.029689125600270927,0.3590570092201233,0.9104008491508492,0.8872604873340166,0.8858114538712121,0.8833333333333333
0.013157920509305162,0.2664984464645386,0.9533758833758833,0.9516290354525649,0.9498252650554103,0.9483333333333334
0.009390807823365321,0.2579246461391449,0.962472434972435,0.9488762626262627,0.9507300095201675,0.9500000000000001
0.007241946575353116,0.2019089162349701,0.9564975764975765,0.9563924963924965,0.9533164343112168,0.955
0.021842256024683593,0.6530352234840393,0.8977454007407567,0.8655222310369369,0.8619241739817491,0.8650000000000001
0.028429922777528798,0.9440518617630005,0.848080876811527,0.8022054497789792,0.7813873394213999,0.7983333333333332
0.06225215930802127,0.5959227085113525,0.8824337699337699,0.8485527299497888,0.838624264530258,0.85
0.030771963540852692,0.1815844178199768,0.9468014393014395,0.9423828187063482,0.9405997333154309,0.9416666666666665
0.020350066657556454,0.30639055371284485,0.9302238039738041,0.91745152995153,0.9171975600807641,0.9183333333333333
0.01644023129119887,0.3846266269683838,0.9369820700741753,0.9126886076886076,0.9119498271251424,0.9133333333333334
0.012348899959761184,0.3218802809715271,0.9447045315795316,0.9321130421865718,0.9285978313301642,0.9316666666666666
0.004583408692269586,0.15460118651390076,0.9642832399082399,0.9627473615708909,0.9610821204924255,0.96
0.0029940784400726748,0.09902030229568481,0.9734515947015946,0.9717121767121767,0.9709859115490201,0.9699999999999999
0.0029503280644955034,0.07628877460956573,0.9833496133496133,0.9809108946608948,0.9810986895132922,0.98
0.0008983587213151623,0.08688265085220337,0.9814345839345839,0.9784710197210197,0.978633584442924,0.9783333333333332
0.0003726325403476949,0.07915160804986954,0.9829605579605579,0.9804611592111593,0.9806838132625315,0.9800000000000001
0.0002637700223810195,0.07460570335388184,0.9863275613275614,0.9842310004810004,0.9844645451762557,0.9833333333333334
0.0001184380063629457,0.07518009841442108,0.9832924482924482,0.9802958152958152,0.9805752003742424,0.9799999999999999
9.641567900568286e-05,0.079037144780159,0.9846965996965996,0.9818109668109668,0.9819334167686905,0.9816666666666668
8.364677372204217e-05,0.07606000453233719,0.9846965996965996,0.9818109668109668,0.9819334167686905,0.9816666666666668
8.831560603539401e-05,0.07554298639297485,0.9856489806489805,0.9838943001443,0.9836143284496024,0.9833333333333334
0.00011674722092417748,0.07861754298210144,0.9856489806489805,0.9838943001443,0.9836143284496024,0.9833333333333334
0.0001269201428234131,0.07744792103767395,0.9875008325008324,0.985746151996152,0.9856976617829356,0.985
0.00012884636756401355,0.07491225004196167,0.9858341658341657,0.9843572631072631,0.9840958311193201,0.9833333333333334
0.00010798315179272322,0.07383014261722565,0.986096681096681,0.9842310004810004,0.9843394453884873,0.9833333333333334
8.022228947387096e-05,0.0718754231929779,0.986096681096681,0.9842310004810004,0.9843394453884873,0.9833333333333334
8.607049767306307e-05,0.07583127915859222,0.986096681096681,0.9842310004810004,0.9843394453884873,0.9833333333333334
0.00010190049897573772,0.07461978495121002,0.9875008325008324,0.985746151996152,0.9856976617829356,0.985
4.8437516170452e-05,0.07689932733774185,0.986096681096681,0.9842310004810004,0.9843394453884873,0.9833333333333334
7.291774030212157e-05,0.07660601288080215,0.9875008325008324,0.985746151996152,0.9856976617829356,0.985
4.090547550579989e-05,0.0753125250339508,0.986096681096681,0.9842310004810004,0.9843394453884873,0.9833333333333334
5.1208535296609625e-05,0.07410785555839539,0.9875008325008324,0.985746151996152,0.9856976617829356,0.985
8.005360784106112e-05,0.07516048848628998,0.9875008325008324,0.985746151996152,0.9856976617829356,0.985
3.898918585794794e-05,0.07401059567928314,0.9875008325008324,0.985746151996152,0.9856976617829356,0.985
5.376080700140543e-05,0.07492062449455261,0.9875008325008324,0.985746151996152,0.9856976617829356,0.985
3.6722620620821544e-05,0.0764632448554039,0.9875008325008324,0.985746151996152,0.9856976617829356,0.985
4.5371254335198806e-05,0.07614943385124207,0.9856489806489805,0.9838943001443,0.9836143284496024,0.9833333333333334
3.4699440182824524e-05,0.07471497356891632,0.9875008325008324,0.985746151996152,0.9856976617829356,0.985
5.3130189295795084e-05,0.07542076706886292,0.9885997335997335,0.9875980038480039,0.987293438555183,0.9866666666666667
3.2897392581314e-05,0.07666270434856415,0.9875008325008324,0.985746151996152,0.9856976617829356,0.985
4.722515749714754e-05,0.07610396295785904,0.9875008325008324,0.985746151996152,0.9856976617829356,0.985
2.6644865480799734e-05,0.07574476301670074,0.9875008325008324,0.985746151996152,0.9856976617829356,0.985
3.5543640744132667e-05,0.0762791782617569,0.9875008325008324,0.985746151996152,0.9856976617829356,0.985
3.204623844036784e-05,0.07775053381919861,0.986096681096681,0.9842310004810004,0.9843394453884873,0.9833333333333334
2.6217301524411596e-05,0.07600187510251999,0.9885997335997335,0.9875980038480039,0.987293438555183,0.9866666666666667
2.775192259226363e-05,0.07985380291938782,0.9858341658341657,0.9843572631072631,0.9840958311193201,0.9833333333333334
3.13840312173852e-05,0.08093957602977753,0.9867478817478816,0.985746151996152,0.9853326542414576,0.985
2.9871861291515717e-05,0.08011522889137268,0.9861119436119435,0.9838943001443002,0.9838700829253056,0.9833333333333334
2.5751193485727224e-05,0.07845641672611237,0.9875008325008324,0.985746151996152,0.9856976617829356,0.985
3.07289759575724e-05,0.07751694321632385,0.9885997335997335,0.9875980038480039,0.987293438555183,0.9866666666666667
2.1311640978183277e-05,0.07855593413114548,0.9885997335997335,0.9875980038480039,0.987293438555183,0.9866666666666667
2.3324291078097303e-05,0.0784565657377243,0.9885997335997335,0.9875980038480039,0.987293438555183,0.9866666666666667
3.781576947403664e-05,0.07715146243572235,0.9885997335997335,0.9875980038480039,0.987293438555183,0.9866666666666667
2.1015604488638928e-05,0.07804996520280838,0.9875008325008324,0.985746151996152,0.9856976617829356,0.985
2.0208557392228006e-05,0.07941000163555145,0.9856489806489805,0.9838943001443,0.9836143284496024,0.9833333333333334
2.8282205259226128e-05,0.0799449235200882,0.9885997335997335,0.9875980038480039,0.987293438555183,0.9866666666666667
3.279864745309169e-05,0.07828883826732635,0.9875008325008324,0.985746151996152,0.9856976617829356,0.985
2.369205157037868e-05,0.07715054601430893,0.9871955821955821,0.9860828523328523,0.9859352221607347,0.985
2.6480555239534926e-05,0.07896656543016434,0.9885997335997335,0.9875980038480039,0.987293438555183,0.9866666666666667
2.8467376883630397e-05,0.07966412603855133,0.9885997335997335,0.9875980038480039,0.987293438555183,0.9866666666666667
4.079580370823047e-05,0.07636509090662003,0.9867478817478816,0.985746151996152,0.9853326542414576,0.985
1.9994775584564195e-05,0.07915402203798294,0.9856489806489805,0.9838943001443,0.9836143284496024,0.9833333333333334
1.50825579036488e-05,0.0813673585653305,0.9867478817478816,0.985746151996152,0.9853326542414576,0.985
1.418908442474276e-05,0.07840245962142944,0.9871955821955821,0.9860828523328523,0.9859352221607347,0.985
2.580940707730406e-05,0.0842965766787529,0.9867478817478816,0.985746151996152,0.9853326542414576,0.985
2.2074182860857643e-05,0.08323934674263,0.9867478817478816,0.985746151996152,0.9853326542414576,0.985
2.9221375768884172e-05,0.08052254468202591,0.9867478817478816,0.985746151996152,0.9853326542414576,0.985
1.8972754636100337e-05,0.08122330158948898,0.9867478817478816,0.985746151996152,0.9853326542414576,0.985
1.9207199424423987e-05,0.08276750892400742,0.9867478817478816,0.985746151996152,0.9853326542414576,0.985
1.4220476183860834e-05,0.08029602468013763,0.9885997335997335,0.9875980038480039,0.987293438555183,0.9866666666666667
1.936415858002268e-05,0.08257470279932022,0.9867478817478816,0.985746151996152,0.9853326542414576,0.985
7.885138071136073e-05,0.08453875780105591,0.9869330669330668,0.9860828523328523,0.9856225947790761,0.985
2.880553409075522e-05,0.08969243615865707,0.9857967032967032,0.9845677008177008,0.9841146582711396,0.9833333333333333
4.72070773488061e-05,0.09014002978801727,0.9874633699633698,0.9860828523328524,0.9857855020472465,0.9849999999999999
5.1787893653454375e-05,0.08643805980682373,0.985544178044178,0.9842310004810004,0.9837950159214461,0.9833333333333334
1.422345652220732e-05,0.08622859418392181,0.985544178044178,0.9842310004810004,0.9837950159214461,0.9833333333333334
2.804994583508839e-05,0.08454743027687073,0.9869330669330668,0.9860828523328523,0.9856225947790761,0.985
2.5509794738809433e-05,0.08769875764846802,0.985544178044178,0.9842310004810004,0.9837950159214461,0.9833333333333334
2.4005969502619944e-05,0.08440671861171722,0.9841400266400266,0.982715848965849,0.9824367995269978,0.9816666666666668
1.5796025707004446e-05,0.09013634920120239,0.9836923261923262,0.9823791486291485,0.9818342316077207,0.9816666666666668
1.1610587516012552e-05,0.08837035298347473,0.9836923261923262,0.9823791486291485,0.9818342316077207,0.9816666666666668
2.443075195894077e-05,0.08727755397558212,0.9869078144078145,0.985897667147667,0.985461682588113,0.985
1.8583337644410374e-05,0.08756213635206223,0.985544178044178,0.9842310004810004,0.9837950159214461,0.9833333333333334
1.3731519260318237e-05,0.08743983507156372,0.9836923261923262,0.9823791486291485,0.9818342316077207,0.9816666666666668
2.3465354729523824e-05,0.08820758759975433,0.9853589928589929,0.9838943001443002,0.9835050753838276,0.9833333333333334
1.1079708684746947e-05,0.08949360251426697,0.9853589928589929,0.9838943001443002,0.9835050753838276,0.9833333333333334
1.4544328128825631e-05,0.08506478369235992,0.9858066933066932,0.9842310004810004,0.9841076433031047,0.9833333333333334
1.064936310513076e-05,0.08802010864019394,0.9872108447108446,0.985746151996152,0.9854658596975531,0.985
1.0329087425967979e-05,0.08659341186285019,0.9836923261923262,0.9823791486291485,0.9818342316077207,0.9816666666666668
1.0595321687863665e-05,0.08651604503393173,0.9853589928589929,0.9838943001443002,0.9835050753838276,0.9833333333333334
1.4205376307548553e-05,0.08992540091276169,0.9853589928589929,0.9838943001443002,0.9835050753838276,0.9833333333333334
9.397864279965992e-06,0.08526371419429779,0.985544178044178,0.9842310004810004,0.9837950159214461,0.9833333333333334
1.1942187929510814e-05,0.08512946218252182,0.9869078144078145,0.985897667147667,0.985461682588113,0.985
1.3747215253564113e-05,0.08693402260541916,0.9869078144078145,0.985897667147667,0.985461682588113,0.985
9.809136419865657e-06,0.0847238302230835,0.985544178044178,0.9842310004810004,0.9837950159214461,0.9833333333333334
1.5980402489882788e-05,0.08795234560966492,0.9867478817478816,0.985746151996152,0.9853326542414576,0.985
1.048723860700799e-05,0.08969669789075851,0.9842226292226292,0.9823791486291488,0.981997138875891,0.9816666666666666
2.2661090232152976e-05,0.09112364053726196,0.9842226292226292,0.9823791486291488,0.981997138875891,0.9816666666666666
1.1864503164815687e-05,0.08402257412672043,0.9874633699633698,0.9860828523328524,0.9857855020472465,0.9849999999999999
1.3267397818594873e-05,0.08318418264389038,0.9885744810744811,0.9874128186628187,0.9871325263642198,0.9866666666666667
1.1985302099522718e-05,0.08281834423542023,0.9867226292226293,0.9855609668109668,0.9851717420504943,0.985
1.3128320110430044e-05,0.08460037410259247,0.9867226292226293,0.9855609668109668,0.9851717420504943,0.985
9.023745846548081e-06,0.08573170006275177,0.9853589928589929,0.9838943001443002,0.9835050753838276,0.9833333333333334
1.0415315642831047e-05,0.08450783789157867,0.9858066933066932,0.9842310004810004,0.9841076433031047,0.9833333333333334
7.70906603027773e-06,0.08277449011802673,0.9871703296703297,0.985897667147667,0.9857743099697714,0.985
8.627573682436681e-06,0.08446681499481201,0.9867226292226293,0.9855609668109668,0.9851717420504943,0.985
1.159389813665257e-05,0.08674546331167221,0.9867226292226293,0.9855609668109668,0.9851717420504943,0.985
1.288235180633516e-05,0.08411519974470139,0.9867226292226293,0.9855609668109668,0.9851717420504943,0.985
1.7713507048711108e-05,0.08340001106262207,0.9853589928589929,0.9838943001443002,0.9835050753838276,0.9833333333333334
1.4550884354018004e-05,0.08856172859668732,0.9853589928589929,0.9838943001443002,0.9835050753838276,0.9833333333333334
1.7450054542678117e-05,0.084238201379776,0.9853437303437302,0.9842310004810004,0.9839744378470092,0.9833333333333334
7.4791908749223994e-06,0.08461631834506989,0.9871703296703297,0.985897667147667,0.9857743099697714,0.985
9.998281835047843e-06,0.08436404913663864,0.9853589928589929,0.9838943001443002,0.9835050753838276,0.9833333333333334
6.748437868964174e-06,0.0858941599726677,0.9867226292226293,0.9855609668109668,0.9851717420504943,0.985
1.1610587312323636e-05,0.08606388419866562,0.9867478817478816,0.985746151996152,0.9853326542414576,0.985
1.0025898670088887e-05,0.08567743748426437,0.9871703296703297,0.985897667147667,0.9857743099697714,0.985
2.4361411637604153e-05,0.08304698765277863,0.9858066933066932,0.9842310004810004,0.9841076433031047,0.9833333333333334
1.6676783592591466e-05,0.08611251413822174,0.9867226292226293,0.9855609668109668,0.9851717420504943,0.985
6.23385115735194e-06,0.08478705585002899,0.9867226292226293,0.9855609668109668,0.9851717420504943,0.985
7.34845806012648e-06,0.08269739151000977,0.9872108447108446,0.985746151996152,0.9854658596975531,0.985
4.620949421034008e-06,0.08274316787719727,0.9867226292226293,0.9855609668109668,0.9851717420504943,0.985
6.96639219673519e-06,0.08398520201444626,0.9867226292226293,0.9855609668109668,0.9851717420504943,0.985
6.14881514593435e-06,0.08245242387056351,0.9885744810744811,0.9874128186628187,0.9871325263642198,0.9866666666666667
6.261666622246291e-06,0.08412357419729233,0.9867226292226293,0.9855609668109668,0.9851717420504943,0.985
7.998744692372384e-06,0.08372509479522705,0.9885744810744811,0.9874128186628187,0.9871325263642198,0.9866666666666667
6.11861555436614e-06,0.08330723643302917,0.9885744810744811,0.9874128186628187,0.9871325263642198,0.9866666666666667
9.88145675743605e-06,0.0870928168296814,0.9867478817478816,0.985746151996152,0.9853326542414576,0.985
5.649725608236622e-06,0.08753453195095062,0.9867226292226293,0.9855609668109668,0.9851717420504943,0.985
6.048679333995703e-06,0.08579465001821518,0.9871703296703297,0.985897667147667,0.9857743099697714,0.985
5.923112216995226e-06,0.08431041240692139,0.9885744810744811,0.9874128186628187,0.9871325263642198,0.9866666666666667
5.804300414524732e-06,0.087285116314888,0.9867226292226293,0.9855609668109668,0.9851717420504943,0.985
5.239645645360724e-06,0.0870421752333641,0.9867226292226293,0.9855609668109668,0.9851717420504943,0.985
7.182359614906393e-06,0.08264704048633575,0.9867226292226293,0.9855609668109668,0.9851717420504943,0.985
4.642009699296068e-06,0.08531375229358673,0.9867226292226293,0.9855609668109668,0.9851717420504943,0.985
2.7689337400715885e-05,0.07751548290252686,0.9870004070004069,0.9855609668109668,0.9854936162870945,0.985
5.4260094974741456e-05,0.09346793591976166,0.9799084249084249,0.9790001202501203,0.9782458574144647,0.9783333333333334
0.007161486842591103,2.2306671142578125,0.8752399975226064,0.7474514401720285,0.7335249360842058,0.7516666666666666
0.6450369550924128,13.471620559692383,0.39935552981911054,0.3400129064834947,0.27160185782289853,0.33666666666666667
0.46730519520739716,2.158480167388916,0.7335648969872451,0.6230215318450613,0.5876182546203377,0.6183333333333333
0.22049547887096801,1.0478558540344238,0.8311489677433728,0.7673104401045578,0.7613952418518721,0.7683333333333334
0.14465499250218272,0.6886174082756042,0.8719441632928476,0.8245917073122957,0.808569322843686,0.8216666666666667
0.09441092284396291,0.5840502977371216,0.8998149754728703,0.8651456277926867,0.8600129819425938,0.8633333333333333
0.07495764285946886,0.37875792384147644,0.9146537721537721,0.8998463899934488,0.8997814169311272,0.8983333333333334
0.03131486376514658,0.26947683095932007,0.9469183050065402,0.9348742161977457,0.9336985063516883,0.9316666666666666
0.010453414096749233,0.1312871277332306,0.9559713288660657,0.9506968494468495,0.9514453679556302,0.9533333333333333
0.007955637677999524,0.15419185161590576,0.9582719132719134,0.95374037999038,0.9535418129132611,0.9533333333333333
0.017644421651008695,0.1822400987148285,0.9537604987604987,0.9532315369815368,0.9515331516724674,0.9533333333333333
0.00657151786799659,0.16662979125976562,0.9469338994338994,0.9446521234756529,0.942364294644333,0.9433333333333332
0.007272322811331833,0.16871701180934906,0.9564687018634387,0.9570864021599316,0.9549391289132028,0.9550000000000001
0.007205723123964465,0.14062368869781494,0.9623476060976062,0.9574639249639249,0.9576278550369164,0.9583333333333334
0.014084851364411103,0.6768144965171814,0.9292854136604136,0.9082407407407406,0.9034753308274825,0.9116666666666666
0.02446239777903732,0.3284934163093567,0.9298518611018611,0.9255766619001914,0.9202340093350659,0.9233333333333332
0.025115090563000802,0.5136982798576355,0.8986495857084092,0.8728624153624153,0.870701719317699,0.875
0.021603570310010884,0.22065697610378265,0.9463477494727495,0.9405054667554668,0.9394151484185683,0.9383333333333335
0.00846537435427308,0.1439618468284607,0.955606708106708,0.9553715728715728,0.9538148935011118,0.9533333333333335
0.004455035474165925,0.14612911641597748,0.9677734302734303,0.9686213323713323,0.9669936696721032,0.9666666666666667
0.0012054933152588394,0.1514778733253479,0.9660015447515448,0.9662602212602213,0.9649716531360203,0.965
0.0010593900266637017,0.13438454270362854,0.969723470973471,0.9708445720945721,0.9695550555304449,0.9699999999999999
0.0005003631079792589,0.1302410513162613,0.9709034946534948,0.9715390165390166,0.9703465454333852,0.9699999999999999
0.0006192751857270196,0.1255033165216446,0.9683594183594183,0.9692242017242018,0.9681377394020639,0.9683333333333333
0.0006814102418199278,0.13164135813713074,0.9673735523735524,0.9671729196729197,0.9662132811118992,0.9666666666666667
0.0003248500812939407,0.13098210096359253,0.9722809597809597,0.9720214045214045,0.9712133909378604,0.9716666666666666
0.00556277774588428,0.1525956094264984,0.9632298488548487,0.9636928811928812,0.9620450250393247,0.9616666666666666
0.001758182476805814,0.14566487073898315,0.973454230954231,0.97250962000962,0.9719294806467486,0.9716666666666667
0.005470208224930199,0.21630257368087769,0.9579609143579733,0.9548513061013061,0.9546609616843441,0.955
0.013224756936324411,0.42187756299972534,0.9412563716240188,0.9255173856644445,0.9230066817097505,0.9216666666666667
0.005384581173833188,0.20380717515945435,0.9440030571280572,0.9396462796462797,0.9379694794525286,0.9383333333333334
0.0012638111966225551,0.18678414821624756,0.962029637029637,0.959640452140452,0.9588083250509426,0.9583333333333334
0.0010354119543383906,0.17163100838661194,0.9604820642320643,0.9603016428016428,0.9589057133844311,0.9583333333333331
0.0004250653599531991,0.1694324016571045,0.9603844303844303,0.9589580327080327,0.9582242531562298,0.9583333333333334
0.0003077355013374472,0.176954448223114,0.9631037018537018,0.9624765512265512,0.9616694451331554,0.9616666666666668
0.0010510247893762426,0.16022437810897827,0.9585335960335962,0.9578274965774966,0.9569957808106264,0.9566666666666667
0.0002840131486057847,0.1631334125995636,0.9646914196914197,0.9646198246198247,0.9636369529070191,0.9633333333333334
0.00012363771475065732,0.15916186571121216,0.9646914196914197,0.9646198246198247,0.9636369529070191,0.9633333333333334
0.00021108507833863163,0.15742707252502441,0.9638622951122953,0.9622587135087134,0.9620394656950945,0.9616666666666666
0.0001393405596369727,0.1576569378376007,0.965049163799164,0.9636476023976024,0.9634385249374032,0.9633333333333334
0.0001363251599286741,0.15980026125907898,0.965049163799164,0.9636476023976024,0.9634385249374032,0.9633333333333334
0.00010585963802138092,0.15792524814605713,0.9667747530247531,0.9657309357309357,0.9653227766618083,0.965
0.00010618785972837941,0.16208240389823914,0.9643938006438008,0.9643420468420468,0.9633160876985977,0.9633333333333334
0.00011473397413889568,0.16335639357566833,0.9627734302734304,0.9626753801753801,0.9614666724939194,0.9616666666666668
0.00033537486713915615,0.1613975614309311,0.9626682114182116,0.9622587135087134,0.9614318359741926,0.9616666666666668
0.000577862078898761,0.16248515248298645,0.9678860491360491,0.9669077681577681,0.9663205488647114,0.9666666666666667
0.00023624757856547754,0.15905818343162537,0.9684482184482185,0.9662596200096201,0.9659919432884277,0.9666666666666667
0.00017315427112407633,0.15184050798416138,0.961371498871499,0.9605331242831242,0.9599614208830342,0.96
9.130338833074347e-05,0.1538836658000946,0.9642885817885819,0.964236827986828,0.9633306530328561,0.9633333333333334
0.000208372071976252,0.15879197418689728,0.9615693103193105,0.9607183094683095,0.9598854610559303,0.9600000000000001
8.679171533761594e-05,0.15400803089141846,0.9598226773226773,0.9588664576164576,0.9580746357156933,0.9583333333333334
0.00011728505334455501,0.1531970500946045,0.9609215784215784,0.9607183094683095,0.9596704124879407,0.96
7.290383109648246e-05,0.1516929566860199,0.9646252821252821,0.9640516428016429,0.9635081317861863,0.9633333333333334
8.423666201906599e-05,0.152042418718338,0.9614430476930478,0.9605331242831242,0.9599240509203716,0.9600000000000001
6.32836417935323e-05,0.15331566333770752,0.9646252821252821,0.9640516428016429,0.9635081317861863,0.9633333333333334
6.41971831025027e-05,0.14921152591705322,0.9646252821252821,0.9640516428016429,0.9635081317861863,0.9633333333333334
2.9284556887887447e-05,0.15173359215259552,0.9646252821252821,0.9640516428016429,0.9635081317861863,0.9633333333333334
5.713740866516067e-05,0.15436796844005585,0.9646252821252821,0.9640516428016429,0.9635081317861863,0.9633333333333334
0.00012003143645718713,0.1558537781238556,0.9614430476930478,0.9605331242831242,0.9599240509203716,0.9600000000000001
0.00011246562174468029,0.14869040250778198,0.9663719151219152,0.9659034946534947,0.9653189571264233,0.965
0.0001414078493174505,0.15109387040138245,0.9646252821252821,0.9640516428016429,0.9635081317861863,0.9633333333333334
4.3323040093431096e-05,0.15548864006996155,0.9646252821252821,0.9640516428016429,0.9635081317861863,0.9633333333333334
5.616128400257973e-05,0.15336519479751587,0.9652902652902654,0.9646198246198244,0.9639053325498562,0.9633333333333333
0.00012062072778462607,0.1627374291419983,0.9614897602397603,0.9611944999444998,0.9602763942923228,0.96
7.238924346590163e-05,0.1548202931880951,0.9601976726976726,0.9594941632441633,0.9586493617674575,0.9583333333333334
5.205710778000139e-05,0.1614309549331665,0.9619232619232619,0.9615774965774965,0.9605336134918626,0.96
5.251248724865339e-05,0.16381441056728363,0.9634384134384136,0.9627679727679727,0.9619445482361307,0.9616666666666666
6.110568830308694e-05,0.1610562950372696,0.9644990194990196,0.9642831242831242,0.9634315991968659,0.9633333333333334
4.964371517720186e-05,0.15676137804985046,0.9629838679838681,0.9630926480926479,0.9620206644525978,0.9616666666666666
5.8561364085107925e-05,0.15922360122203827,0.9649483386983387,0.9634818422318423,0.9630699579411496,0.9633333333333334
2.495487547093944e-05,0.16169893741607666,0.9649483386983387,0.9634818422318423,0.9630699579411496,0.9633333333333334
3.178914370967808e-05,0.1601710468530655,0.9656133218633219,0.964050024050024,0.9634671587048196,0.9633333333333333
2.138694121830061e-05,0.16093991696834564,0.9649483386983387,0.9634818422318423,0.9630699579411496,0.9633333333333334
3.962218802181875e-05,0.15800917148590088,0.9649483386983387,0.9634818422318423,0.9630699579411496,0.9633333333333334
2.5025010283267573e-05,0.16160918772220612,0.9666739279239279,0.9655651755651756,0.9649542096655548,0.965
5.795339882297412e-05,0.15621720254421234,0.9649483386983387,0.9634818422318423,0.9630699579411496,0.9633333333333334
3.4371018386991636e-05,0.15686629712581635,0.9666739279239279,0.9655651755651756,0.9649542096655548,0.965
4.411677576854345e-05,0.15773093700408936,0.9649483386983387,0.9634818422318423,0.9630699579411496,0.9633333333333334
5.124429854201177e-05,0.1557656228542328,0.9666949716949716,0.9653336940836942,0.9648807832813868,0.965
1.884659137848151e-05,0.15799613296985626,0.9666949716949716,0.9653336940836942,0.9648807832813868,0.965
2.0222664166643273e-05,0.16058282554149628,0.9666949716949716,0.9653336940836942,0.9648807832813868,0.965
7.008473253714935e-05,0.16242045164108276,0.9643506956006956,0.9619666907166907,0.9616345468722077,0.9616666666666666
2.2552609635795307e-05,0.16597281396389008,0.9643506956006956,0.9619666907166907,0.9616345468722077,0.9616666666666666
3.3828218818143796e-05,0.16239869594573975,0.9654323454323454,0.963250360750361,0.963048171448775,0.9633333333333334
3.884156564026853e-05,0.17073965072631836,0.9622673622673622,0.9608555796055795,0.9599487231174185,0.96
7.760524844494891e-05,0.17013470828533173,0.9663708976208977,0.9648707311207311,0.9645372433043159,0.965
2.8025309423658957e-05,0.16565778851509094,0.9681175306175307,0.966722582972583,0.9663480686445531,0.9666666666666667
3.222763504595605e-05,0.16618673503398895,0.9663708976208977,0.9648707311207311,0.9645372433043159,0.965
4.898051381966676e-05,0.16363927721977234,0.9663708976208977,0.9648707311207311,0.9645372433043159,0.965
2.1072228624537576e-05,0.16230520606040955,0.9681175306175307,0.966722582972583,0.9663480686445531,0.9666666666666667
3.3373038168823164e-05,0.161617711186409,0.9681175306175307,0.966722582972583,0.9663480686445531,0.9666666666666667
2.4662614085476282e-05,0.16922321915626526,0.9663708976208977,0.9648707311207311,0.9645372433043159,0.965
2.4171272675251505e-05,0.17171351611614227,0.9645190457690459,0.9634818422318422,0.9627663373134611,0.9633333333333334
2.1206339160547334e-05,0.17177818715572357,0.9680964868464869,0.9669540644540645,0.9664214950287211,0.9666666666666667
2.1681586768333243e-05,0.17004328966140747,0.9663708976208977,0.9648707311207311,0.9645372433043159,0.965
3.1360785499146004e-05,0.16328683495521545,0.9663708976208977,0.9648707311207311,0.9645372433043159,0.965
2.8944809912445635e-05,0.17127785086631775,0.9663708976208977,0.9648707311207311,0.9645372433043159,0.965
1.6876260445997104e-05,0.16707202792167664,0.9663708976208977,0.9648707311207311,0.9645372433043159,0.965
3.162384040441187e-05,0.16437755525112152,0.9652719965219966,0.9630188792688793,0.9628189175124607,0.9633333333333333
1.9343098074386944e-05,0.17025771737098694,0.9652719965219966,0.9630188792688793,0.9628189175124607,0.9633333333333333
1.671234791918626e-05,0.16808873414993286,0.9680964868464869,0.9669540644540645,0.9664214950287211,0.9666666666666667
4.006743398576873e-05,0.16666828095912933,0.9663708976208977,0.9648707311207311,0.9645372433043159,0.965
1.542230441013241e-05,0.16922222077846527,0.9680964868464869,0.9669540644540645,0.9664214950287211,0.9666666666666667
2.5417208197116754e-05,0.16853231191635132,0.9663708976208977,0.9648707311207311,0.9645372433043159,0.965
1.770893723573863e-05,0.16763310134410858,0.9680964868464869,0.9669540644540645,0.9664214950287211,0.9666666666666667
1.7810066462213097e-05,0.16948390007019043,0.9680964868464869,0.9669540644540645,0.9664214950287211,0.9666666666666667
1.2830495724832266e-05,0.1648157685995102,0.9663708976208977,0.9648707311207311,0.9645372433043159,0.965
2.504587176114607e-05,0.16656047105789185,0.9663708976208977,0.9648707311207311,0.9645372433043159,0.965
8.38677091981784e-06,0.16416478157043457,0.9680964868464869,0.9669540644540645,0.9664214950287211,0.9666666666666667
1.3077656329111656e-05,0.1654238998889923,0.9663708976208977,0.9648707311207311,0.9645372433043159,0.965
1.649578406196876e-05,0.1652352213859558,0.9680964868464869,0.9669540644540645,0.9664214950287211,0.9666666666666667
1.5125870722461817e-05,0.16826510429382324,0.9669975857475858,0.9651022126022125,0.9647031692368659,0.965
1.3287663477967726e-05,0.16968762874603271,0.9669975857475858,0.9651022126022125,0.9647031692368659,0.965
1.744965717875857e-05,0.16514092683792114,0.9663708976208977,0.9648707311207311,0.9645372433043159,0.965
1.8548369515277347e-05,0.17084722220897675,0.9680964868464869,0.9669540644540645,0.9664214950287211,0.9666666666666667
1.2379686173365675e-05,0.17125003039836884,0.9652719965219966,0.9630188792688793,0.9628189175124607,0.9633333333333333
1.0976791315897572e-05,0.17103439569473267,0.9680964868464869,0.9669540644540645,0.9664214950287211,0.9666666666666667
1.3660987226179108e-05,0.17031395435333252,0.9680964868464869,0.9669540644540645,0.9664214950287211,0.9666666666666667
1.5536944109347434e-05,0.16762112081050873,0.9680964868464869,0.9669540644540645,0.9664214950287211,0.9666666666666667
9.254415886061906e-06,0.17133526504039764,0.9680964868464869,0.9669540644540645,0.9664214950287211,0.9666666666666667
1.8089016303216947e-05,0.17132852971553802,0.9663708976208977,0.9648707311207311,0.9645372433043159,0.965
1.4640291700137217e-05,0.17274469137191772,0.9680964868464869,0.9669540644540645,0.9664214950287211,0.9666666666666667
9.240706878207069e-06,0.16934172809123993,0.9680964868464869,0.9669540644540645,0.9664214950287211,0.9666666666666667
1.3295412126505349e-05,0.16949978470802307,0.9680964868464869,0.9669540644540645,0.9664214950287211,0.9666666666666667
2.5829077164492748e-05,0.16831748187541962,0.9680964868464869,0.9669540644540645,0.9664214950287211,0.9666666666666667
1.1446873420103051e-05,0.16867654025554657,0.9680964868464869,0.9669540644540645,0.9664214950287211,0.9666666666666667
7.243355147087034e-06,0.16566133499145508,0.9663708976208977,0.9648707311207311,0.9645372433043159,0.965
1.0304252384685242e-05,0.16688573360443115,0.9652719965219966,0.9630188792688793,0.9628189175124607,0.9633333333333333
1.2381076885503717e-05,0.1710137128829956,0.9680964868464869,0.9669540644540645,0.9664214950287211,0.9666666666666667
1.1780261933343658e-05,0.16474983096122742,0.9663708976208977,0.9648707311207311,0.9645372433043159,0.965
7.623235357338369e-06,0.1712588518857956,0.9680964868464869,0.9669540644540645,0.9664214950287211,0.9666666666666667
9.013811753296371e-06,0.1731433868408203,0.9680964868464869,0.9669540644540645,0.9664214950287211,0.9666666666666667
1.3536810646049465e-05,0.17118176817893982,0.9680964868464869,0.9669540644540645,0.9664214950287211,0.9666666666666667
2.1981398513541233e-05,0.16647620499134064,0.9680964868464869,0.9669540644540645,0.9664214950287211,0.9666666666666667
1.725097506740288e-05,0.17038288712501526,0.9680964868464869,0.9669540644540645,0.9664214950287211,0.9666666666666667
7.873773550196953e-06,0.1680254191160202,0.9680964868464869,0.9669540644540645,0.9664214950287211,0.9666666666666667
8.214116173614153e-06,0.16930267214775085,0.9680964868464869,0.9669540644540645,0.9664214950287211,0.9666666666666667
1.4186302810988613e-05,0.16988444328308105,0.9680964868464869,0.9669540644540645,0.9664214950287211,0.9666666666666667
7.96278311554488e-06,0.1671648919582367,0.9680964868464869,0.9669540644540645,0.9664214950287211,0.9666666666666667
8.595983189252365e-06,0.17019771039485931,0.9680964868464869,0.9669540644540645,0.9664214950287211,0.9666666666666667
1.1913776338208967e-05,0.1715162992477417,0.9680964868464869,0.9669540644540645,0.9664214950287211,0.9666666666666667
2.5169849052986137e-05,0.16413640975952148,0.9652719965219966,0.9630188792688793,0.9628189175124607,0.9633333333333333
1.3175209142938607e-05,0.1657501757144928,0.9680964868464869,0.9669540644540645,0.9664214950287211,0.9666666666666667
1.1625488355093694e-05,0.16225801408290863,0.9663708976208977,0.9648707311207311,0.9645372433043159,0.965
9.345610881913066e-06,0.16705569624900818,0.9669975857475858,0.9651022126022125,0.9647031692368659,0.965
1.1695225978769486e-05,0.16130174696445465,0.9652719965219966,0.9630188792688793,0.9628189175124607,0.9633333333333333
9.490450300593997e-06,0.16518321633338928,0.9680964868464869,0.9669540644540645,0.9664214950287211,0.9666666666666667
5.135138844517921e-06,0.16355270147323608,0.9663708976208977,0.9648707311207311,0.9645372433043159,0.965
9.883841021481507e-06,0.16409152746200562,0.9680964868464869,0.9669540644540645,0.9664214950287211,0.9666666666666667
8.1429879278024e-06,0.16772453486919403,0.9680964868464869,0.9669540644540645,0.9664214950287211,0.9666666666666667
7.330576565323099e-06,0.16698667407035828,0.9680964868464869,0.9669540644540645,0.9664214950287211,0.9666666666666667
5.196332935497594e-06,0.16962939500808716,0.9680964868464869,0.9669540644540645,0.9664214950287211,0.9666666666666667
7.995764396658464e-06,0.16905507445335388,0.9680964868464869,0.9669540644540645,0.9664214950287211,0.9666666666666667
7.930994020928969e-06,0.16817733645439148,0.9680964868464869,0.9669540644540645,0.9664214950287211,0.9666666666666667
7.320245103414891e-06,0.1689402163028717,0.9680964868464869,0.9669540644540645,0.9664214950287211,0.9666666666666667
4.195372265295798e-06,0.1695183962583542,0.9680964868464869,0.9669540644540645,0.9664214950287211,0.9666666666666667
1.1320511561052626e-05,0.16663587093353271,0.9669975857475858,0.9651022126022125,0.9647031692368659,0.965
7.41263231418543e-06,0.164362370967865,0.9652719965219966,0.9630188792688793,0.9628189175124607,0.9633333333333333
1.0248819916588067e-05,0.16979488730430603,0.9669975857475858,0.9651022126022125,0.9647031692368659,0.965
7.1827569930367945e-06,0.1684177815914154,0.9680964868464869,0.9669540644540645,0.9664214950287211,0.9666666666666667
7.140636427038771e-06,0.16632157564163208,0.9680964868464869,0.9669540644540645,0.9664214950287211,0.9666666666666667
5.6650041895996615e-05,0.1782621592283249,0.9634125596625598,0.9609034946534947,0.9606488008324235,0.9616666666666666
0.01801551414983275,9.794538497924805,0.5188818681656188,0.4251254763754764,0.36967101020364135,0.425
0.5872867796570063,2.411900520324707,0.5422803294245124,0.5065076127576128,0.4625522837791822,0.505
0.3267141757532954,1.200477957725525,0.7934889247176399,0.7571802761508644,0.7283371583718911,0.7533333333333333
0.17100180111204585,0.4073498249053955,0.9097822547822547,0.9053126503126502,0.8959738218736596,0.9016666666666667
0.05088169993056605,0.3116891384124756,0.9305278749028748,0.923546486193545,0.9210104950570918,0.9233333333333333
0.018676038443421323,0.23244115710258484,0.9444870407370408,0.9418262456497751,0.9395074936249821,0.9383333333333334
0.0169813692967485,0.40848633646965027,0.9347764735264735,0.9332011207746501,0.9263567371333434,0.9283333333333333
0.013517268739330271,0.2818181812763214,0.9369783919783922,0.9348585211085211,0.9323536541588994,0.9333333333333332
0.005560239207018943,0.23754893243312836,0.9424317665765035,0.939851491101491,0.9386126346566289,0.94
0.003354084943566704,0.17589107155799866,0.9512644762644763,0.9531715969215969,0.9499637411941206,0.9516666666666667
0.0014516660618634585,0.18563447892665863,0.9548876123876124,0.9545935545935545,0.952037686397882,0.9533333333333333
0.0015806361022138542,0.21009795367717743,0.956063011063011,0.9567610630110631,0.9534392665167429,0.9533333333333335
0.0115235917079796,0.7532884478569031,0.9106650855451163,0.8950018663253957,0.883099782933788,0.8933333333333332
0.012620096650304427,0.2707638442516327,0.9513400025900026,0.9533121045621046,0.9491535405656836,0.9499999999999998
0.008887020116768932,0.22542208433151245,0.955400432900433,0.9547605172605172,0.9529178261528495,0.9516666666666667
0.009851859175493397,0.20599232614040375,0.9570804195804196,0.9548645336145336,0.9530250293249335,0.9516666666666667
0.015662300225812942,0.42520856857299805,0.914489051253757,0.8974806375541671,0.8960505173827488,0.8966666666666668
0.011634612630587071,0.2481645792722702,0.949449763199763,0.944256748153807,0.9427520764589709,0.9433333333333334
0.004098517805080822,0.30425477027893066,0.9484795555751439,0.9400683575683576,0.9393707562065995,0.9383333333333334
0.0024588675599564644,0.18599829077720642,0.9604229104229104,0.9608092833092834,0.9592156615430577,0.96
0.003895704650252204,0.18330484628677368,0.958262432012432,0.9563586413586415,0.9552325122229087,0.955
0.0017051067792029546,0.18899153172969818,0.9677052577052577,0.9655531505531506,0.9648898161907988,0.965
0.0013314117183350997,0.2070314884185791,0.9644727494727495,0.9633690546925839,0.9622973433558736,0.9616666666666666
0.0006782332056900486,0.176292285323143,0.9619492544492544,0.9613320176555472,0.9598578421351323,0.9600000000000001
0.0016153536965551514,0.1782214343547821,0.965332954082954,0.9641305916305917,0.963060337820084,0.9633333333333334
0.00024769147330516716,0.17476841807365417,0.965795917045917,0.9645472582972584,0.9634086350337064,0.9633333333333334
0.0003754367395837714,0.1717126965522766,0.9670922133422134,0.9659361471861471,0.9648656993794501,0.965
0.00019405603393352067,0.17596900463104248,0.9677602027602027,0.9662728475228475,0.9653446808955835,0.965
0.00044811368479713565,0.181909441947937,0.9578177840677841,0.9590638528138529,0.9562766142411997,0.9566666666666667
0.001517016356122743,0.20393970608711243,0.9650688200688201,0.9625707625707626,0.9618470725944639,0.9616666666666666
0.00035955408535907435,0.1850658357143402,0.9677015114515114,0.9671673234173235,0.9661964623536488,0.965
0.000323555270521562,0.17017364501953125,0.9652484089984091,0.9638003200503201,0.9628817206320445,0.9616666666666666
0.00011370539777999511,0.1698247641324997,0.9677209364709364,0.9669342231842233,0.9659352790924656,0.965
0.0003091271714765753,0.17433622479438782,0.9639726939726939,0.961643217893218,0.9611261283875864,0.96
0.00029547432977021043,0.17101258039474487,0.971420153920154,0.9712812650312651,0.9701491402974427,0.9700000000000001
0.00036651214516799274,0.173196941614151,0.9618980093980095,0.960359795433325,0.9595295837560595,0.96
0.00029634704480940854,0.1706489771604538,0.9656480093980094,0.964673520923521,0.9636215222326728,0.9633333333333333
0.00011347552185725363,0.17173364758491516,0.9691959891959891,0.9701238576238577,0.9684092588376124,0.9683333333333333
9.483635403739754e-05,0.1699346899986267,0.9650989288489288,0.9649981962481963,0.9635326479678216,0.9633333333333334
0.00010892212452517924,0.17382583022117615,0.9665949790949792,0.9667568542568543,0.9652088238199744,0.9649999999999999
6.224016389448177e-05,0.17119166254997253,0.966706672956673,0.9666185666185666,0.9653026209640699,0.965
0.00012318829624291538,0.17259466648101807,0.965064565064565,0.964673520923521,0.963395120883083,0.9633333333333333
0.00010731697235163058,0.16901418566703796,0.9689823139823139,0.969997594997595,0.9684151443275132,0.9683333333333333
7.54668318450058e-05,0.17468306422233582,0.9648852536352536,0.9648719336219337,0.9635385334577226,0.9633333333333334
0.00011187592925428665,0.17016738653182983,0.9660452047952047,0.9660624098124099,0.9648037738533977,0.965
7.703602345069764e-05,0.1709645390510559,0.9662550412550411,0.9665253727753728,0.9649487052798046,0.965
4.0896932470483684e-05,0.16934770345687866,0.9654534354534353,0.9648719336219337,0.9638559937751828,0.9633333333333334
5.014499023066795e-05,0.1703929901123047,0.9672204184704185,0.9679142616642618,0.9664484172179898,0.9666666666666667
4.6973030123353965e-05,0.16806834936141968,0.9666286491286491,0.9667237854737856,0.9655006371397751,0.965
0.00010931094262408199,0.1706084907054901,0.9662550412550411,0.9665253727753728,0.9649487052798046,0.965
7.59055218774544e-05,0.17386667430400848,0.9663072113072113,0.9667237854737855,0.9651757331040866,0.965
5.150357848530499e-05,0.1683330535888672,0.9674671624671625,0.9679142616642616,0.9664409734997617,0.9666666666666667
9.577413194961082e-05,0.16944967210292816,0.9676961001961003,0.9685756373256372,0.9668807629421088,0.9666666666666667
3.214339411291197e-05,0.168402761220932,0.9654534354534355,0.9648719336219336,0.9637865848521933,0.9633333333333334
4.151066120054262e-05,0.1664867401123047,0.967755624005624,0.9682389369889369,0.9667475322619224,0.9666666666666667
4.204392425322112e-05,0.16519172489643097,0.9706115643615644,0.9700907888407887,0.969260001637137,0.9683333333333333
4.005889108308717e-05,0.16934752464294434,0.9695504958004958,0.9695809283309282,0.9684292775933289,0.9683333333333333
4.463454011253513e-05,0.1737758368253708,0.9656671106671108,0.9650571188071188,0.9639501705000298,0.9633333333333334
7.235268761481468e-05,0.170574352145195,0.967755624005624,0.9682389369889369,0.9667475322619224,0.9666666666666667
3.3910075652935724e-05,0.1635340303182602,0.9702900340400341,0.9697661135161134,0.9689518641436448,0.9683333333333333
5.982299586548834e-05,0.16935674846172333,0.9668423243423244,0.9667237854737855,0.9654916146902154,0.965
3.54035694082692e-05,0.1683121770620346,0.9697218522218521,0.9697661135161134,0.9686344038261844,0.9683333333333333
6.996194514385934e-05,0.1693020761013031,0.9674671624671625,0.9679142616642616,0.9664409734997617,0.9666666666666667
2.8933484960210382e-05,0.17623013257980347,0.9674340936840937,0.9679142616642616,0.9664393947684302,0.9666666666666667
3.740449778888433e-05,0.17283891141414642,0.9688560513560515,0.9697661135161134,0.9681460033377839,0.9683333333333333
3.571033461942837e-05,0.1739351600408554,0.9688560513560515,0.9697661135161134,0.9681460033377839,0.9683333333333333
3.108302734252296e-05,0.1730334609746933,0.9707079032079032,0.9716179653679654,0.9702293366711173,0.9700000000000001
2.7473370532031065e-05,0.17299506068229675,0.9697218522218521,0.9697661135161134,0.9686344038261844,0.9683333333333333
2.916872506375512e-05,0.1716105341911316,0.9688560513560515,0.9697661135161134,0.9681460033377839,0.9683333333333333
8.463720254781038e-05,0.17002278566360474,0.9671399433899435,0.9667237854737855,0.9656625548611556,0.965
3.62666448931274e-05,0.17386993765830994,0.9662741425241426,0.9667237854737855,0.9651741543727551,0.965
3.785093561721927e-05,0.1805155873298645,0.965098928848929,0.9650571188071188,0.9636327101825696,0.9633333333333334
2.728621133959071e-05,0.17078688740730286,0.97002812002812,0.9696145983645983,0.9686663375251662,0.9683333333333333
1.9604961191059072e-05,0.17674677073955536,0.9690096015096016,0.9680994468494469,0.9674712631313099,0.9666666666666667
3.266851128576794e-05,0.17668084800243378,0.9671246808746808,0.9662475949975949,0.9653863510666452,0.965
3.3586423114684294e-05,0.18021059036254883,0.9662588800088802,0.9662475949975949,0.9648979505782447,0.965
