training_loss,validation_loss,precision,recall,f1,accuracy
1.5844634150465329,0.9696828722953796,0.8568572726293314,0.8516319192789782,0.8413569438285865,0.8483333333333333
0.7240070675810178,0.5687859058380127,0.8961807636807636,0.8919673545408839,0.8872282928503018,0.8916666666666666
0.4598594692846139,0.4115874767303467,0.9180127742627743,0.915407647907648,0.9123655851814374,0.915
0.34405249170958996,0.3405199944972992,0.928142598142598,0.9259505772005773,0.9236008005028015,0.9249999999999999
0.2834464181214571,0.29522132873535156,0.9368535168535169,0.9366660654160653,0.93414821209073,0.935
0.24127603322267532,0.26361021399497986,0.937307831057831,0.9366732804232805,0.9352193463845099,0.9366666666666666
0.21095934386054674,0.24172566831111908,0.94374666999667,0.942308201058201,0.9412475562201252,0.9416666666666668
0.18732739053666592,0.2260860800743103,0.9484436396936397,0.9479569504569505,0.9469816604565224,0.9466666666666667
0.1739040007814765,0.20874863862991333,0.9535982998482999,0.9521236171236173,0.9516236369179182,0.9516666666666665
0.1571818276618918,0.20253682136535645,0.9435696248196249,0.9431679894179895,0.9416956721568716,0.9416666666666668
0.15226588305085897,0.19529259204864502,0.9485321622821624,0.9476924001924004,0.9467672891077453,0.9466666666666667
0.13482942711561918,0.18147972226142883,0.9520879583379583,0.9503649591149591,0.9497543196572004,0.9499999999999998
0.12891912398238978,0.17829833924770355,0.9501429126429127,0.9498220298220299,0.9484741290265252,0.9483333333333333
0.11916179799785216,0.1725013107061386,0.9517729030229031,0.9509331409331411,0.9501773487837899,0.9499999999999998
0.10819048279275496,0.16875210404396057,0.9534488659488659,0.9519252044252045,0.9514136874938126,0.9516666666666667
0.10480762335161369,0.1665656417608261,0.9545156232656233,0.953591871091871,0.952701620134451,0.9533333333333333
0.1003462104126811,0.15899279713630676,0.9505744255744256,0.9493458393458395,0.9484408513879843,0.9483333333333333
0.10265854746103287,0.1555093377828598,0.9544943482443483,0.9522029822029823,0.9518122400724368,0.9516666666666667
0.08847201926012833,0.15444916486740112,0.9546753246753248,0.954042809042809,0.9530711907253725,0.9533333333333333
0.08617159786323707,0.14808864891529083,0.9589538239538239,0.9566221741221742,0.9565819062069777,0.9566666666666667
0.08418985782191157,0.14735907316207886,0.9549512987012987,0.9542412217412218,0.9531761548701918,0.9533333333333331
0.07937075678880016,0.14586623013019562,0.9552759740259741,0.9537650312650313,0.9531841877729615,0.9533333333333331
0.0767742342626055,0.1427420824766159,0.9598183298183298,0.9585792448292448,0.957932160938095,0.9583333333333334
0.07556874072179198,0.13981159031391144,0.9627577515077514,0.9604443241943241,0.9603967567329281,0.9600000000000001
0.07093162182718515,0.13747945427894592,0.9596927609427609,0.9592285954785956,0.9582956781589393,0.9583333333333334
0.06774048926308751,0.13564100861549377,0.9614393939393938,0.9606968494468494,0.9600373705395692,0.96
0.06534643129756053,0.1419764906167984,0.9562386918636919,0.9541149591149591,0.9534639217010622,0.9533333333333331
0.0623889435082674,0.13152262568473816,0.9629545454545454,0.9618873256373256,0.9614483052838373,0.9616666666666666
0.060907811081657805,0.13546279072761536,0.9585768398268396,0.9576665464165465,0.9569532180410721,0.9566666666666667
0.05783818972607454,0.13285981118679047,0.9603193103193103,0.9591816979316978,0.9586142955925004,0.9583333333333334
0.05782936420291662,0.12970858812332153,0.9646163096163095,0.9634024771524773,0.9630970360090813,0.9633333333333333
0.053546436596661806,0.13161659240722656,0.9652962315462313,0.9636008898508899,0.9634026587601205,0.9633333333333334
0.04969508030141393,0.12947571277618408,0.9649579124579123,0.9636008898508899,0.9634132441536982,0.9633333333333334
0.05356957010614375,0.13167649507522583,0.9666222203722205,0.964803391053391,0.9647992531856219,0.965
0.050479174902041755,0.13304045796394348,0.9647703685203686,0.9634145021645021,0.9630942233475998,0.9633333333333333
0.048358281375840306,0.1296796202659607,0.9636295648795646,0.9620857383357383,0.9617318149840136,0.9616666666666668
0.04763140327607592,0.12566664814949036,0.9665270840270841,0.9644666907166907,0.9646575181020486,0.9649999999999999
0.04808086839814981,0.1275678277015686,0.9689157601657601,0.9665049302549301,0.9666855793064681,0.9666666666666667
0.04724368064974745,0.12873993813991547,0.9628213453213452,0.961761063011063,0.9612823117868324,0.9616666666666666
0.04639437662747999,0.12327224016189575,0.9663888888888889,0.9649176286676285,0.9646970397682697,0.965
0.042382176887864866,0.12355925887823105,0.9662829762829762,0.9649176286676288,0.9647678797851881,0.9649999999999999
0.04192918515764177,0.12957197427749634,0.9669601925851925,0.9638443963443963,0.9640144737287645,0.9633333333333334
0.04500310472212732,0.1255606710910797,0.9664450826950826,0.9647913660413661,0.9646566716317805,0.965
0.04050050947504739,0.12390197813510895,0.969767131017131,0.9674037999038,0.9674231728256721,0.9683333333333333
0.04088873090222478,0.12982897460460663,0.9606906981906982,0.9581625781625781,0.958116526954381,0.9583333333333334
0.039705668188010655,0.12160011380910873,0.9670639083139081,0.9651160413660413,0.964980549468446,0.965
0.03836945227036873,0.12048527598381042,0.9670639083139081,0.9651160413660413,0.964980549468446,0.965
0.037291464706261955,0.11953958123922348,0.9696016483516483,0.9674969937469937,0.9676592904805204,0.9683333333333333
0.037167556739101805,0.11984183639287949,0.9668055555555556,0.9654858104858105,0.9650005968636224,0.965
0.03585388185456395,0.11883608996868134,0.9679349816849817,0.9659818422318422,0.9659884467044134,0.9666666666666667
0.03453373955562711,0.12248389422893524,0.9636077811077811,0.961761063011063,0.9615749204127743,0.9616666666666666
0.032728747076665364,0.12335114181041718,0.9700701613201613,0.9681703944203943,0.9681224475351321,0.9683333333333334
0.034607784201701484,0.1248822808265686,0.96749666999667,0.9653595478595478,0.9652642294697303,0.965
0.03331628468974183,0.11985199898481369,0.9680864968364967,0.9663065175565175,0.9662483557362522,0.9666666666666667
0.031822009632984795,0.12310372292995453,0.9675429662929663,0.9652332852332853,0.9652543511222563,0.9649999999999999
0.029552640082935493,0.12094377726316452,0.9716849816849816,0.969580327080327,0.9696336913519801,0.9699999999999999
0.02818505446581791,0.12247253954410553,0.9682183094683094,0.9667815055315055,0.96641741769711,0.9666666666666668
0.028035323213165004,0.11909820884466171,0.9716853979353979,0.9700102212602212,0.9698999460619913,0.9699999999999999
0.02827525957642744,0.11949247121810913,0.9701038313538314,0.9676022126022126,0.9677172679194261,0.9683333333333333
0.027637387936313946,0.12126252055168152,0.9725050875050876,0.9694540644540645,0.9699718781564926,0.9699999999999999
0.027603030437603593,0.12202823162078857,0.9682519795019794,0.9662133237133238,0.966012238081404,0.9666666666666667
0.02850641667221983,0.12120479345321655,0.9665148277648278,0.9633814333814333,0.9634310491518955,0.9633333333333333
0.02865628999037047,0.11767183244228363,0.9750524013024013,0.9725895863395863,0.9730159106442814,0.9733333333333332
0.02683037333190441,0.11857578158378601,0.9725050875050876,0.9694540644540645,0.9699718781564926,0.9699999999999999
0.026379705717166264,0.1190282329916954,0.9703149165649166,0.9680651755651755,0.9682774337120481,0.9683333333333333
0.028871607889110844,0.12141042202711105,0.9674714174714175,0.9653595478595478,0.9651850697980953,0.965
0.024948454888847966,0.12099656462669373,0.9718958356458356,0.9698839586339586,0.9700132917955416,0.9699999999999999
0.024393314961344004,0.12305822968482971,0.9661101398601399,0.9624885762385763,0.9626117333073361,0.9633333333333334
0.02455837543432911,0.11731237173080444,0.971836913086913,0.969117364117364,0.9692515658522075,0.9699999999999999
0.028758342727087438,0.12346353381872177,0.9664740814740814,0.9641690716690716,0.9639964232019241,0.9633333333333334
0.02720444672740996,0.12296490371227264,0.9683259333259332,0.9655579605579606,0.9657014530399465,0.965
0.02644657778243224,0.11837854236364365,0.9693485218485218,0.9667484367484368,0.9669692593077527,0.9666666666666667
0.022584940190427005,0.11671236157417297,0.9699383486883487,0.9676954064454063,0.9679533855742745,0.9683333333333333
0.023161774966865778,0.11828388273715973,0.9687654475154476,0.9662133237133236,0.9662304893788719,0.9666666666666665
0.02437050741476317,0.11604132503271103,0.9701038313538314,0.9676022126022126,0.9677172679194261,0.9683333333333333
0.022135284457666177,0.11953914165496826,0.9677337014837014,0.9646981721981721,0.9648636463453623,0.9649999999999999
0.020797692976581555,0.11823906004428864,0.9690122377622378,0.9669799182299181,0.9669414189240096,0.9666666666666667
0.02046699639565001,0.1200055480003357,0.9708636733636734,0.967938912938913,0.9683801940520208,0.9683333333333333
0.020770786989790697,0.11898905038833618,0.970989935989936,0.9682635882635883,0.9685609434122244,0.9683333333333333
0.02125610321915398,0.1183243840932846,0.9746972009472009,0.9725895863395863,0.9728702162956885,0.9733333333333333
0.020184923739482958,0.12187375873327255,0.9665336052836052,0.9629846079846079,0.9632380616079588,0.9633333333333333
0.020102475575792294,0.11891941726207733,0.970989935989936,0.9682635882635883,0.9685609434122244,0.9683333333333333
0.019348932546563447,0.11826121807098389,0.970838837088837,0.9682172919672919,0.9685714661998371,0.9683333333333333
0.019576799240894616,0.1182614117860794,0.9725055037555038,0.9698839586339586,0.9702381328665037,0.9699999999999999
0.01898932585027069,0.12018327414989471,0.9693232693232693,0.9667484367484368,0.9668900996361175,0.9666666666666667
0.01971257695307334,0.11722035706043243,0.9733520646020645,0.9720935545935546,0.9718882501555585,0.9716666666666667
0.018631973342659574,0.12042674422264099,0.9693485218485218,0.9667484367484368,0.9669692593077527,0.9666666666666667
0.018401956864787888,0.1205640435218811,0.9719836182336183,0.9699170274170273,0.9699715575525913,0.9699999999999999
0.01637390147273739,0.11826270818710327,0.9731088818588818,0.9712006974506974,0.9713682669779496,0.9716666666666667
0.0171852931768323,0.11809274554252625,0.9712570300070299,0.9698118085618086,0.9696632371399275,0.9700000000000001
0.017257883679121733,0.12038364261388779,0.9725050875050876,0.9694540644540645,0.9699718781564926,0.9699999999999999
0.017499513846511643,0.11977391690015793,0.9684304121804121,0.9671061808561809,0.9667271529681455,0.9666666666666667
0.016099371462284278,0.12096384167671204,0.9692757705257705,0.9669799182299182,0.9671444994442931,0.9666666666666667
0.016235779388807714,0.11686088889837265,0.9689186276686277,0.9669799182299182,0.9667696932489412,0.9666666666666667
0.016439741069916636,0.1239134669303894,0.9664428626928627,0.9631830206830206,0.9633973272132512,0.9633333333333334
0.015746887734470267,0.12166240811347961,0.9704357216857217,0.9681703944203944,0.9684097398399683,0.9683333333333334
0.015357670936888704,0.12031638622283936,0.9700701613201613,0.9675300625300625,0.9675280783895897,0.9683333333333333
0.023496823812214036,0.1305161565542221,0.9674491711991714,0.9627531265031265,0.9628184519778228,0.9633333333333334
0.01696996154108395,0.12519219517707825,0.9655066692566693,0.9610996873496873,0.961472841747661,0.9616666666666666
0.016169501022280503,0.12103342264890671,0.9663865763865763,0.9651280663780663,0.9646197316370401,0.965
0.015105200097120056,0.1244894489645958,0.9689066026566026,0.9661802549302548,0.9665865425407647,0.9666666666666667
0.014507637145773819,0.1239120364189148,0.9704357216857217,0.9681703944203944,0.9684097398399683,0.9683333333333334
0.013090408542969575,0.12379910796880722,0.9701107226107227,0.9677074314574314,0.968110502414682,0.9683333333333333
0.014874823003386458,0.12480839341878891,0.9709171846671847,0.9684950697450697,0.9687361835487649,0.9683333333333333
0.014587265904992819,0.12239342927932739,0.9707909220409222,0.9681703944203944,0.9685554341885613,0.9683333333333333
0.014532862638588995,0.13016274571418762,0.9671038914788915,0.9629052429052428,0.963576824217579,0.9633333333333333
0.015475789279056093,0.1215229481458664,0.9725055037555038,0.9698839586339586,0.9702381328665037,0.9699999999999999
0.014110748326250663,0.121324323117733,0.9724323361823363,0.9696855459355459,0.970147118293033,0.9699999999999999
0.014115154995427778,0.1253783404827118,0.9687654475154476,0.9662133237133236,0.9662304893788719,0.9666666666666665
0.01615622309812655,0.12460409849882126,0.9717521367521368,0.9692225829725829,0.9697021865191537,0.9699999999999999
0.013935230400723716,0.1206139549612999,0.9657247844747845,0.9626737614237614,0.9629974772850328,0.9633333333333334
0.013701952722234031,0.12303375452756882,0.9701290838790838,0.968296657046657,0.9682898043329237,0.9683333333333334
0.012659149147414913,0.12190048396587372,0.9714674677174676,0.9696855459355459,0.9697765828734779,0.9700000000000001
0.012593042997953793,0.1212206482887268,0.9700990213490215,0.9679719817219817,0.9681156447462141,0.9683333333333334
0.011982490638426194,0.12102711200714111,0.9693232693232693,0.9667484367484368,0.9668900996361175,0.9666666666666667
0.012489621294662356,0.12630370259284973,0.9680066692566692,0.9645719095719095,0.9649521014912229,0.9649999999999999
0.01337617552295948,0.12127785384654999,0.9707909220409222,0.9681703944203944,0.9685554341885613,0.9683333333333333
0.016208937178210665,0.12095652520656586,0.9719508732008734,0.9693608706108706,0.9698206745842364,0.9700000000000001
0.013780435644245395,0.12311198562383652,0.967239935989936,0.9646651034151034,0.9649156987646578,0.965
0.012683054238247374,0.11992603540420532,0.9701638176638178,0.9678336940836941,0.968200237201415,0.9683333333333333
0.012460515950806439,0.1286952644586563,0.9655066692566693,0.9610996873496873,0.961472841747661,0.9616666666666666
0.012279298757979026,0.12163679301738739,0.9719508732008734,0.9693608706108706,0.9698206745842364,0.9700000000000001
0.01233941368991509,0.12675440311431885,0.9725569338069339,0.9691293891293892,0.969440557625172,0.9699999999999999
0.010825445662097385,0.12293224036693573,0.9707656695156697,0.9681703944203944,0.9684762745169261,0.9683333333333333
0.012694722507148981,0.12842944264411926,0.9692757705257705,0.9669799182299182,0.9671444994442931,0.9666666666666667
0.011197501657685885,0.12725043296813965,0.9719508732008734,0.9693608706108706,0.9698206745842364,0.9700000000000001
0.010128068757088235,0.12614630162715912,0.9729826192326193,0.9708760221260221,0.971187517617746,0.9716666666666667
0.010288754478096962,0.12606379389762878,0.9692757705257705,0.9669799182299182,0.9671444994442931,0.9666666666666667
0.010431292214586088,0.1279805600643158,0.9704357216857217,0.9681703944203944,0.9684097398399683,0.9683333333333334
0.011776812423098212,0.12256180495023727,0.9717974155474156,0.9696855459355459,0.9698431175504357,0.9699999999999999
0.010008099129966771,0.12550196051597595,0.9704357216857217,0.9681703944203944,0.9684097398399683,0.9683333333333334
0.010083833932488536,0.12617896497249603,0.9729010341510342,0.9708760221260221,0.971064710600202,0.9716666666666667
0.009307821116332585,0.1258879452943802,0.9708640896140897,0.9683688071188071,0.968646448762032,0.9683333333333333
0.010973978613037616,0.12463490664958954,0.9687218337218338,0.9661922799422799,0.9663688531858204,0.9666666666666667
0.009636679237398008,0.12936361134052277,0.9704357216857217,0.9681703944203944,0.9684097398399683,0.9683333333333334
0.008418682011930892,0.12674768269062042,0.9707909220409222,0.9681703944203944,0.9685554341885613,0.9683333333333333
0.009035091565844292,0.12548552453517914,0.9719508732008734,0.9693608706108706,0.9698206745842364,0.9700000000000001
0.008790241641690955,0.1277226209640503,0.9707909220409222,0.9681703944203944,0.9685554341885613,0.9683333333333333
0.011259006152007109,0.13117937743663788,0.9692757705257705,0.9669799182299182,0.9671444994442931,0.9666666666666667
0.010733546533932289,0.12563994526863098,0.9694020331520332,0.9666552429052429,0.9668137849596997,0.9666666666666667
0.011253246639777595,0.13213154673576355,0.9694039756539756,0.9665037277537278,0.9669988851169539,0.9666666666666667
0.012097830243874341,0.12886419892311096,0.9704357216857217,0.9681703944203944,0.9684097398399683,0.9683333333333334
0.009314521526296934,0.12855283915996552,0.9729826192326193,0.9708760221260221,0.971187517617746,0.9716666666666667
0.008764376883239796,0.1260949820280075,0.9690468327968328,0.9666552429052429,0.9666680906111068,0.9666666666666667
0.008413289140056198,0.1305898278951645,0.9704357216857217,0.9681703944203944,0.9684097398399683,0.9683333333333334
0.0110100291397733,0.13245469331741333,0.9694467106967108,0.9641420153920154,0.9644758627682259,0.965
0.01019149172740678,0.13230597972869873,0.9739205701705703,0.9712127224627225,0.9714998725792238,0.9716666666666667
0.009191298867032552,0.12993933260440826,0.9678868816368816,0.9654647667147667,0.9654028502154316,0.965
0.008444577048067003,0.12987054884433746,0.9702842065342066,0.967694203944204,0.9681540079175698,0.9683333333333333
0.007427347688159595,0.12838368117809296,0.967380166130166,0.9649885762385764,0.9651370654002459,0.965
0.007899201261655739,0.13050687313079834,0.9718692881192882,0.9693608706108706,0.9696978675666924,0.9700000000000001
0.008198701650447523,0.13127458095550537,0.9695282957782957,0.9668284030784031,0.9671343528851494,0.9666666666666667
0.008485385633927459,0.1271020472049713,0.9719508732008734,0.9693608706108706,0.9698206745842364,0.9700000000000001
0.007021263261170437,0.1299879103899002,0.9690468327968328,0.9665037277537278,0.9668079091763527,0.9666666666666667
0.007921535890394201,0.13040697574615479,0.9702842065342066,0.967694203944204,0.9681540079175698,0.9683333333333333
0.01021269079258976,0.12920702993869781,0.9719508732008734,0.9693608706108706,0.9698206745842364,0.9700000000000001
0.009105915067872653,0.1284245252609253,0.9719508732008734,0.9693608706108706,0.9698206745842364,0.9700000000000001
0.007298456757174184,0.12827950716018677,0.9704357216857217,0.9681703944203944,0.9684097398399683,0.9683333333333334
0.007761660371519004,0.13069862127304077,0.9719508732008734,0.9693608706108706,0.9698206745842364,0.9700000000000001
0.006776610001300772,0.1304895579814911,0.9692757705257705,0.9669799182299182,0.9671444994442931,0.9666666666666667
0.007794105777672182,0.12815020978450775,0.9691242553742554,0.966655242905243,0.9668845904124543,0.9666666666666667
0.008194564084988087,0.1255382001399994,0.9689205701705702,0.9663305675805676,0.966487341250903,0.9666666666666667
0.006181408272823319,0.126894012093544,0.9719508732008734,0.9693608706108706,0.9698206745842364,0.9700000000000001
0.007142937208603446,0.12853388488292694,0.968769055019055,0.966655242905243,0.9667388960638613,0.9666666666666667
0.007646482534861813,0.13147205114364624,0.9700990213490215,0.9679719817219817,0.9681156447462141,0.9683333333333334
0.008441187538361797,0.1350346803665161,0.9678868816368816,0.9653132515632517,0.9655426687806776,0.965
0.007229951549864684,0.12884443998336792,0.9689205701705702,0.9663305675805676,0.966487341250903,0.9666666666666667
0.007851632864912972,0.13337893784046173,0.9662202149702148,0.9637981000481002,0.9638718250045707,0.9633333333333334
0.0066937504549666,0.12914134562015533,0.9702842065342066,0.967694203944204,0.9681540079175698,0.9683333333333333
0.006878906502000366,0.13448487222194672,0.9719508732008734,0.9693608706108706,0.9698206745842364,0.9700000000000001
0.0062888835673220456,0.13136893510818481,0.9700990213490215,0.9679719817219817,0.9681156447462141,0.9683333333333334
0.007341614546021447,0.13141277432441711,0.9719508732008734,0.9693608706108706,0.9698206745842364,0.9700000000000001
0.007670956809306517,0.12776421010494232,0.967760619010619,0.9651400913900914,0.9652221008552279,0.965
0.0062944869277998805,0.1325199007987976,0.9719508732008734,0.9693608706108706,0.9698206745842364,0.9700000000000001
0.006297576231493925,0.12899348139762878,0.9718692881192882,0.9693608706108706,0.9696978675666924,0.9700000000000001
0.0062918538848559065,0.13130377233028412,0.9704357216857217,0.9681703944203944,0.9684097398399683,0.9683333333333334
0.00663985528323489,0.12857073545455933,0.967760619010619,0.9651400913900914,0.9652221008552279,0.965
0.00769061047079352,0.13240091502666473,0.9664979927479926,0.9637981000481001,0.9638010195518162,0.9633333333333334
0.007254802306609538,0.1329251378774643,0.9707909220409222,0.9681703944203944,0.9685554341885613,0.9683333333333333
0.005962340170905615,0.1313948631286621,0.9719508732008734,0.9693608706108706,0.9698206745842364,0.9700000000000001
0.005241621799844627,0.1303578019142151,0.9689205701705702,0.9663305675805676,0.966487341250903,0.9666666666666667
0.0060029615997336805,0.1370665729045868,0.9690468327968328,0.9665037277537278,0.9668079091763527,0.9666666666666667
0.00503118138294667,0.13085800409317017,0.9719508732008734,0.9693608706108706,0.9698206745842364,0.9700000000000001
0.005969654759004091,0.13419124484062195,0.9710165297665297,0.9683555796055797,0.9684871071713402,0.9683333333333333
0.007419834136574839,0.13275618851184845,0.9719508732008734,0.9693608706108706,0.9698206745842364,0.9700000000000001
0.00696699254331179,0.13259528577327728,0.9662454674954675,0.9639496151996152,0.9638111661109597,0.9633333333333334
0.005986961012240499,0.13164883852005005,0.9691242553742554,0.966655242905243,0.9668845904124543,0.9666666666666667
0.005208765088658159,0.13908904790878296,0.9724054186554186,0.9700222462722463,0.9700889378349556,0.9700000000000001
0.00661428533688498,0.13498322665691376,0.9704357216857217,0.9681703944203944,0.9684097398399683,0.9683333333333334
0.00517493726996084,0.1331336796283722,0.9704357216857217,0.9681703944203944,0.9684097398399683,0.9683333333333334
0.004740681295515969,0.1323535442352295,0.9738389850889851,0.9712127224627225,0.9713770655616799,0.9716666666666667
0.005347564399320011,0.13342083990573883,0.967380166130166,0.9649885762385764,0.9651370654002459,0.965
0.007219939512045433,0.12880970537662506,0.9689205701705702,0.9663305675805676,0.966487341250903,0.9666666666666667
0.005293290349072777,0.13124114274978638,0.9739205701705703,0.9712127224627225,0.9714998725792238,0.9716666666666667
0.004633408204729979,0.13365885615348816,0.9719508732008734,0.9693608706108706,0.9698206745842364,0.9700000000000001
0.005364564674285551,0.13238167762756348,0.9719508732008734,0.9693608706108706,0.9698206745842364,0.9700000000000001
0.005696928691274176,0.13132412731647491,0.9690468327968328,0.9665037277537278,0.9668079091763527,0.9666666666666667
0.006630201358348131,0.1368742436170578,0.9696798109298109,0.9665037277537278,0.9669432515580719,0.9666666666666667
0.005814680601664198,0.1347377896308899,0.9660165297665296,0.9634734247234248,0.9634745758430193,0.9633333333333334
0.005646865126133586,0.14338955283164978,0.9710165297665297,0.9683555796055797,0.9684871071713402,0.9683333333333333
0.005370639657485299,0.13351958990097046,0.968769055019055,0.966655242905243,0.9667388960638613,0.9666666666666667
0.0050519045908004045,0.1308940201997757,0.9719508732008734,0.9693608706108706,0.9698206745842364,0.9700000000000001
0.0049633955883715926,0.1347854882478714,0.9690468327968328,0.9665037277537278,0.9668079091763527,0.9666666666666667
0.0046747745557998615,0.1359303742647171,0.967380166130166,0.9649885762385764,0.9651370654002459,0.965
0.006472297279591051,0.13634276390075684,0.9719508732008734,0.9693608706108706,0.9698206745842364,0.9700000000000001
0.0059274058585288,0.1313723623752594,0.9718440355940356,0.9693608706108706,0.9696187078950573,0.9700000000000001
0.0050141944860418635,0.13809806108474731,0.9658708883708883,0.9634613997113998,0.963506276050551,0.9633333333333334
0.005325674389799436,0.13740620017051697,0.9678868816368816,0.9653132515632517,0.9655426687806776,0.965
0.0046196103891513,0.1304370015859604,0.9718692881192882,0.9693608706108706,0.9696978675666924,0.9700000000000001
0.004968138828796024,0.13450239598751068,0.9691242553742554,0.966655242905243,0.9668845904124543,0.9666666666666667
0.004552310075572071,0.1375383585691452,0.9693246105746106,0.9665037277537278,0.9667975572094791,0.9666666666666667
0.005144303422033166,0.1353389024734497,0.9671335146335148,0.964803391053391,0.9648669038680818,0.965
0.004934593108676684,0.13556210696697235,0.9690468327968328,0.9666552429052429,0.9666680906111068,0.9666666666666667
0.006934806738475648,0.1567755937576294,0.9700079318829319,0.9653252765752764,0.9654439251249275,0.965
0.005348875594791025,0.14202922582626343,0.9699847837347838,0.9662722462722463,0.9666836041609406,0.9666666666666667
0.00890441149143347,0.14153262972831726,0.9644248344248344,0.9613780663780664,0.9617055548606116,0.9616666666666668
0.004541097165201791,0.13666535913944244,0.968769055019055,0.966655242905243,0.9667388960638613,0.9666666666666667
0.004997470619855449,0.1392976939678192,0.9719044612794613,0.9674627224627225,0.9681982852776364,0.9683333333333333
0.004508512754303713,0.14051370322704315,0.9648565786065785,0.9622829485329486,0.9622093354473442,0.9616666666666668
0.005228359339525923,0.13643646240234375,0.9704803992303992,0.9678457190957191,0.9680166718237118,0.9683333333333333
0.004444034891397071,0.13971814513206482,0.9692993580493581,0.9665037277537278,0.966718397537844,0.9666666666666667
0.003998001401972336,0.14105884730815887,0.9728888241388242,0.9691293891293892,0.9696963695688243,0.9699999999999999
0.004825403591288098,0.13567893207073212,0.9678868816368816,0.9654647667147667,0.9654028502154316,0.965
0.004647505925580238,0.14406561851501465,0.9676579439079438,0.9649885762385764,0.9651267134333722,0.965
0.004838727773555244,0.14356566965579987,0.9693246105746106,0.9665037277537278,0.9667975572094791,0.9666666666666667
0.004733981942990795,0.14262667298316956,0.9656183631183631,0.9636129148629148,0.9634559691238137,0.9633333333333334
0.005207571516317937,0.14194774627685547,0.9707387519887519,0.9685070947570948,0.9684180940588488,0.9683333333333333
0.006490390034741722,0.1408500075340271,0.9695788008288008,0.9673166185666187,0.9671528536631736,0.9666666666666667
0.0048596428872163715,0.13893163204193115,0.968769055019055,0.966655242905243,0.9667388960638613,0.9666666666666667
0.004420569200495568,0.1372458040714264,0.9689186276686277,0.9669799182299182,0.9667696932489412,0.9666666666666667
0.0046848095128855976,0.14122141897678375,0.9727819865319866,0.969407166907167,0.969990229217947,0.9699999999999999
0.004079192624582599,0.14148485660552979,0.9707134994634995,0.9681703944203944,0.9683993878730947,0.9683333333333334
0.0037949712277622893,0.14116129279136658,0.9676831964331963,0.9651737614237614,0.9651495967285665,0.965
0.003808980211033486,0.14127850532531738,0.9739205701705703,0.9712127224627225,0.9714998725792238,0.9716666666666667
0.004503124383821462,0.14158271253108978,0.967380166130166,0.9649885762385764,0.9651370654002459,0.965
0.004525013156429243,0.14236165583133698,0.9707134994634995,0.9681703944203944,0.9683993878730947,0.9683333333333334
0.0039747345726937056,0.14092305302619934,0.972228650978651,0.9693608706108706,0.9698103226173626,0.9700000000000001
0.0044602380658034235,0.14287272095680237,0.9676579439079438,0.9649885762385764,0.9651267134333722,0.965
0.003545450138820646,0.139701247215271,0.9739205701705703,0.9712127224627225,0.9714998725792238,0.9716666666666667
0.004895294934006718,0.14205357432365417,0.9739205701705703,0.9712127224627225,0.9714998725792238,0.9716666666666667
0.003753063196199946,0.13346078991889954,0.9705619843119844,0.967845719095719,0.9680790253553749,0.9683333333333333
0.0038577813441709927,0.13784991204738617,0.972228650978651,0.9693608706108706,0.9698103226173626,0.9700000000000001
0.0045815267658326775,0.14432689547538757,0.9725316812816813,0.9695460557960559,0.9698980419156084,0.9699999999999999
0.004536026298107269,0.1380847692489624,0.9710165297665297,0.9683555796055797,0.9684871071713402,0.9683333333333333
0.00394097402264985,0.14064940810203552,0.9664979927479926,0.9637981000481002,0.9638614730376971,0.9633333333333334
0.00444017922563944,0.13927577435970306,0.9725316812816813,0.9695460557960559,0.9698980419156084,0.9699999999999999
0.003963783587096259,0.13738049566745758,0.9738389850889851,0.9712127224627225,0.9713770655616799,0.9716666666666667
0.0032672500237822533,0.14193172752857208,0.9662943075443075,0.9634734247234248,0.9634642238761457,0.9633333333333334
0.0032536768703721464,0.1436232179403305,0.9725316812816813,0.9695460557960559,0.9698980419156084,0.9699999999999999
0.0032170730749688423,0.13709914684295654,0.9705619843119844,0.967845719095719,0.9680790253553749,0.9683333333333333
0.003059205395402387,0.1407635509967804,0.9676579439079438,0.9649885762385764,0.9651267134333722,0.965
0.00393029617650124,0.14022520184516907,0.9739205701705703,0.9712127224627225,0.9714998725792238,0.9716666666666667
0.003588812527596019,0.14208786189556122,0.9676579439079438,0.9649885762385764,0.9651267134333722,0.965
0.003235210807664165,0.14303277432918549,0.9662943075443075,0.9634734247234248,0.9634642238761457,0.9633333333333334
0.002960919176985044,0.14415493607521057,0.9710165297665297,0.9683555796055797,0.9684871071713402,0.9683333333333333
0.003270476940087974,0.1401457041501999,0.9739205701705703,0.9712127224627225,0.9714998725792238,0.9716666666666667
0.0029980071170333153,0.14041101932525635,0.9693246105746106,0.9665037277537278,0.9667975572094791,0.9666666666666667
0.003585993021260947,0.1448776125907898,0.9710165297665297,0.9683555796055797,0.9684871071713402,0.9683333333333333
0.0034197634183025607,0.14390400052070618,0.9693246105746106,0.9665037277537278,0.9667975572094791,0.9666666666666667
0.003449833301904922,0.14488092064857483,0.9710165297665297,0.9683555796055797,0.9684871071713402,0.9683333333333333
0.0031891399363909536,0.14239367842674255,0.9708397620897621,0.967694203944204,0.9682084919537471,0.9683333333333333
0.0029116265941411257,0.1430191993713379,0.9710165297665297,0.9683555796055797,0.9684871071713402,0.9683333333333333
0.0031131320356507786,0.13665738701820374,0.9689205701705702,0.9663305675805676,0.966487341250903,0.9666666666666667
0.002526893809166116,0.14328455924987793,0.9739205701705703,0.9712127224627225,0.9714998725792238,0.9716666666666667
0.003564125179157903,0.14050787687301636,0.9702842065342066,0.9678457190957191,0.9681498308081294,0.9683333333333333
0.004553666537200722,0.14249660074710846,0.9728072390572392,0.9695460557960559,0.9699662108386655,0.9699999999999999
0.0038136557923280634,0.14400264620780945,0.9674727587227587,0.9651148388648388,0.9650925273714569,0.965
0.0027041059050437375,0.14498022198677063,0.9710165297665297,0.9683555796055797,0.9684871071713402,0.9683333333333333
0.0026807808438510015,0.13992129266262054,0.9679862267362266,0.9653252765752766,0.9651537738380068,0.965
0.003551478262428039,0.1422918289899826,0.9710165297665297,0.9683555796055797,0.9684871071713402,0.9683333333333333
0.002741313621906253,0.14087694883346558,0.9688953176453176,0.9661790524290526,0.966548000144514,0.9666666666666667
0.0030781589327186034,0.14160676300525665,0.9739205701705703,0.9712127224627225,0.9714998725792238,0.9716666666666667
0.0032821789597316333,0.1438753604888916,0.970381609131609,0.9683555796055797,0.968183106428743,0.9683333333333333
0.0029411651873184987,0.14550980925559998,0.9710165297665297,0.9683555796055797,0.9684871071713402,0.9683333333333333
0.004852862233140816,0.14838117361068726,0.9728072390572392,0.9695460557960559,0.9699662108386655,0.9699999999999999
0.0028853385883849114,0.14514575898647308,0.967380166130166,0.9649885762385764,0.9651370654002459,0.965
0.0027645600591010102,0.14715078473091125,0.9728072390572392,0.9695460557960559,0.9699662108386655,0.9699999999999999
0.0031435678247362375,0.14409324526786804,0.9702842065342066,0.9678457190957191,0.9681498308081294,0.9683333333333333
0.0022739273069115975,0.14388951659202576,0.9705619843119843,0.9678457190957191,0.9681394788412557,0.9683333333333333
0.0024380221051008752,0.14511729776859283,0.9676579439079438,0.9649885762385764,0.9651267134333722,0.965
0.0027653619423896694,0.1437423825263977,0.9691730954230953,0.9661790524290526,0.9665376481776402,0.9666666666666667
0.0023085873278129534,0.1454831212759018,0.9691730954230953,0.9661790524290526,0.9665376481776402,0.9666666666666667
0.0029888201776581504,0.14530691504478455,0.9669045769045769,0.9643272005772007,0.9645907670860222,0.965
0.002839648472824289,0.14688490331172943,0.9676579439079438,0.9649885762385764,0.9651267134333722,0.965
0.0028184063460988304,0.14800700545310974,0.9690915103415102,0.9661790524290526,0.9664148411600962,0.9666666666666667
0.0031251423788489774,0.1483483612537384,0.9725316812816813,0.9695460557960559,0.9698980419156084,0.9699999999999999
0.003260433120885864,0.14971143007278442,0.9721470658970658,0.9693608706108706,0.9696875155998187,0.9700000000000001
0.0031602860278023095,0.1519191861152649,0.9679862267362266,0.9653252765752766,0.9651537738380068,0.965
0.002622928841446992,0.14940768480300903,0.9708397620897621,0.967694203944204,0.9682084919537471,0.9683333333333333
0.003368839005512806,0.14413881301879883,0.9678094590594589,0.964663900913901,0.9648751586204137,0.965
0.001972603960894048,0.14571410417556763,0.9708397620897621,0.967694203944204,0.9682084919537471,0.9683333333333333
0.0022403803583680806,0.14521878957748413,0.9691730954230953,0.9661790524290526,0.9665376481776402,0.9666666666666667
0.002449691957735922,0.14751937985420227,0.9691730954230953,0.9661790524290526,0.9665376481776402,0.9666666666666667
0.0024586599465692416,0.14874717593193054,0.967380166130166,0.9649885762385764,0.9651370654002459,0.965
0.0024030717722780537,0.14601711928844452,0.9722539035039035,0.969697570947571,0.9698290288031169,0.9699999999999999
0.0023712785138438144,0.14940506219863892,0.9714183501683502,0.9674627224627225,0.9679717318876647,0.9683333333333333
0.0026484672004395784,0.15126927196979523,0.9699847837347838,0.9662722462722463,0.9666836041609406,0.9666666666666667
0.00272563331721661,0.15000838041305542,0.9693246105746106,0.9665037277537278,0.9667975572094791,0.9666666666666667
0.0029390820515497276,0.14802855253219604,0.9679862267362266,0.9653252765752766,0.9651537738380068,0.965
0.0026810687874482633,0.1524636447429657,0.9727278739778741,0.9695460557960559,0.9698462778079819,0.9699999999999999
0.00242025692811391,0.14675496518611908,0.9739205701705703,0.9712127224627225,0.9714998725792238,0.9716666666666667
0.0021308998475433327,0.14886321127414703,0.9662943075443075,0.9634734247234248,0.9634642238761457,0.9633333333333334
0.0021434553321644976,0.1477700024843216,0.9739205701705703,0.9712127224627225,0.9714998725792238,0.9716666666666667
0.002405355536514738,0.1476919949054718,0.9679357216857216,0.9649885762385763,0.9650559079806177,0.965
0.0026051257373183034,0.14579324424266815,0.9708902671402672,0.9681824194324194,0.9681665392458904,0.9683333333333333
0.0028216095718865595,0.15227612853050232,0.9739205701705703,0.9712127224627225,0.9714998725792238,0.9716666666666667
0.002448738984336766,0.15089279413223267,0.9676579439079438,0.9649885762385764,0.9651267134333722,0.965
0.0022384313803437785,0.14828944206237793,0.9662943075443075,0.9634734247234248,0.9634642238761457,0.9633333333333334
0.002309261222156541,0.15380239486694336,0.9728072390572392,0.9691293891293892,0.9695735625512804,0.9699999999999999
0.002453099439056435,0.1554715484380722,0.9675763588263587,0.9649885762385764,0.9650039064158283,0.965
0.0021290665160146696,0.15188796818256378,0.9691730954230953,0.9661790524290526,0.9665376481776402,0.9666666666666667
0.001915666377802457,0.15318866074085236,0.9678094590594589,0.964663900913901,0.9648751586204137,0.965
0.0016242253356419194,0.15426002442836761,0.9676579439079438,0.9649885762385764,0.9651267134333722,0.965
0.0019193384129418216,0.15004637837409973,0.9725637325637325,0.9695123857623859,0.970004975917279,0.9700000000000001
0.002101960601673151,0.1582530438899994,0.9703893097643097,0.9662722462722463,0.9667873505333683,0.9666666666666667
0.0025410113424489587,0.1505642831325531,0.9695013782513783,0.9665157527657527,0.966564708582275,0.9666666666666667
0.0022875279173604213,0.15959468483924866,0.9703893097643097,0.9662722462722463,0.9667873505333683,0.9666666666666667
0.0028895683766071065,0.16031862795352936,0.9719044612794613,0.9674627224627225,0.9681982852776364,0.9683333333333333
0.004584544934914447,0.17178219556808472,0.9611483192733191,0.9583477633477634,0.9579724089022627,0.9583333333333331
0.0048503199917225475,0.15462259948253632,0.9662943075443075,0.9634734247234248,0.9634642238761457,0.9633333333333334
0.002512816252419725,0.15405704081058502,0.9678094590594589,0.964663900913901,0.9648751586204137,0.965
0.003425904081571692,0.15162470936775208,0.9662943075443075,0.9634734247234248,0.9634642238761457,0.9633333333333334
0.0026117859367028964,0.148789182305336,0.9719220131720133,0.969697570947571,0.9695333822794002,0.9700000000000001
0.002171777525897293,0.15040405094623566,0.9678094590594589,0.964663900913901,0.9648751586204137,0.965
0.0017672013515645328,0.15052513778209686,0.9704803992303992,0.9678457190957191,0.9680166718237118,0.9683333333333333
0.0021884987897162014,0.15540039539337158,0.9662943075443075,0.9634734247234248,0.9634642238761457,0.9633333333333334
0.0017621419137867633,0.1549573838710785,0.9694197931697932,0.9665157527657527,0.966441901564731,0.9666666666666667
0.001906584104290232,0.15403372049331665,0.9678094590594589,0.964663900913901,0.9648751586204137,0.965
0.001602019645360997,0.15468835830688477,0.9678094590594589,0.964663900913901,0.9648751586204137,0.965
0.0021843312351848,0.15768897533416748,0.9662943075443075,0.9634734247234248,0.9634642238761457,0.9633333333333334
0.0016460546442734387,0.15893995761871338,0.9711153198653198,0.9672775372775373,0.9678840125894191,0.9683333333333333
0.0017169975180877373,0.15293549001216888,0.9691983479483479,0.9663305675805676,0.9664769892840291,0.9666666666666667
0.0018925687812346343,0.15697121620178223,0.9662943075443075,0.9634734247234248,0.9634642238761457,0.9633333333333334
0.0021636888462429247,0.15332534909248352,0.9678094590594589,0.964663900913901,0.9648751586204137,0.965
0.002533016263138658,0.1580323576927185,0.9711153198653197,0.9675553150553151,0.9681754567796048,0.9683333333333333
0.0019396309459504362,0.16251902282238007,0.9681461593961593,0.9651400913900914,0.9653218090154647,0.965
0.0036596225181710906,0.16562940180301666,0.9699031986531986,0.9662722462722463,0.9665607971433966,0.9666666666666667
0.002562281437955486,0.1511075347661972,0.9688412050912051,0.9661790524290526,0.9662420016539235,0.9666666666666667
0.001665765892539639,0.15648573637008667,0.9678094590594589,0.964663900913901,0.9648751586204137,0.965
0.0013132434238893136,0.1606675386428833,0.9708397620897621,0.967694203944204,0.9682084919537471,0.9683333333333333
0.0021795937924859268,0.1532827913761139,0.9721723184223184,0.9702657527657528,0.9699443170236682,0.9699999999999999
0.00140163457399467,0.1615719050168991,0.9662943075443075,0.9634734247234248,0.9634642238761457,0.9633333333333334
0.0034372956482305503,0.16526442766189575,0.9699031986531986,0.9662722462722463,0.9665607971433966,0.9666666666666667
0.002399092096311506,0.15825413167476654,0.972413836163836,0.9695123857623859,0.9699970639805745,0.9700000000000001
0.0018733130151910398,0.15362496674060822,0.9708902671402672,0.9681824194324194,0.9681665392458904,0.9683333333333333
0.002942590810562251,0.1643219292163849,0.9676579439079438,0.9649885762385764,0.9651267134333722,0.965
0.0024366597208427265,0.156249538064003,0.9729924242424243,0.969697570947571,0.9701529522018775,0.9699999999999999
0.0021360990018971884,0.1558782309293747,0.9678094590594589,0.964663900913901,0.9648751586204137,0.965
0.0020470394993026275,0.15924717485904694,0.9691730954230953,0.9661790524290526,0.9665376481776402,0.9666666666666667
0.0026751979979356597,0.1609378606081009,0.9694197931697932,0.9665157527657527,0.966441901564731,0.9666666666666667
0.0017436662625793058,0.15820187330245972,0.9690915103415102,0.9661790524290526,0.9664148411600962,0.9666666666666667
0.0016880345404691373,0.1574767529964447,0.9691730954230953,0.9661790524290526,0.9665376481776402,0.9666666666666667
0.0013266952676834383,0.15382716059684753,0.9718440355940355,0.9699290524290526,0.9699172566190334,0.9699999999999999
0.0023384280684695113,0.1584162414073944,0.9691730954230953,0.9661790524290526,0.9665376481776402,0.9666666666666667
0.0017985694248636719,0.15656735002994537,0.9704803992303992,0.9684139009139009,0.968254767061807,0.9683333333333333
0.0016772749307468378,0.15418308973312378,0.9674500962000963,0.964663900913901,0.9647627035697436,0.965
0.001519208103369844,0.15935221314430237,0.9679862267362266,0.9653252765752766,0.9651537738380068,0.965
0.0015297486194564651,0.16075833141803741,0.9676579439079438,0.9649885762385764,0.9651267134333722,0.965
0.001717422002305587,0.16325309872627258,0.9655409405409404,0.9628120490620491,0.9629282775287957,0.9633333333333334
0.0014218340523560375,0.1588483601808548,0.9690915103415102,0.9661790524290526,0.9664148411600962,0.9666666666666667
0.0011302771733123034,0.15230056643486023,0.9744155844155844,0.9717472342472343,0.9721006562946931,0.9716666666666667
0.0015819803872242726,0.15598326921463013,0.9671470658970659,0.9650805675805677,0.9649966216983986,0.965
0.0016909593796299305,0.1642426997423172,0.9629609742109743,0.9604178691678692,0.9600105413606784,0.96
0.0016415361775822628,0.1556578129529953,0.9725637325637325,0.9700805675805676,0.9702430711553743,0.9699999999999999
0.002166718699299963,0.15824544429779053,0.970758177008177,0.967694203944204,0.9680856849362032,0.9683333333333333
0.0016562956770940218,0.16268077492713928,0.9693246105746106,0.9665037277537278,0.9667975572094791,0.9666666666666667
0.0014152838036049313,0.15796059370040894,0.9691730954230953,0.9661790524290526,0.9665376481776402,0.9666666666666667
0.001917655568831833,0.16383635997772217,0.9655409405409404,0.9628120490620491,0.9629282775287957,0.9633333333333334
0.001955474964537037,0.15709362924098969,0.9660165297665296,0.9634734247234248,0.9634745758430193,0.9633333333333334
0.0016287752235560522,0.15729281306266785,0.97018278018278,0.9685064935064935,0.9680106339981491,0.9683333333333333
0.0015716014483283895,0.16328854858875275,0.9690915103415102,0.9661790524290526,0.9664148411600962,0.9666666666666667
0.002135580505031006,0.17457571625709534,0.9682928645428647,0.9644203944203945,0.9649940541990795,0.965
0.001855838367191609,0.16029827296733856,0.9655409405409404,0.9628120490620491,0.9629282775287957,0.9633333333333334
0.0017764235478049766,0.16495467722415924,0.9695097957597957,0.966655242905243,0.9669842985726911,0.9666666666666667
0.0011094520596088842,0.15738962590694427,0.9678094590594589,0.964663900913901,0.9648751586204137,0.965
0.0015805046665870275,0.16817250847816467,0.9682928645428647,0.9644203944203945,0.9649940541990795,0.965
0.0011767745248410695,0.15867392718791962,0.9678094590594589,0.964663900913901,0.9648751586204137,0.965
0.0012958405253205758,0.1633128821849823,0.964349863099863,0.9618067580567581,0.9618079091763527,0.9616666666666668
0.0024989810032517803,0.15815243124961853,0.9674500962000963,0.964663900913901,0.9647627035697436,0.965
0.004724963775515789,0.17994582653045654,0.9698332685832686,0.9662722462722463,0.9666114540887905,0.9666666666666667
0.0018207849643658847,0.16567614674568176,0.9676579439079438,0.9649885762385764,0.9651267134333722,0.965
0.001133006941624141,0.16114117205142975,0.9676579439079438,0.9649885762385764,0.9651267134333722,0.965
0.0014584973638799663,0.1657176911830902,0.9701447163947164,0.9660870610870611,0.9668516393383983,0.9666666666666667
0.0011634162862416513,0.16293635964393616,0.9676579439079438,0.9649885762385764,0.9651267134333722,0.965
0.001076828631388101,0.16000226140022278,0.9681461593961593,0.9651400913900914,0.9653218090154647,0.965
0.0019020379210511844,0.16710905730724335,0.9701447163947164,0.9660870610870611,0.9668516393383983,0.9666666666666667
0.0011550074529319925,0.16224031150341034,0.9678094590594589,0.964663900913901,0.9648751586204137,0.965
0.0021880795963321966,0.1699683517217636,0.9658776408776407,0.9632882395382395,0.9633749279238467,0.9633333333333334
0.001868521769210929,0.16494980454444885,0.9672396584896584,0.9653583453583453,0.9649479065601693,0.965
0.0021121213115596524,0.16549834609031677,0.9675316812816813,0.964663900913901,0.9648855105872874,0.965
0.0032186309084257423,0.16009895503520966,0.9680531505531506,0.9668398268398267,0.966163400825704,0.9666666666666667
0.002134568464195278,0.19269084930419922,0.964959531209531,0.9613648388648389,0.9615403716836121,0.9616666666666668
0.0018741516323643737,0.16055230796337128,0.9714999352499354,0.9674627224627225,0.9680945389052087,0.9683333333333333
0.0011157802143012911,0.16597920656204224,0.9699847837347838,0.9662722462722463,0.9666836041609406,0.9666666666666667
0.0014941736474914553,0.15950578451156616,0.9655409405409404,0.9628120490620491,0.9629282775287957,0.9633333333333334
0.0011635819925383355,0.15835478901863098,0.9675316812816813,0.964663900913901,0.9648855105872874,0.965
0.001363562346038331,0.15903562307357788,0.9695013782513783,0.9665157527657527,0.966564708582275,0.9666666666666667
0.0015958949164390408,0.16079437732696533,0.9698332685832686,0.965947570947571,0.9664236951291018,0.9666666666666667
0.001088929211012631,0.16190367937088013,0.9695013782513783,0.9665157527657527,0.966564708582275,0.9666666666666667
0.0014035588731834043,0.16694936156272888,0.9666261978761979,0.962905242905243,0.9633232104229726,0.9633333333333334
