training_loss,validation_loss,precision,recall,f1,accuracy
1.7370231052239735,1.0581539869308472,0.837187829227303,0.8299627687127686,0.8146831968914013,0.83
0.7934786602854729,0.5926445722579956,0.8987440337440337,0.8939868927368928,0.8897874747618242,0.8949999999999999
0.4952467617889245,0.4254809319972992,0.9190288877788877,0.9159523809523811,0.9132812471793254,0.9149999999999999
0.36751166606942814,0.34210214018821716,0.9330841612091613,0.9343524531024531,0.931572100289665,0.9316666666666666
0.30209327923754853,0.2966839075088501,0.9413375282125281,0.9402988215488216,0.9389793545161874,0.9383333333333335
0.2650356392065684,0.26404255628585815,0.9407546157546158,0.9415025252525253,0.9395568293424666,0.94
0.22664103594919047,0.24272708594799042,0.9436748436748438,0.9447300384800386,0.9428437497551779,0.9433333333333334
0.20101838869353136,0.22905004024505615,0.9463009213009214,0.9457233044733044,0.9440887321661653,0.945
0.18306882524242005,0.21010874211788177,0.9492833092833094,0.9494270081770081,0.9476098961549559,0.9483333333333333
0.16810457377384105,0.1980086863040924,0.9527896177896178,0.9527603415103415,0.9516127173542369,0.9516666666666665
0.1522357395539681,0.1876465082168579,0.955006845006845,0.9551412938912939,0.9542536191255735,0.955
0.14369805436581373,0.17816565930843353,0.9532664095164095,0.9524825637325637,0.9516090663211743,0.9516666666666665
0.1321994053820769,0.17430952191352844,0.954699975949976,0.9541492303992304,0.9530518827639907,0.9533333333333331
0.12756248532483974,0.16981491446495056,0.9572677322677322,0.9557563732563733,0.9553924862970496,0.955
0.11788065452128649,0.16123361885547638,0.9548851611351612,0.9538714526214526,0.9530902459353462,0.9533333333333331
0.11139870559175809,0.1617056429386139,0.957446534946535,0.9566221741221742,0.9560431793718912,0.9566666666666666
0.10228158083433907,0.15690819919109344,0.9569606782106782,0.9559078884078884,0.9552844683085969,0.9550000000000001
0.10217059977973501,0.15698978304862976,0.9566578791578791,0.9556752044252045,0.9549993331576317,0.9550000000000001
0.09690453950315714,0.14853551983833313,0.9598501498501498,0.9586135161135161,0.9581689851605049,0.9583333333333334
0.09377746563404799,0.1459243893623352,0.9601721889221889,0.9592358104858105,0.9589177793393927,0.96
0.08657118926445644,0.1435297578573227,0.9538604451104451,0.952574555074555,0.9521749851991137,0.9516666666666667
0.08475426041210692,0.14252690970897675,0.9588275613275612,0.9574230399230399,0.9569011788926987,0.9566666666666667
0.08084557096784313,0.13970038294792175,0.9592462629962629,0.9589832852332854,0.9582622788139008,0.9583333333333331
0.07733532662192981,0.1408921778202057,0.9590987253487252,0.9572967772967772,0.9570905082476292,0.9566666666666667
0.07338574218253295,0.13610176742076874,0.9630720668220668,0.9615175565175565,0.9612302726384591,0.9616666666666666
0.07364485630144675,0.12962964177131653,0.9621945646945645,0.9600024050024051,0.9600646268558056,0.96
0.06640594080090523,0.13085347414016724,0.9620494782994782,0.9603270803270804,0.9599624663706529,0.96
0.07071317763378222,0.12961331009864807,0.9678154715654715,0.9661802549302548,0.9661823171365395,0.9666666666666665
0.06307823257520795,0.12873652577400208,0.962041847041847,0.9613191438191437,0.9608010685896898,0.9616666666666666
0.06160318665206432,0.12604758143424988,0.9622769822769822,0.9608429533429534,0.9608067885414883,0.9616666666666666
0.061271199801315866,0.12984885275363922,0.960275974025974,0.9603721741221741,0.9593946896129782,0.96
0.058553768787533045,0.1244669109582901,0.9613744588744587,0.9601286676286676,0.9597264400512932,0.96
0.05478764371946454,0.12882627546787262,0.9637810800310799,0.9624104136604137,0.9619442406350358,0.9616666666666666
0.053449054869512715,0.12696488201618195,0.961748136123136,0.9594721019721019,0.9592742126558095,0.9583333333333334
0.052882554630438484,0.12327806651592255,0.9657868520368519,0.9644666907166907,0.9642624603680039,0.965
0.05138432886451483,0.12486495822668076,0.9659846634846634,0.9637993025493025,0.9636418970801347,0.9633333333333333
0.04866560408845544,0.12378101795911789,0.9651893939393937,0.9642953342953343,0.9636826151871357,0.9633333333333334
0.05032887922910353,0.12429794669151306,0.9674998149998149,0.9649897787397786,0.9651003152052194,0.965
0.04907900234684348,0.12183995544910431,0.9637734487734487,0.9634024771524771,0.9627828428540727,0.9633333333333333
0.04662288445979357,0.12575004994869232,0.9620141895141895,0.9613311688311689,0.9607919432441014,0.9616666666666666
0.045274623204022646,0.12319596111774445,0.9685620860620859,0.9667484367484368,0.9666766506818106,0.9666666666666667
0.042760584192971386,0.11714327335357666,0.9654409941909942,0.9640247715247715,0.9640509519512527,0.9649999999999999
0.0417681570785741,0.12068190425634384,0.9710982998482999,0.9688858826358825,0.9692186259699497,0.9699999999999999
0.0434202088508755,0.11953791230916977,0.969330623080623,0.967370731120731,0.9676407352616242,0.9683333333333333
0.03995622011522452,0.12019950151443481,0.9680638343138342,0.9668746993746993,0.9666554512929642,0.9666666666666667
0.040117096776763596,0.11829857528209686,0.9692183742183742,0.9675300625300625,0.9673204124856993,0.9683333333333333
0.038713676389306784,0.12308137118816376,0.9666600991600992,0.964803391053391,0.9646067580589164,0.9649999999999999
0.03570306091569364,0.11861738562583923,0.9710982998482999,0.9688858826358825,0.9692186259699497,0.9699999999999999
0.03633979234534005,0.11592148244380951,0.9677481777481777,0.9663065175565175,0.9662589411298299,0.9666666666666667
0.037789544478679694,0.11636269092559814,0.9689081289081288,0.9674969937469937,0.967524181525505,0.9683333333333333
0.037788576524083815,0.1254243552684784,0.965897667147667,0.9631830206830206,0.9629361170844996,0.9633333333333333
0.03467696850808958,0.12215190380811691,0.9655679968179967,0.9643614718614719,0.9640949448483213,0.965
0.03375042035865287,0.1195029616355896,0.9665001202501203,0.9641420153920154,0.9646345977898004,0.965
0.033769495164354645,0.12037798017263412,0.964755106005106,0.9629515392015392,0.9628956173344942,0.9633333333333333
0.031137191884530086,0.11652522534132004,0.969330623080623,0.967370731120731,0.9676407352616242,0.9683333333333333
0.033020471998800836,0.11945491284132004,0.9672094109594108,0.9658766233766234,0.9656866289527931,0.9666666666666667
0.031952823822697006,0.12122763693332672,0.9675701613201614,0.9646981721981721,0.9646431877915703,0.9649999999999999
0.0313894614422073,0.11896398663520813,0.9626132663632663,0.9615626503126503,0.9614257267770078,0.9616666666666666
0.029399685949708026,0.11975888907909393,0.9686902911902912,0.9664237614237615,0.9665750480439761,0.9666666666666667
0.028082591520311933,0.11453216522932053,0.972021682021682,0.9697787397787397,0.9699277864457341,0.9699999999999999
0.03146864450536668,0.11641460657119751,0.972021682021682,0.9697787397787397,0.9699277864457341,0.9699999999999999
0.028840115720716614,0.11534839868545532,0.9681648444148444,0.9667231842231842,0.966566675334623,0.9666666666666667
0.02714979419639955,0.1192457377910614,0.9713297813297812,0.969580327080327,0.9694879970033871,0.9700000000000001
0.027836845760854583,0.11465158313512802,0.9654623617123615,0.9637469937469937,0.9638277877633219,0.965
0.025518872464696567,0.12143360078334808,0.9620025807525807,0.9599422799422799,0.9596540216869557,0.96
0.02729450212791562,0.11948303878307343,0.9692222592222591,0.9667484367484368,0.966983052703899,0.9666666666666667
0.02745375254501899,0.11670592427253723,0.9718701668701669,0.9693025493025492,0.9696720545233356,0.9699999999999999
0.024152977974154055,0.1189071387052536,0.9660814648314648,0.9643614718614718,0.9643131961457891,0.9649999999999999
0.025303026816497248,0.11603856086730957,0.9694316331816331,0.9672192159692159,0.9675519593032829,0.9683333333333333
0.023678157206935186,0.11507662385702133,0.9692947792947794,0.9674969937469937,0.9677381500188855,0.9683333333333332
0.024139830997834604,0.11625826358795166,0.967681855181855,0.9650817700817701,0.965302592641086,0.965
0.023645462778707344,0.11770828068256378,0.9674429274429274,0.9661081048581049,0.9660331201808633,0.9666666666666665
0.022895546125558514,0.11655481159687042,0.9687596200096201,0.9657371332371332,0.9659271384088542,0.9666666666666667
0.024380671869342525,0.12879037857055664,0.9606182012432011,0.9567857142857145,0.9567806640130437,0.9566666666666666
0.024354666801324736,0.12079992890357971,0.9687654475154476,0.9662133237133236,0.9662304893788719,0.9666666666666665
0.02206654369365424,0.11808564513921738,0.9693485218485218,0.9667484367484368,0.9669692593077527,0.9666666666666667
0.021453527462047834,0.1145240068435669,0.972021682021682,0.9697787397787397,0.9699277864457341,0.9699999999999999
0.020286852028220892,0.12184154987335205,0.9676747789247789,0.9645719095719095,0.9646962895475707,0.9649999999999999
0.021704544798315812,0.11820219457149506,0.9674198486698486,0.9657503607503607,0.9657999746863434,0.9666666666666667
0.020613734028302133,0.1135999783873558,0.9691736966736966,0.9676821789321789,0.967754719219665,0.9683333333333333
0.022807797649875283,0.11817939579486847,0.970989935989936,0.9682635882635883,0.9685609434122244,0.9683333333333333
0.021254791257282097,0.11816966533660889,0.9693485218485218,0.9667484367484368,0.9669692593077527,0.9666666666666667
0.01897339728505661,0.11777964234352112,0.9708403633403634,0.9693488455988456,0.9694213858863319,0.9699999999999999
0.021798867577066023,0.11808151006698608,0.9676281126281125,0.9658303270803271,0.9660714833522187,0.9666666666666665
0.02136134651179115,0.121573805809021,0.9687654475154476,0.9662133237133236,0.9662304893788719,0.9666666666666665
0.01914215413853526,0.11445393413305283,0.9708403633403634,0.9693488455988456,0.9694213858863319,0.9699999999999999
0.022135407547466457,0.11605452746152878,0.9712687312687313,0.9695472582972582,0.9696580948083956,0.9699999999999999
0.02004930276113252,0.11915948987007141,0.970989935989936,0.9682635882635883,0.9685609434122244,0.9683333333333333
0.018898760434240103,0.11695488542318344,0.9700665538165537,0.967370731120731,0.9678517829364398,0.9683333333333333
0.01802190854990234,0.11538051813840866,0.9691736966736966,0.9676821789321789,0.967754719219665,0.9683333333333333
0.01898247954280426,0.11550508439540863,0.9695019795019796,0.9679599567099566,0.9679346073457776,0.9683333333333332
0.016912742129837472,0.11811108887195587,0.9708403633403634,0.9693488455988456,0.9694213858863319,0.9699999999999999
0.016091694473288953,0.11571254581212997,0.9664681614681614,0.9646398508898509,0.9648062429565436,0.9649999999999999
0.017006034031510353,0.12487121671438217,0.9711427923927926,0.9686333573833573,0.9685896279660806,0.9683333333333334
0.017181617169020075,0.11594638228416443,0.9734060846560847,0.9703078403078402,0.970672267720547,0.9716666666666666
0.017397426418028772,0.123324915766716,0.9701369001369001,0.9681703944203944,0.9681420567433378,0.9683333333333333
0.019661620918971796,0.11630591005086899,0.9710171310171312,0.9691504329004328,0.9693455420900458,0.9699999999999999
0.017467289969014626,0.11931505799293518,0.9693232693232693,0.9667484367484368,0.9668900996361175,0.9666666666666667
0.019291048442634445,0.12197756767272949,0.970989935989936,0.9682635882635883,0.9685609434122244,0.9683333333333333
0.019187716340335708,0.11878080666065216,0.971770498020498,0.9698118085618085,0.9698814884373954,0.9700000000000001
0.016322639557377745,0.11788718402385712,0.9677952140452141,0.966305315055315,0.9661918803764947,0.9666666666666667
0.017891518926868837,0.12491440027952194,0.9689633052133052,0.9644666907166908,0.9644317710574675,0.9649999999999999
0.015405885545381656,0.12045745551586151,0.9708403633403634,0.9693488455988456,0.9694213858863319,0.9699999999999999
0.015500029781833291,0.11740126460790634,0.9716889129389129,0.9698118085618085,0.9697586814198517,0.9700000000000001
0.015307973798674842,0.1175449788570404,0.9708403633403634,0.9693488455988456,0.9694213858863319,0.9699999999999999
0.014059953876615813,0.11720617860555649,0.9707671957671958,0.9693356180856182,0.9694180906111067,0.9699999999999999
0.01476591033861041,0.11802005767822266,0.9689885114885114,0.9679599567099567,0.9677163560483096,0.9683333333333333
0.013909265088538328,0.12184345722198486,0.9723238335738335,0.9700222462722463,0.9699661308174118,0.9700000000000001
0.014462724308638522,0.11999588459730148,0.9682630332630332,0.9659818422318422,0.9663713069853758,0.9666666666666665
0.014099739103888472,0.1208050549030304,0.9684251396751397,0.9658555796055796,0.9662600988319681,0.9666666666666667
0.01321067581496512,0.11898176372051239,0.9708403633403634,0.9693488455988456,0.9694213858863319,0.9699999999999999
0.015138262203739336,0.12300509214401245,0.9708109020609021,0.9680651755651755,0.9678971560455385,0.9683333333333333
0.012381158400482187,0.11965983361005783,0.9731088818588818,0.9712006974506974,0.9713682669779496,0.9716666666666667
0.014052249219579002,0.12608498334884644,0.9724054186554186,0.9700222462722463,0.9700889378349556,0.9700000000000001
0.015118457318749279,0.119197778403759,0.9698086173086172,0.9678336940836941,0.9680545428528221,0.9683333333333333
0.013529422886980077,0.11914917081594467,0.9731088818588818,0.9712006974506974,0.9713682669779496,0.9716666666666667
0.01285554978918905,0.11927112191915512,0.9666216191216191,0.9644666907166908,0.9647796228809039,0.9649999999999999
0.01415368429540346,0.12081632018089294,0.9649549524549524,0.9628000240500242,0.9631129562142373,0.9633333333333333
0.013583825105646005,0.11710697412490845,0.96750703000703,0.9661670274170274,0.9660838754435582,0.9666666666666667
0.012283165376478186,0.11949750036001205,0.9713159525659526,0.9692093554593555,0.9695208509510794,0.9700000000000001
0.010811658420910438,0.12296875566244125,0.9681672031672032,0.9663185425685427,0.9664628587483503,0.9666666666666667
0.011634725262410939,0.12376787513494492,0.9711314148814149,0.9686333573833573,0.9682194010519939,0.9683333333333334
0.012133391477012387,0.11970125138759613,0.9681419506419506,0.9661670274170274,0.9663878761861554,0.9666666666666667
0.011327178586119166,0.12116491794586182,0.9666889591889593,0.9645929533429533,0.9646559251804798,0.9649999999999999
0.0123900449834764,0.1179736852645874,0.9708403633403634,0.9693488455988456,0.9694213858863319,0.9699999999999999
0.014141764239563296,0.12292070686817169,0.9681672031672032,0.9663185425685427,0.9664628587483503,0.9666666666666667
0.012971187708899379,0.11921505630016327,0.9698086173086172,0.9678336940836941,0.9680545428528221,0.9683333333333333
0.013380922968887413,0.11982201039791107,0.9703541366041365,0.9681703944203944,0.9682869328224243,0.9683333333333334
0.012959948954327652,0.12561114132404327,0.9672697672697672,0.964651875901876,0.9649642026879094,0.965
0.012497860201013586,0.12090003490447998,0.968991378991379,0.9667484367484368,0.9665944531124008,0.9666666666666667
0.011813108091397831,0.1207403764128685,0.9709271746771747,0.9681703944203944,0.9685129144431429,0.9683333333333334
0.0117673080919,0.12117156386375427,0.9707387519887519,0.9683555796055797,0.968422271168289,0.9683333333333333
0.011465812858659774,0.12422879785299301,0.9714526214526216,0.9693608706108706,0.9694399310587559,0.9699999999999999
0.010971455039301267,0.12209129333496094,0.9649549524549524,0.9628000240500242,0.9631129562142373,0.9633333333333333
0.00996158654258276,0.12197967618703842,0.9721745384245385,0.9701485088985088,0.9699564709995903,0.9700000000000001
0.009193658052633205,0.12424537539482117,0.9701369001369001,0.9681703944203944,0.9681420567433378,0.9683333333333333
0.009660634871882698,0.12266512960195541,0.9739205701705703,0.9712127224627225,0.9714998725792238,0.9716666666666667
0.008923967320394391,0.1270439624786377,0.971269055019055,0.9685070947570947,0.9684097398399683,0.9683333333333334
0.011087223518795023,0.1223127692937851,0.9687149424649424,0.9666299903799903,0.9666088139976731,0.9666666666666665
0.008903441058161357,0.12140423059463501,0.9677026214526214,0.966305315055315,0.9660764044887077,0.9666666666666667
0.009333964437246323,0.1210431307554245,0.9667783142783143,0.964803391053391,0.9647212095194888,0.965
0.00943642829467232,0.12617796659469604,0.9723238335738335,0.9700222462722463,0.9699661308174118,0.9700000000000001
0.009638947667554021,0.12324996292591095,0.9681672031672032,0.9663185425685427,0.9664628587483503,0.9666666666666667
0.009505158736525724,0.12524141371250153,0.9704357216857217,0.9681703944203944,0.9684097398399683,0.9683333333333334
0.009024812160835912,0.12302613258361816,0.9724054186554186,0.9700222462722463,0.9700889378349556,0.9700000000000001
0.009964350009492287,0.129642516374588,0.9710165297665297,0.9683555796055797,0.9684871071713402,0.9683333333333333
0.009985748930679014,0.1235213577747345,0.9707387519887519,0.9683555796055797,0.968422271168289,0.9683333333333333
0.009574055671691895,0.12634363770484924,0.9724054186554186,0.9700222462722463,0.9700889378349556,0.9700000000000001
0.008883862115908414,0.12429217994213104,0.9701369001369001,0.9681703944203944,0.9681420567433378,0.9683333333333333
0.008757971236870313,0.12237058579921722,0.9724054186554186,0.9700222462722463,0.9700889378349556,0.9700000000000001
0.008006448323916024,0.12545645236968994,0.9701369001369001,0.9681703944203944,0.9681420567433378,0.9683333333333333
0.008630183573889857,0.12375764548778534,0.9707387519887519,0.9683555796055797,0.968422271168289,0.9683333333333333
0.007381517595301072,0.12359422445297241,0.9681419506419506,0.9663185425685427,0.9663836990767152,0.9666666666666667
0.00827574081874142,0.12616953253746033,0.9701369001369001,0.9681703944203944,0.9681420567433378,0.9683333333333333
0.00850933107237021,0.12793834507465363,0.9710165297665297,0.9683555796055797,0.9684871071713402,0.9683333333333333
0.007718326979860042,0.1240110844373703,0.9699853849853851,0.967694203944204,0.9678863248209392,0.9683333333333333
0.007902187605698904,0.12758305668830872,0.9724054186554186,0.9700222462722463,0.9700889378349556,0.9700000000000001
0.008159677177900448,0.12374162673950195,0.9701369001369001,0.9681703944203944,0.9681420567433378,0.9683333333333333
0.009238009826124957,0.12528115510940552,0.9701369001369001,0.9681703944203944,0.9681420567433378,0.9683333333333333
0.007417186949169263,0.1255914568901062,0.9740468327968328,0.9715373977873978,0.9716806219394275,0.9716666666666667
0.007221727990933384,0.1262178122997284,0.9724054186554186,0.9700222462722463,0.9700889378349556,0.9700000000000001
0.008659252567061534,0.12513957917690277,0.9721723184223184,0.9695460557960559,0.9697103988950132,0.9699999999999999
0.008348036916383231,0.12892943620681763,0.9724054186554186,0.9700222462722463,0.9700889378349556,0.9700000000000001
0.007406982117875789,0.12402679771184921,0.9720771358271358,0.9696855459355459,0.97000142394444,0.9700000000000001
0.007041189935989678,0.1255461871623993,0.9701369001369001,0.9681703944203944,0.9681420567433378,0.9683333333333333
0.007082109417145451,0.12325828522443771,0.9754803992303992,0.972727873977874,0.9729687496661517,0.9733333333333333
0.0080324317192814,0.13108639419078827,0.9694761257261257,0.9669666907166907,0.966922961299414,0.9666666666666667
0.00823110987645729,0.1296776831150055,0.9701369001369001,0.9681703944203944,0.9681420567433378,0.9683333333333333
0.007489502468767266,0.1246141642332077,0.9723801661301662,0.9700222462722463,0.9700097781633206,0.9700000000000001
0.0072502515686210245,0.13073617219924927,0.9723238335738335,0.9700222462722463,0.9699661308174118,0.9700000000000001
0.007036926195723936,0.12475049495697021,0.9724054186554186,0.9700222462722463,0.9700889378349556,0.9700000000000001
0.006189370362941797,0.12937264144420624,0.9693498630998629,0.966688912938913,0.9668204405046735,0.9666666666666667
0.006989022503451754,0.13295628130435944,0.9695677008177008,0.9663985088985089,0.9662477063343039,0.9666666666666667
0.0073754920934637385,0.13148388266563416,0.9707387519887519,0.9683555796055797,0.968422271168289,0.9683333333333333
0.007587023855497439,0.1283245086669922,0.9707387519887519,0.9683555796055797,0.968422271168289,0.9683333333333333
0.007042805441111947,0.12502388656139374,0.9724054186554186,0.9700222462722463,0.9700889378349556,0.9700000000000001
0.008128801389830187,0.12521077692508698,0.9724054186554186,0.9700222462722463,0.9700889378349556,0.9700000000000001
0.0071689694304950535,0.12421267479658127,0.9652327302327303,0.9629515392015392,0.9630379736520425,0.9633333333333333
0.0069038007835236686,0.12561172246932983,0.9724054186554186,0.9700222462722463,0.9700889378349556,0.9700000000000001
0.006034082412952557,0.13152265548706055,0.9710612073112074,0.9686333573833573,0.9684668209485366,0.9683333333333334
0.007028471115821351,0.12775327265262604,0.9681419506419506,0.9663185425685427,0.9663836990767152,0.9666666666666667
0.009063422485875586,0.13063310086727142,0.968976948976949,0.9669799182299182,0.9668768163476625,0.9666666666666667
0.00897126505151391,0.13077160716056824,0.9642294742294742,0.9619462481962482,0.9618541384601982,0.9616666666666668
0.007558984221153271,0.12837374210357666,0.9701369001369001,0.9681703944203944,0.9681420567433378,0.9683333333333333
0.00656684473506175,0.13003197312355042,0.9706571669071669,0.9683555796055797,0.9682994641507451,0.9683333333333333
0.007926484511699528,0.13469770550727844,0.9697539035039036,0.9669666907166907,0.9669877973024651,0.9666666666666667
0.005565801063009228,0.12617555260658264,0.9690468327968328,0.9666552429052429,0.9666680906111068,0.9666666666666667
0.006126959585041429,0.12884917855262756,0.9676579439079438,0.9649885762385763,0.9650662599474913,0.965
0.006049118286076312,0.13464504480361938,0.9710612073112074,0.9686333573833573,0.9684668209485366,0.9683333333333334
0.006981096259551123,0.12904618680477142,0.9667783142783143,0.964803391053391,0.9647212095194888,0.965
0.005830231151776388,0.13481765985488892,0.9724054186554186,0.9700222462722463,0.9700889378349556,0.9700000000000001
0.004455863022788738,0.13502942025661469,0.9710165297665297,0.9683555796055797,0.9684871071713402,0.9683333333333333
0.00494967198270994,0.13054421544075012,0.9738389850889851,0.9712127224627225,0.9713770655616799,0.9716666666666667
0.007214849775967498,0.13722211122512817,0.9691495078995079,0.9650348725348725,0.9651718620256288,0.9649999999999999
0.006574240013530168,0.1338307410478592,0.9728072390572392,0.9691293891293892,0.9695735625512804,0.9699999999999999
0.005778542855599274,0.13415071368217468,0.9699853849853851,0.967694203944204,0.9678863248209392,0.9683333333333333
0.005647518914580966,0.13109037280082703,0.9690468327968328,0.9666552429052429,0.9666680906111068,0.9666666666666667
0.008744058868614957,0.13419535756111145,0.9710165297665297,0.9683555796055797,0.9684871071713402,0.9683333333333333
0.006167320549138822,0.1308644413948059,0.9724054186554186,0.9700222462722463,0.9700889378349556,0.9700000000000001
0.005001080532868703,0.1334661990404129,0.9724054186554186,0.9700222462722463,0.9700889378349556,0.9700000000000001
0.0058626997100266936,0.1347215175628662,0.9651116476116476,0.9631367243867244,0.9630545428528222,0.9633333333333334
0.004766398987461192,0.13417688012123108,0.9738389850889851,0.9712127224627225,0.9713770655616799,0.9716666666666667
0.006154562564915977,0.1411740630865097,0.9693246105746106,0.9665037277537278,0.9667975572094791,0.9666666666666667
0.005440815216085563,0.13149413466453552,0.9739205701705703,0.9712127224627225,0.9714998725792238,0.9716666666666667
0.004954205466977631,0.13182106614112854,0.9740468327968328,0.9715373977873978,0.9716806219394275,0.9716666666666667
0.004333464972053965,0.14068925380706787,0.9710165297665297,0.9683555796055797,0.9684871071713402,0.9683333333333333
0.006202977596937369,0.1313471794128418,0.9690215802715803,0.9665037277537278,0.9667287495047177,0.9666666666666667
0.005162932075715314,0.1328529417514801,0.9739205701705703,0.9712127224627225,0.9714998725792238,0.9716666666666667
0.005388383535319008,0.13447648286819458,0.9693246105746106,0.9665037277537278,0.9667975572094791,0.9666666666666667
0.00427630480650502,0.13342539966106415,0.9693498630998629,0.9668404280904282,0.9668162633952333,0.9666666666666667
0.006251122482353821,0.13405509293079376,0.9739205701705703,0.9712127224627225,0.9714998725792238,0.9716666666666667
0.005027157244815801,0.1343441605567932,0.9709660247160247,0.9680188792688793,0.9683892413139509,0.9683333333333333
0.00460755259458286,0.1332964301109314,0.9742993580493581,0.971338985088985,0.9715922468148205,0.9716666666666667
0.00535464445905139,0.1414480209350586,0.9682928645428647,0.9644203944203945,0.9649940541990795,0.965
0.004731137092070033,0.13786080479621887,0.9700294612794614,0.966550024050024,0.9666633179381372,0.9666666666666667
0.004218075089738704,0.1337808221578598,0.964077959077959,0.9614700577200578,0.9615984065377995,0.9616666666666668
0.006192832947514641,0.1432514786720276,0.9654343804343805,0.9635666185666185,0.962889749617461,0.9633333333333334
0.005858363350853324,0.13110920786857605,0.968293465793466,0.9659938672438672,0.9661321442637569,0.9666666666666667
0.005149017505270119,0.13924293220043182,0.9724054186554186,0.9700222462722463,0.9700889378349556,0.9700000000000001
0.004357823544220689,0.13552546501159668,0.972657943907944,0.9698238335738335,0.9700005627103487,0.9700000000000001
0.003958145224411662,0.13500621914863586,0.9676579439079438,0.9649885762385763,0.9650662599474913,0.965
0.0048073632206069306,0.13480423390865326,0.9662943075443075,0.9634734247234248,0.9634642238761457,0.9633333333333334
0.0038307713984977454,0.13889597356319427,0.9739205701705703,0.9712127224627225,0.9714998725792238,0.9716666666666667
0.004284191498300061,0.13692215085029602,0.9710165297665297,0.9683555796055797,0.9684871071713402,0.9683333333333333
0.004818028678225043,0.13504189252853394,0.9724054186554186,0.9700222462722463,0.9700889378349556,0.9700000000000001
0.0038867166149429977,0.13488797843456268,0.9666520516520517,0.9644787157287157,0.9645404601592852,0.965
0.006470535241533071,0.14460425078868866,0.9632884707884708,0.9612049062049063,0.9606416430682483,0.9616666666666668
0.0060251682783321785,0.13731244206428528,0.9686896899396898,0.9665037277537278,0.9664331029810009,0.9666666666666667
0.004987776842123519,0.13274216651916504,0.9670560920560921,0.964803391053391,0.9647108575526152,0.965
0.004429137246916071,0.13445833325386047,0.9654146779146778,0.9632882395382395,0.9631191734481434,0.9633333333333334
0.003839167082333006,0.14197631180286407,0.9723238335738335,0.9700222462722463,0.9699661308174118,0.9700000000000001
0.00460415181684463,0.13926449418067932,0.9707387519887519,0.9685070947570948,0.9684180940588488,0.9683333333333333
0.004528636340789187,0.1409377157688141,0.9739205701705703,0.9712127224627225,0.9714998725792238,0.9716666666666667
0.003595933453955998,0.13561798632144928,0.9721723184223184,0.969697570947571,0.969706221785573,0.9699999999999999
0.003294946873211302,0.1357772946357727,0.972228650978651,0.9693608706108706,0.9698103226173626,0.9700000000000001
0.004424084332034302,0.1354079246520996,0.9653894253894254,0.9631367243867244,0.9631193788558733,0.9633333333333334
0.005092065466063407,0.13864527642726898,0.9723238335738335,0.9700222462722463,0.9699661308174118,0.9700000000000001
0.0037402864885128415,0.13683125376701355,0.9656672031672032,0.9631367243867244,0.9631090268889997,0.9633333333333334
0.005227098668304582,0.1407434046268463,0.9693498630998629,0.966688912938913,0.9668204405046735,0.9666666666666667
0.003858275362290442,0.1424502432346344,0.9710165297665297,0.9683555796055797,0.9684871071713402,0.9683333333333333
0.006070014487098281,0.14300821721553802,0.9697539035039036,0.9669666907166907,0.9669877973024651,0.9666666666666667
0.003524560646231597,0.13389484584331512,0.9722539035039035,0.9695460557960559,0.9698332059125572,0.9699999999999999
0.0033914670542192957,0.1373673975467682,0.9710165297665297,0.9683555796055797,0.9684871071713402,0.9683333333333333
0.0042074056788502885,0.1430915892124176,0.9710165297665297,0.9683555796055797,0.9684871071713402,0.9683333333333333
0.00364518522110302,0.13622532784938812,0.9722539035039035,0.9695460557960559,0.9698332059125572,0.9699999999999999
0.003309371580447381,0.13817639648914337,0.9725316812816813,0.9695460557960559,0.9698980419156084,0.9699999999999999
0.0037342626989508667,0.135825976729393,0.9725316812816813,0.9696975709475709,0.9697582233503623,0.9699999999999999
0.004494261001430762,0.14834797382354736,0.9712920875420875,0.968308682058682,0.9684877039654217,0.9683333333333333
0.004745189568590528,0.14284393191337585,0.9687480112480111,0.9665037277537278,0.9665402260797222,0.9666666666666667
0.00330626070353901,0.1375638246536255,0.9705619843119843,0.9678457190957191,0.9681394788412557,0.9683333333333333
0.005721322726458311,0.14140550792217255,0.9710165297665297,0.9683555796055797,0.9684871071713402,0.9683333333333333
0.0029033709142822772,0.14146792888641357,0.9693498630998629,0.9668404280904282,0.9668162633952333,0.9666666666666667
0.004894096860274051,0.16238640248775482,0.9657019097460274,0.960337902837903,0.9607598922176348,0.96
0.006248083528286467,0.13857537508010864,0.9738389850889851,0.9712127224627225,0.9713770655616799,0.9716666666666667
0.005022308895907675,0.14702093601226807,0.9699847837347838,0.9662722462722463,0.9666836041609406,0.9666666666666667
0.003306518391279193,0.1344127207994461,0.968293465793466,0.9659938672438672,0.9661321442637569,0.9666666666666667
0.0043182439646140365,0.1424974501132965,0.9687480112480111,0.9665037277537278,0.9665402260797222,0.9666666666666667
0.003592823602957651,0.13910029828548431,0.9684223184223185,0.9663305675805676,0.9661065977254225,0.9666666666666667
0.004474834393477067,0.14389610290527344,0.9709349446849447,0.9683555796055797,0.9683643001537963,0.9683333333333333
0.0029302365777160353,0.14381858706474304,0.9657177082177081,0.9634734247234248,0.9632068927463888,0.9633333333333334
0.003261338055987532,0.13981710374355316,0.9739205701705703,0.9712127224627225,0.9714998725792238,0.9716666666666667
0.002645695882771785,0.14521890878677368,0.9693498630998629,0.9668404280904282,0.9668162633952333,0.9666666666666667
0.006415345609032859,0.1439466029405594,0.9716520516520517,0.9693608706108706,0.9695529914876059,0.9699999999999999
0.0028888360684504732,0.13976356387138367,0.9721723184223184,0.969697570947571,0.969706221785573,0.9699999999999999
0.0027757454008678906,0.13767288625240326,0.9708902671402672,0.9681824194324194,0.9681665392458904,0.9683333333333333
0.004208403789865163,0.14259369671344757,0.9738389850889851,0.9712127224627225,0.9713770655616799,0.9716666666666667
0.002633526106365025,0.14611506462097168,0.9699847837347838,0.9662722462722463,0.9666836041609406,0.9666666666666667
0.003606838955117079,0.1380244642496109,0.9711427923927923,0.9680309042809042,0.9681563926867468,0.9683333333333333
0.0028166598349343985,0.14213095605373383,0.9662943075443075,0.9634734247234248,0.9634642238761457,0.9633333333333334
0.0030891314721278227,0.1415608823299408,0.9673591223591224,0.9649885762385763,0.9647985768508608,0.965
0.002912110367712254,0.13967493176460266,0.9721723184223184,0.969697570947571,0.969706221785573,0.9699999999999999
0.0042270890092671225,0.1463909149169922,0.9687480112480111,0.9665037277537278,0.9665402260797222,0.9666666666666667
0.0034247664734721184,0.13785773515701294,0.972147065897066,0.9695123857623859,0.9696865859234617,0.9699999999999999
0.004206741010420956,0.1443662941455841,0.9710165297665297,0.9683555796055797,0.9684871071713402,0.9683333333333333
0.003490923542509942,0.1392868608236313,0.9714526214526216,0.9693608706108706,0.9694399310587559,0.9699999999999999
0.0035234724006537967,0.1362348049879074,0.9702631627631629,0.967845719095719,0.9678113422587443,0.9683333333333333
0.0030567094897075244,0.13881218433380127,0.9693498630998629,0.9668404280904282,0.9668162633952333,0.9666666666666667
0.003328629281895701,0.14411887526512146,0.9693246105746106,0.9665037277537278,0.9667975572094791,0.9666666666666667
0.003933868683816399,0.14263232052326202,0.9689189514189516,0.967025012025012,0.9668775495081189,0.9666666666666667
0.0027122055471409112,0.14721529185771942,0.9699031986531986,0.9662722462722463,0.9665607971433966,0.9666666666666667
0.003336838342268796,0.14376163482666016,0.9679862267362266,0.9653252765752766,0.9651537738380068,0.965
0.003427013723315516,0.1443389654159546,0.9710165297665297,0.9683555796055797,0.9684871071713402,0.9683333333333333
0.002884007425260885,0.1416938304901123,0.9721723184223184,0.969697570947571,0.969706221785573,0.9699999999999999
0.002279030260979198,0.14183762669563293,0.9692236004736006,0.9665157527657527,0.9664998725792238,0.9666666666666667
0.0029876768288280195,0.14457958936691284,0.9709349446849447,0.9683555796055797,0.9683643001537963,0.9683333333333333
0.002363173618505243,0.14366087317466736,0.9714183501683502,0.9674627224627225,0.9679717318876647,0.9683333333333333
0.0028332517249509692,0.1426558792591095,0.9738389850889851,0.9712127224627225,0.9713770655616799,0.9716666666666667
0.0021960207838371084,0.14495255053043365,0.9738389850889851,0.9712127224627225,0.9713770655616799,0.9716666666666667
0.0033826802585584423,0.14234066009521484,0.9686896899396898,0.9665037277537278,0.9664331029810009,0.9666666666666667
0.00349307768434907,0.15308690071105957,0.9699847837347838,0.9662722462722463,0.9666836041609406,0.9666666666666667
0.0020761365497795246,0.14327996969223022,0.9693498630998629,0.9668404280904282,0.9668162633952333,0.9666666666666667
0.0025210581661667675,0.14685752987861633,0.9724500962000963,0.9695460557960559,0.9697752348980644,0.9699999999999999
0.003372168854790895,0.14980226755142212,0.9656672031672032,0.9631367243867244,0.9631090268889997,0.9633333333333334
0.0023672540846746415,0.14528506994247437,0.9738389850889851,0.9712127224627225,0.9713770655616799,0.9716666666666667
0.0027513392196851783,0.1499728560447693,0.9667783142783142,0.964651875901876,0.9648610280847348,0.965
0.0029591153045961014,0.14364385604858398,0.967843129093129,0.9649885762385763,0.9652571784201435,0.965
0.0022600724017441585,0.14862024784088135,0.9712920875420875,0.967938912938913,0.9681626278070122,0.9683333333333333
0.003041870513698086,0.1520470827817917,0.9687480112480111,0.9665037277537278,0.9665402260797222,0.9666666666666667
0.0032129040603952794,0.15070432424545288,0.9728072390572392,0.9691293891293892,0.9695735625512804,0.9699999999999999
0.0022107871870199838,0.14927561581134796,0.9710165297665297,0.9683555796055797,0.9684871071713402,0.9683333333333333
0.0028537840456313766,0.14276359975337982,0.9680940355940356,0.9659938672438672,0.9660190838349071,0.9666666666666667
0.003161841460193197,0.14484447240829468,0.9660165297665296,0.9634734247234248,0.9634745758430193,0.9633333333333334
0.0033787020123175657,0.15397360920906067,0.9699031986531986,0.9662722462722463,0.9665607971433966,0.9666666666666667
0.002775829256279394,0.14805009961128235,0.9708397620897621,0.967845719095719,0.9680686733885011,0.9683333333333333
0.0031070950547776497,0.14812634885311127,0.9705056517556518,0.9680309042809042,0.9680395551189064,0.9683333333333333
0.0027519548893906176,0.14916259050369263,0.9679357216857216,0.9649885762385763,0.9650559079806177,0.965
0.0028588561981450766,0.14588099718093872,0.9721723184223184,0.969697570947571,0.969706221785573,0.9699999999999999
0.0023431978916050866,0.15001966059207916,0.9692682780182779,0.9668404280904282,0.9666934563776893,0.9666666666666667
0.002770206978311762,0.15151336789131165,0.9728072390572392,0.9691293891293892,0.9695735625512804,0.9699999999999999
0.0038627389925143993,0.15113037824630737,0.9727867965367966,0.9700222462722463,0.9702218852931151,0.9699999999999999
0.001917839620242982,0.148533433675766,0.9710165297665297,0.9683555796055797,0.9684871071713402,0.9683333333333333
0.0020028332801302895,0.1485213339328766,0.9668819143819142,0.9649885762385764,0.9647563218747653,0.965
0.0017941721865402844,0.1429247260093689,0.9721723184223184,0.969697570947571,0.969706221785573,0.9699999999999999
0.0019857818939878293,0.1474183350801468,0.9693498630998629,0.9668404280904282,0.9668162633952333,0.9666666666666667
0.002827540668173848,0.15234999358654022,0.970599863099863,0.9681703944203944,0.9683978112190411,0.9683333333333333
0.0020730089672724716,0.15315470099449158,0.9710165297665297,0.9683555796055797,0.9684871071713402,0.9683333333333333
0.0023072442927514203,0.14948046207427979,0.9757708032708033,0.9732960557960558,0.9735951106744619,0.9733333333333333
0.0018069273113117863,0.1482255458831787,0.9696276408776408,0.966840428090428,0.9667454579424787,0.9666666666666667
0.0018482401695412893,0.15781566500663757,0.9710165297665297,0.9683555796055797,0.9684871071713402,0.9683333333333333
0.0024782369194629914,0.1545085310935974,0.9710165297665297,0.9683555796055797,0.9684871071713402,0.9683333333333333
0.0018132999515122112,0.1491880714893341,0.9759223184223185,0.9728793891293891,0.9733653696552471,0.9733333333333333
0.0018993358074415785,0.15213948488235474,0.9693246105746106,0.9665037277537278,0.9667975572094791,0.9666666666666667
0.002869428314928276,0.1507655382156372,0.9679862267362266,0.9653252765752766,0.9651537738380068,0.965
0.002945529697171878,0.1556905061006546,0.9699031986531986,0.9662722462722463,0.9665607971433966,0.9666666666666667
0.0020354728876554873,0.14717227220535278,0.9707834295334296,0.9680309042809044,0.9681043911219575,0.9683333333333333
0.0019087117519423675,0.1473357379436493,0.9694508732008731,0.9661790524290524,0.9664668427248856,0.9666666666666667
0.0021592463308479637,0.1541793942451477,0.9728072390572392,0.9691293891293892,0.9695735625512804,0.9699999999999999
0.0027584973746949495,0.1583508849143982,0.9699031986531986,0.9662722462722463,0.9665607971433966,0.9666666666666667
0.0017420258239629522,0.14958705008029938,0.9660165297665296,0.9634734247234248,0.9634745758430193,0.9633333333333334
0.0017754244230066736,0.150113046169281,0.9723238335738335,0.9700222462722463,0.9699661308174118,0.9700000000000001
0.0020616385130172907,0.15029394626617432,0.9693498630998629,0.9668404280904282,0.9668162633952333,0.9666666666666667
0.0016361041173998576,0.15025830268859863,0.9711201298701297,0.9685070947570948,0.9685510415170082,0.9683333333333333
0.0026363362727958397,0.14976738393306732,0.9726352813852813,0.9702657527657528,0.9702000714993716,0.9699999999999999
0.002614551834994927,0.15331970155239105,0.9709349446849447,0.9683555796055797,0.9683643001537963,0.9683333333333333
0.0020725277148206564,0.15140947699546814,0.9709349446849447,0.9683555796055797,0.9683643001537963,0.9683333333333333
0.0016214687008565913,0.14676286280155182,0.9721723184223184,0.969697570947571,0.969706221785573,0.9699999999999999
0.00196883764025794,0.15596875548362732,0.9728683816183815,0.9700222462722463,0.970344692310659,0.9699999999999999
0.0017759163092705421,0.15648142993450165,0.9710165297665297,0.9683555796055797,0.9684871071713402,0.9683333333333333
0.00204318659719623,0.1520642340183258,0.9723238335738335,0.9700222462722463,0.9699661308174118,0.9700000000000001
0.00237431392694513,0.1576111763715744,0.9710165297665297,0.9683555796055797,0.9684871071713402,0.9683333333333333
0.002811546150041977,0.15726372599601746,0.9643035668035668,0.9634734247234248,0.9624812149154479,0.9633333333333334
0.002512381494549724,0.15492533147335052,0.9693751156251156,0.9669919432419433,0.9667556045016222,0.9666666666666667
0.0019891978396723666,0.15145012736320496,0.9708902671402672,0.9681824194324194,0.9681665392458904,0.9683333333333333
0.0014644927287008613,0.15468451380729675,0.9679862267362266,0.9653252765752766,0.9651537738380068,0.965
0.0013250898555270396,0.15050643682479858,0.9738389850889851,0.9712127224627225,0.9713770655616799,0.9716666666666667
0.0015059250278378993,0.1476486176252365,0.9686217486217487,0.9663305675805676,0.9662196581542726,0.9666666666666667
0.001623063149357525,0.15205901861190796,0.9739205701705703,0.9712127224627225,0.9714998725792238,0.9716666666666667
0.0015327357590043296,0.1526978313922882,0.9724500962000963,0.9695460557960559,0.9697752348980644,0.9699999999999999
0.001447081405785866,0.14714664220809937,0.9691983479483479,0.9663305675805676,0.9664769892840291,0.9666666666666667
0.002123141680688908,0.1503019481897354,0.9721218133718134,0.9699290524290524,0.9698464511662789,0.9699999999999999
0.0018716610478198465,0.15837767720222473,0.9693246105746106,0.9665037277537278,0.9667975572094791,0.9666666666666667
0.001732644073247987,0.1590415984392166,0.9690319865319866,0.9656108706108707,0.9660345973847408,0.9666666666666667
0.0017066877104904659,0.1550067812204361,0.9707834295334296,0.9680309042809044,0.9681043911219575,0.9683333333333333
0.001658129832018555,0.15442633628845215,0.9711201298701297,0.9685070947570948,0.9685510415170082,0.9683333333333333
0.0017786302511619094,0.15003752708435059,0.9725316812816813,0.9695460557960559,0.9698980419156084,0.9699999999999999
0.004341823994764127,0.1815602034330368,0.9635379204129203,0.9602459114959117,0.9601211590455948,0.96
0.004198726495815208,0.15049540996551514,0.9724500962000963,0.9696975709475709,0.9696354163328184,0.9699999999999999
0.002037785274296766,0.15716400742530823,0.9699847837347838,0.9662722462722463,0.9666836041609406,0.9666666666666667
0.0012413169473196224,0.15373724699020386,0.9694508732008731,0.9661790524290524,0.9664668427248856,0.9666666666666667
0.0015490475610325423,0.15266694128513336,0.9708086820586822,0.9681824194324194,0.9680437322283466,0.9683333333333333
0.0019406566995409473,0.15343181788921356,0.9679357216857216,0.9649885762385763,0.9650559079806177,0.965
0.00197407237161921,0.1535666286945343,0.969369288119288,0.9661790524290524,0.9663440357073417,0.9666666666666667
0.0014004393233335577,0.15526416897773743,0.9679862267362266,0.9653252765752766,0.9651537738380068,0.965
0.0017921073146377846,0.1511458456516266,0.9712716450216451,0.9681824194324194,0.96829948670405,0.9683333333333333
0.0024311980463001723,0.15056438744068146,0.9724500962000963,0.9696975709475709,0.9696354163328184,0.9699999999999999
0.0014810487543096922,0.15625989437103271,0.9704551467051465,0.9682623857623859,0.968315425955418,0.9683333333333333
0.0016628073620571133,0.15710078179836273,0.9695097957597957,0.966655242905243,0.9669842985726911,0.9666666666666667
0.001756754879655394,0.1576586663722992,0.9699031986531986,0.9662722462722463,0.9665607971433966,0.9666666666666667
0.0018438692362299964,0.15468695759773254,0.9692682780182779,0.9668404280904282,0.9666934563776893,0.9666666666666667
0.0027690701390383765,0.15870118141174316,0.9728072390572392,0.9691293891293892,0.9695735625512804,0.9699999999999999
0.002253524848735348,0.1618717610836029,0.9711201298701297,0.9685070947570948,0.9685510415170082,0.9683333333333333
0.0017966107989195734,0.15034106373786926,0.9691730954230954,0.9661790524290524,0.9664771946917594,0.9666666666666667
0.002353790220998538,0.14877352118492126,0.9724138361638363,0.9695123857623859,0.9699366104946937,0.9700000000000001
0.0025741346386591126,0.155680850148201,0.967519055019055,0.9648033910533912,0.9649666120283186,0.965
0.0013175725725886878,0.15800130367279053,0.971696127946128,0.9674627224627225,0.9680427747975825,0.9683333333333333
0.0012332021639546535,0.1574384719133377,0.9711201298701297,0.9685070947570948,0.9685510415170082,0.9683333333333333
0.0018590593220627245,0.15811750292778015,0.9698380785880785,0.9669919432419433,0.9670113589773258,0.9666666666666667
0.0015932887084394072,0.1618632674217224,0.9705056517556518,0.9680309042809042,0.9680395551189064,0.9683333333333333
0.002033545758725571,0.15521177649497986,0.97372113997114,0.9717809042809044,0.9717977250535469,0.9716666666666666
0.0013843236908239003,0.16237734258174896,0.9700883838383838,0.9662722462722463,0.9667517156160489,0.9666666666666667
0.0014699315943289548,0.151993989944458,0.9724037999037999,0.9705435305435305,0.9702275912792132,0.9699999999999999
0.0012090883816805824,0.16472788155078888,0.9693498630998629,0.9668404280904282,0.9668162633952333,0.9666666666666667
0.0019232789175778937,0.15779004991054535,0.9617710992710994,0.9611453823953825,0.9598404905345275,0.9616666666666666
0.003528466209900216,0.15640059113502502,0.9688742738742739,0.9661790524290524,0.9662095115951289,0.9666666666666667
0.0014128937533920787,0.15779531002044678,0.9674500962000961,0.964663900913901,0.964599796301573,0.965
0.001182313322109015,0.15846684575080872,0.9662943075443075,0.9634734247234248,0.9634642238761457,0.9633333333333334
0.0018829173471506995,0.16066960990428925,0.968308682058682,0.9648490860990862,0.964911113811033,0.965
0.0012551307827379787,0.16260980069637299,0.968238751988752,0.9668404280904282,0.966178304862538,0.9666666666666667
0.0011492051077463354,0.15346869826316833,0.9704803992303992,0.9684139009139009,0.968254767061807,0.9683333333333333
0.0020127197130932473,0.15743044018745422,0.9690342065342065,0.9659938672438674,0.9663775467725865,0.9666666666666667
0.0017824123133323155,0.15527495741844177,0.9740241702741703,0.9713642376142376,0.9715638069248919,0.9716666666666667
0.0013906100114885096,0.16343694925308228,0.9693498630998629,0.9668404280904282,0.9668162633952333,0.9666666666666667
0.0015149193253212918,0.16007399559020996,0.9679862267362266,0.9653252765752766,0.9651537738380068,0.965
0.0011578803860174958,0.15546876192092896,0.9708902671402672,0.9681824194324194,0.9681665392458904,0.9683333333333333
0.0014022157435344222,0.16205114126205444,0.9739205701705703,0.9712127224627225,0.9714998725792238,0.9716666666666667
0.00136722177194315,0.15818528831005096,0.9691983479483479,0.9663305675805676,0.9664769892840291,0.9666666666666667
0.001365559688565554,0.15259650349617004,0.9691167628667628,0.9663305675805676,0.9663541822664854,0.9666666666666667
0.0015893022634069591,0.15707485377788544,0.9722539035039035,0.9695460557960559,0.9698332059125572,0.9699999999999999
0.0016148051133010692,0.16961735486984253,0.9695927411368589,0.9645586820586821,0.9653766356011482,0.965
0.001191765060260271,0.15905003249645233,0.9687816812816812,0.9661453823953824,0.9663876933317302,0.9666666666666667
