training_loss,validation_loss,precision,recall,f1,accuracy
1.4045418550570805,0.6480919122695923,0.8826585827456571,0.845352996676526,0.8402533093840429,0.85
0.4931536925335725,0.3629576861858368,0.9387981000481002,0.934721435971436,0.9341661694706729,0.9333333333333335
0.31318108054498833,0.318280965089798,0.941249718848403,0.9264833314833315,0.9264077107887849,0.9266666666666666
0.2402406670153141,0.24046307802200317,0.9370641127877969,0.9323609261109261,0.9314620987414095,0.9316666666666666
0.17559624121834835,0.2339177131652832,0.9465954361542597,0.9409120971620971,0.9398401494122656,0.94
0.1508547958607475,0.20287668704986572,0.9493418387168387,0.9422023809523811,0.9423203489699224,0.9433333333333334
0.13733317734052738,0.17503038048744202,0.9428532116032117,0.9448695286195287,0.9412441778838895,0.9433333333333334
0.11853755575915177,0.1442621350288391,0.9625491637991638,0.9616111666111666,0.9611694731697761,0.9616666666666666
0.10012208794554074,0.1763276755809784,0.9494440050690051,0.9464886964886965,0.9448330387875257,0.945
0.09062320863207181,0.1357804238796234,0.9624134661634662,0.9611928811928813,0.9611033563369903,0.9616666666666666
0.07571128290146589,0.13369397819042206,0.9610618085618086,0.9580579605579606,0.9584147954882015,0.9583333333333335
0.07540944529076417,0.12091836333274841,0.9681037018537019,0.9663185425685427,0.9664338953465799,0.9666666666666668
0.06388369295746088,0.12341742217540741,0.9640470177970178,0.9616095478595478,0.9616940561028019,0.9616666666666668
0.06156681664288044,0.1292383074760437,0.9626814389314388,0.9598641173641173,0.9597359849244581,0.96
0.05563187529332936,0.11828616261482239,0.9638357938357937,0.9613912938912939,0.961610213850668,0.9616666666666668
0.05023046093992889,0.13187529146671295,0.9691109816109815,0.9656124893624893,0.9657266935622255,0.9666666666666667
0.049349891720339656,0.12321766465902328,0.965647963147963,0.9636008898508899,0.9633952853671973,0.9633333333333334
0.04199557161579529,0.11437618732452393,0.9701038313538314,0.9676022126022126,0.9677172679194261,0.9683333333333333
0.04989239697655042,0.14166495203971863,0.9642646269852152,0.9583145095645097,0.958085372363123,0.9583333333333334
0.039424672489985824,0.1266128271818161,0.9622103128353127,0.9592538480038479,0.9587586866059697,0.9583333333333334
0.04233131425765654,0.11316698044538498,0.9703240740740741,0.9683898508898507,0.9683764704777515,0.9683333333333333
0.041743955962980785,0.11602216213941574,0.9676192788692788,0.9654725829725829,0.9657000933404666,0.9666666666666667
0.031046980797934037,0.11115482449531555,0.9692633292633293,0.9674969937469937,0.967669875874098,0.9683333333333333
0.03086796325320999,0.12009422481060028,0.9646411458911458,0.9627669552669552,0.9627754012853399,0.9633333333333334
0.033679055593286954,0.12217467278242111,0.9670132645132643,0.9652080327080328,0.965043035235771,0.965
0.030366992539105315,0.12502408027648926,0.9650587375587375,0.9616227753727754,0.9616339886218852,0.9616666666666668
0.0312713203796496,0.11637453734874725,0.9612274299774298,0.9591095478595478,0.9591432631849354,0.9600000000000001
0.025474640385558207,0.11658322066068649,0.9682730232730233,0.9657840307840307,0.9657602402686645,0.9666666666666667
0.033622115229566894,0.11284679174423218,0.966517834017834,0.9640969215969215,0.9643319743742859,0.965
0.022671013469031703,0.11207016557455063,0.9699383486883487,0.9676954064454063,0.9679533855742745,0.9683333333333333
0.026661461723657947,0.11383949965238571,0.9702287527287528,0.9677873977873978,0.9680803704188637,0.9683333333333333
0.024748322592737775,0.1195497065782547,0.97368968993969,0.9708429533429532,0.9708605427732272,0.9716666666666666
0.02460831985808909,0.11164198815822601,0.9666302678802677,0.9645135882635882,0.9646950348031359,0.965
0.018383730862600107,0.12203242629766464,0.9724717412217413,0.9692556517556516,0.9692604717421874,0.9699999999999999
0.022309747408144176,0.13394127786159515,0.96571306008806,0.9622124172124172,0.9620422403342941,0.9616666666666666
0.02334992919350043,0.11502700299024582,0.9724286824286824,0.9707377344877344,0.9709233352040707,0.9716666666666666
0.02165565042135616,0.12894223630428314,0.9679596329596328,0.9646188071188071,0.964987739791538,0.965
0.022100445717417944,0.11274144053459167,0.9710047822547824,0.9692225829725829,0.9689600744096526,0.9699999999999999
0.02255499952783187,0.13010525703430176,0.9649912124912126,0.9631130906130906,0.9627372347016872,0.9633333333333333
0.015386260483258715,0.11621513962745667,0.9712687312687313,0.9695472582972582,0.9696580948083956,0.9699999999999999
0.01894811117866387,0.1443934291601181,0.9686211473711474,0.964188912938913,0.9646242892068888,0.965
0.018907211371697485,0.11325375735759735,0.9696804121804122,0.9681583694083694,0.9681561454906568,0.9683333333333333
0.014654957417709133,0.11884167045354843,0.9727618215118216,0.969374098124098,0.9701977076071504,0.9699999999999999
0.018929054252415273,0.14138132333755493,0.9640049533799534,0.9570045695045696,0.9571403690493293,0.9566666666666667
0.018280604330357164,0.12644797563552856,0.9706351518851518,0.9678926166426166,0.9683098584940916,0.9683333333333333
0.013657100634494176,0.11138933897018433,0.9714422151922152,0.9696855459355459,0.9696974232018428,0.9700000000000001
0.013817168752818057,0.12311609834432602,0.9677337014837014,0.964546657046657,0.9648196346558574,0.9649999999999999
0.016241885139606893,0.13542848825454712,0.9654372248122249,0.9615179727679727,0.9615535020194687,0.9616666666666668
0.015322426275815815,0.11897363513708115,0.970989935989936,0.9682635882635883,0.9685609434122244,0.9683333333333333
0.01416347657990021,0.1220313161611557,0.9712943075443076,0.9677405002405002,0.967941247756297,0.9683333333333333
0.012439271153804535,0.1537352204322815,0.9629540094981272,0.9555241055241055,0.9557814023095896,0.9549999999999997
0.015787276313252125,0.11664005368947983,0.9691736966736967,0.9678336940836941,0.9677505421102248,0.9683333333333333
0.01256076393959423,0.11960345506668091,0.9666248566248566,0.9649765512265512,0.9648834710509342,0.965
0.010258973876868064,0.13502368330955505,0.9642661042661042,0.9614832852332853,0.9612332295099381,0.9616666666666668
0.01470047920399035,0.13055841624736786,0.964246262996263,0.9618757168757169,0.9615219613954528,0.9616666666666666
0.011859029599387819,0.12570655345916748,0.9720735283235283,0.9694540644540645,0.9693964659144135,0.9699999999999999
0.012155349337263033,0.12758183479309082,0.9710165297665297,0.9683555796055797,0.9684871071713402,0.9683333333333333
0.011599695377905542,0.13680066168308258,0.9696528934028934,0.9662722462722463,0.9664277922172883,0.9666666666666667
0.009354723918174082,0.11961966753005981,0.9684650997150999,0.9668278018278018,0.9669072095911845,0.9666666666666667
0.010759142557314286,0.13815096020698547,0.9696528934028934,0.9662722462722463,0.9664277922172883,0.9666666666666667
0.011902621403957406,0.12787362933158875,0.9704921004921006,0.9681703944203944,0.9682877510919307,0.9683333333333333
0.012582532071974128,0.12050922960042953,0.970282264032264,0.9684950697450697,0.9684321828061676,0.9683333333333333
0.009429664661486944,0.12843285501003265,0.9698565786065786,0.9671651034151035,0.967221866775665,0.9666666666666667
0.01688659650972113,0.1307169795036316,0.9710165297665297,0.9683555796055797,0.9684871071713402,0.9683333333333333
0.008923114432642857,0.12919145822525024,0.9698565786065786,0.9671651034151035,0.967221866775665,0.9666666666666667
0.008726219452607134,0.12176909297704697,0.9707893032893034,0.9688648388648389,0.9689456424457772,0.9683333333333333
0.0067732806007067365,0.13911469280719757,0.9679814167314168,0.9651164576164576,0.964902455248482,0.965
0.010287759389029816,0.12760892510414124,0.9651036926036926,0.9628932178932179,0.9630183916858548,0.9633333333333334
0.01286991505670206,0.1339963972568512,0.9684767084767084,0.966643217893218,0.9667410561902531,0.9666666666666667
0.009112977354864901,0.1245141550898552,0.9722082084582083,0.9691173641173642,0.9695647064996012,0.9700000000000001
0.008453998384842029,0.1334916651248932,0.9710165297665297,0.9683555796055797,0.9684871071713402,0.9683333333333333
0.00864458859238463,0.12714853882789612,0.968893375143375,0.9668284030784031,0.9668303521425522,0.9666666666666667
0.0115066149495154,0.1377335488796234,0.9698565786065786,0.9671651034151035,0.967221866775665,0.9666666666666667
0.007842992364506548,0.14039868116378784,0.9710165297665297,0.9683555796055797,0.9684871071713402,0.9683333333333333
0.007540332056426753,0.13684307038784027,0.9710165297665297,0.9683555796055797,0.9684871071713402,0.9683333333333333
0.006936508948759486,0.13071990013122559,0.9716520516520517,0.9693608706108706,0.9695529914876059,0.9699999999999999
0.009052166511537507,0.12932106852531433,0.9667783142783142,0.964651875901876,0.9648610280847348,0.965
0.0071459897444583476,0.14649397134780884,0.9695218207718207,0.9653252765752764,0.9652173717349558,0.965
0.011264235343939314,0.13507512211799622,0.9725364912864912,0.9694540644540645,0.9696522203901169,0.9699999999999999
0.0075589819947102415,0.13128292560577393,0.9672597772597772,0.9649765512265512,0.9651874717935315,0.965
0.007734415237791836,0.13254296779632568,0.9735634273134273,0.9710612073112074,0.971264884949118,0.9716666666666666
0.007129071144542347,0.1338919699192047,0.9720482757982757,0.9698707311207312,0.9698539502048499,0.9699999999999999
0.007862257606272275,0.1399230659008026,0.9719039756539756,0.9683555796055797,0.9685312118909012,0.9683333333333333
0.006384020045516081,0.13965089619159698,0.9636354386354385,0.9614832852332853,0.9610350222192552,0.9616666666666668
0.006974022719077766,0.1323966383934021,0.9652612202612202,0.9634613997113998,0.9632209814937078,0.9633333333333334
0.006886255777014109,0.13888919353485107,0.9719039756539756,0.9683555796055797,0.9685312118909012,0.9683333333333333
0.0054952581219064696,0.13323697447776794,0.9710165297665297,0.9683555796055797,0.9684871071713402,0.9683333333333333
0.005273865526154016,0.1309780478477478,0.9710165297665297,0.9683555796055797,0.9684871071713402,0.9683333333333333
0.004947372280488101,0.1321197748184204,0.9736896899396897,0.9713858826358827,0.9714456343093216,0.9716666666666666
0.005597844972119977,0.14181309938430786,0.9677162652162652,0.9644203944203945,0.9647367230693226,0.965
0.005945166408006723,0.1366356760263443,0.9707680976430977,0.9653793891293891,0.9662141582935094,0.9666666666666667
0.007939651040942408,0.13141800463199615,0.9671082621082622,0.964651875901876,0.9649275627616927,0.965
0.005773547149146907,0.13478772342205048,0.9700533263033262,0.9680188792688793,0.9680955925382273,0.9683333333333333
0.005318858229050723,0.14047524333000183,0.9719039756539756,0.9683555796055797,0.9685312118909012,0.9683333333333333
0.009200366010190919,0.14262768626213074,0.9633530821030821,0.9621777296777297,0.9614196256332704,0.9616666666666666
0.0049543151835678145,0.13151539862155914,0.9710165297665297,0.9683555796055797,0.9684871071713402,0.9683333333333333
0.004098416936661427,0.1355191171169281,0.9710165297665297,0.9683555796055797,0.9684871071713402,0.9683333333333333
0.006268991084652953,0.14097197353839874,0.96758806008806,0.9653132515632517,0.9652749856840471,0.965
0.005477761340443976,0.1506933867931366,0.9665336052836052,0.9611932974432974,0.9618483457291674,0.9616666666666666
0.004552989601506852,0.13454611599445343,0.9725316812816813,0.9695460557960559,0.9698980419156084,0.9699999999999999
0.004584033444795447,0.13878761231899261,0.9690468327968328,0.9665037277537278,0.9668079091763527,0.9666666666666667
0.0082816465680177,0.13665492832660675,0.9655931105931105,0.9634613997113998,0.9635166280174245,0.9633333333333334
0.005169060694849274,0.13840600848197937,0.9694020331520332,0.9665037277537278,0.9669536035249457,0.9666666666666667
0.005524406621892315,0.13922777771949768,0.9663128075628076,0.9640295815295815,0.9638285393316579,0.9633333333333334
0.004943284972493227,0.1425573229789734,0.9699847837347838,0.9662722462722463,0.9666836041609406,0.9666666666666667
0.004690736381841513,0.13548383116722107,0.9690215802715803,0.9665037277537278,0.9667287495047177,0.9666666666666667
0.005035141322878189,0.14347709715366364,0.9710165297665297,0.9683555796055797,0.9684871071713402,0.9683333333333333
0.004251449989775817,0.1455964744091034,0.9692294742294741,0.9668284030784031,0.9668666697885189,0.9666666666666667
0.0038027912863375,0.1437986195087433,0.9663128075628076,0.9640295815295815,0.9638285393316579,0.9633333333333334
0.0049147957712799934,0.14772658050060272,0.9706846394346393,0.9677873977873978,0.9677946352507979,0.9683333333333333
0.004283725187027206,0.14719939231872559,0.9703635716135718,0.965947570947571,0.9664153409102213,0.9666666666666667
0.005421707624918781,0.1460402011871338,0.9696528934028934,0.9662722462722463,0.9664277922172883,0.9666666666666667
0.005316032033685285,0.13942137360572815,0.9690468327968328,0.9665037277537278,0.9668079091763527,0.9666666666666667
0.0037744914734503254,0.13973814249038696,0.9725316812816813,0.9695460557960559,0.9698980419156084,0.9699999999999999
0.0047731038503116,0.13529425859451294,0.9705367317867318,0.967694203944204,0.9681396842489858,0.9683333333333333
0.004746262090823923,0.14016053080558777,0.9690468327968328,0.9665037277537278,0.9668079091763527,0.9666666666666667
0.003634533034831596,0.14173460006713867,0.9690468327968328,0.9665037277537278,0.9668079091763527,0.9666666666666667
0.003787431211094372,0.14259974658489227,0.9639979927479927,0.9613780663780664,0.9617715579971828,0.9616666666666668
0.005694366724734816,0.14608004689216614,0.9710165297665297,0.9683555796055797,0.9684871071713402,0.9683333333333333
0.004234135817872205,0.14077478647232056,0.9678868816368816,0.9653132515632517,0.9655426687806776,0.965
0.003639318839608071,0.1634901911020279,0.9693560606060606,0.9650006012506013,0.9647713758605488,0.965
0.003387672952764357,0.15388266742229462,0.9633530821030821,0.9621777296777297,0.9614196256332704,0.9616666666666666
0.004358099293312989,0.1428811103105545,0.9642294742294742,0.9619462481962482,0.9618541384601982,0.9616666666666668
0.004142145243046495,0.149293452501297,0.9710165297665297,0.9683555796055797,0.9684871071713402,0.9683333333333333
0.004126375017222017,0.1429435908794403,0.9715937303437303,0.9692093554593555,0.9695856869541305,0.9699999999999999
0.004013376298341124,0.1479455977678299,0.9675297387797387,0.9653132515632517,0.9651678625853258,0.965
0.0036249119681694233,0.14993974566459656,0.9710165297665297,0.9683555796055797,0.9684871071713402,0.9683333333333333
0.0049400755572908866,0.1484118103981018,0.9710165297665297,0.9683555796055797,0.9684871071713402,0.9683333333333333
0.004007438137098991,0.15015298128128052,0.9710165297665297,0.9683555796055797,0.9684871071713402,0.9683333333333333
0.002748786015824104,0.145294189453125,0.9710165297665297,0.9683555796055797,0.9684871071713402,0.9683333333333333
0.00543461310735438,0.14352497458457947,0.9690215802715803,0.9665037277537278,0.9667287495047177,0.9666666666666667
0.004603609881693653,0.1529116928577423,0.9710165297665297,0.9683555796055797,0.9684871071713402,0.9683333333333333
0.002750476916844491,0.15080271661281586,0.9691032116032116,0.9665037277537278,0.9666859204283152,0.9666666666666667
0.0027247598579075807,0.14797177910804749,0.9639516964516964,0.9619462481962483,0.9619249439129528,0.9616666666666668
0.0033147139280724027,0.14879797399044037,0.9713717301217302,0.9683555796055797,0.9686328015199331,0.9683333333333333
0.002698241371642022,0.15479795634746552,0.9616004366004365,0.9596777296777298,0.9594377305360503,0.96
0.005007017103101437,0.1461959034204483,0.9662202149702148,0.9637981000481002,0.9638718250045707,0.9633333333333334
0.004573776886293975,0.15040811896324158,0.9633636733636735,0.9612848725348725,0.9608800807459444,0.9616666666666666
0.004480257135583088,0.1519673764705658,0.9659213934213934,0.9637981000481002,0.9636041419079402,0.9633333333333334
0.002503751076195234,0.14722876250743866,0.970381609131609,0.9683555796055797,0.968183106428743,0.9683333333333333
0.002515875152312219,0.1511603146791458,0.9691032116032116,0.9665037277537278,0.9666859204283152,0.9666666666666667
0.004381128092063591,0.15318143367767334,0.9725316812816813,0.9695460557960559,0.9698980419156084,0.9699999999999999
0.0035826567764161155,0.1473255753517151,0.9713464775964776,0.9683555796055797,0.9685536418482981,0.9683333333333333
0.003169336797630725,0.15892381966114044,0.9627083102083102,0.959862914862915,0.9599890590951188,0.9600000000000001
0.002713305473056001,0.15353623032569885,0.968411912161912,0.9665037277537278,0.9665039084337556,0.9666666666666667
0.0031417016167930947,0.14692215621471405,0.9699270636770637,0.967694203944204,0.9679148431780237,0.9683333333333333
0.0035836572666691304,0.1475941687822342,0.9690215802715803,0.9665037277537278,0.9667287495047177,0.9666666666666667
0.0029224321430471414,0.14679484069347382,0.9705619843119844,0.967694203944204,0.9682188439206209,0.9683333333333333
0.002577038593396234,0.1516416370868683,0.9725316812816813,0.9695460557960559,0.9698980419156084,0.9699999999999999
0.004888928429863881,0.15767085552215576,0.9660845635845635,0.9634613997113998,0.9636198026205992,0.9633333333333334
0.0045463029042972876,0.15169373154640198,0.9710165297665297,0.9683555796055797,0.9684871071713402,0.9683333333333333
0.0030416072210452207,0.15003788471221924,0.9724500962000963,0.9695460557960559,0.9697752348980644,0.9699999999999999
0.0033820769410037124,0.1602495312690735,0.9681646594146595,0.9653132515632517,0.965532316813804,0.965
0.002583123551933871,0.1560763120651245,0.9710165297665297,0.9683555796055797,0.9684871071713402,0.9683333333333333
0.0041608634395136805,0.156436949968338,0.9710165297665297,0.9683555796055797,0.9684871071713402,0.9683333333333333
0.004106556121162915,0.1508997082710266,0.967380166130166,0.9649885762385764,0.9651370654002459,0.965
0.0025637535072746687,0.1535700261592865,0.9710165297665297,0.9683555796055797,0.9684871071713402,0.9683333333333333
0.0043444554855038104,0.1544802337884903,0.9710165297665297,0.9683555796055797,0.9684871071713402,0.9683333333333333
0.001685885191060758,0.15322747826576233,0.9708650146150145,0.9680309042809044,0.9682271981395014,0.9683333333333333
0.003654457294032909,0.15292392671108246,0.9725316812816813,0.9695460557960559,0.9698980419156084,0.9699999999999999
0.002239884634036571,0.15391805768013,0.9690468327968328,0.9665037277537278,0.9668079091763527,0.9666666666666667
0.0023422707866605683,0.15967373549938202,0.9719666907166906,0.9698707311207312,0.9697311431873059,0.9699999999999999
0.002597300583147444,0.15653079748153687,0.967380166130166,0.9649885762385764,0.9651370654002459,0.965
0.0036353059113025665,0.1689797341823578,0.9695460557960557,0.9662722462722463,0.9663569644757959,0.9666666666666667
0.00305426839380137,0.15626688301563263,0.9649768287268287,0.9617147667147669,0.9619359401867368,0.9616666666666668
0.0024688385068050898,0.15705059468746185,0.9648565786065785,0.9622829485329486,0.9622093354473442,0.9616666666666668
0.0026015655991310873,0.1577390730381012,0.9724500962000963,0.9695460557960559,0.9697752348980644,0.9699999999999999
0.0038177959504537284,0.16108185052871704,0.9709349446849447,0.9683555796055797,0.9683643001537963,0.9683333333333333
0.0016695421266679962,0.16049520671367645,0.9710165297665297,0.9683555796055797,0.9684871071713402,0.9683333333333333
0.0016216071429274355,0.16315773129463196,0.9710165297665297,0.9683555796055797,0.9684871071713402,0.9683333333333333
0.004401886486448348,0.15467387437820435,0.9692682780182779,0.9668404280904282,0.9666934563776893,0.9666666666666667
0.0018212722400979449,0.16559389233589172,0.9699031986531986,0.9662722462722463,0.9665607971433966,0.9666666666666667
0.0021680897819654397,0.16097576916217804,0.9710165297665297,0.9683555796055797,0.9684871071713402,0.9683333333333333
0.003351772958315754,0.1651286780834198,0.9693246105746106,0.9665037277537278,0.9667975572094791,0.9666666666666667
0.003520744896377437,0.15897402167320251,0.9710165297665297,0.9683555796055797,0.9684871071713402,0.9683333333333333
0.002007786710843599,0.1580110490322113,0.9710165297665297,0.9683555796055797,0.9684871071713402,0.9683333333333333
0.0024635691443108954,0.15358000993728638,0.9713717301217302,0.9683555796055797,0.9686328015199331,0.9683333333333333
0.002465606104427328,0.16061310470104218,0.9720482757982757,0.9698707311207312,0.9698539502048499,0.9699999999999999
0.0034289738832740113,0.1607205867767334,0.9693246105746106,0.9665037277537278,0.9667975572094791,0.9666666666666667
0.003269424989412073,0.15769605338573456,0.9725316812816813,0.9695460557960559,0.9698980419156084,0.9699999999999999
0.002646257489686832,0.15963980555534363,0.9645577570577569,0.9622829485329486,0.9619416523507137,0.9616666666666668
0.0019328653749350149,0.1601848602294922,0.9631436156436156,0.9622829485329486,0.9612159745197727,0.9616666666666668
0.0026145527153857984,0.15787266194820404,0.9710165297665297,0.9683555796055797,0.9684871071713402,0.9683333333333333
0.002232553542853566,0.16274476051330566,0.9710165297665297,0.9683555796055797,0.9684871071713402,0.9683333333333333
0.002083865322977848,0.15888580679893494,0.9693498630998629,0.9668404280904282,0.9668162633952333,0.9666666666666667
0.0028176628317548116,0.1578987091779709,0.9642234617234617,0.9610533910533912,0.9613999938393869,0.9616666666666668
0.004454740873673775,0.16338281333446503,0.9710165297665297,0.9683555796055797,0.9684871071713402,0.9683333333333333
0.0025160711472077915,0.16337577998638153,0.9710165297665297,0.9683555796055797,0.9684871071713402,0.9683333333333333
0.0021797260730333314,0.16204023361206055,0.9710165297665297,0.9683555796055797,0.9684871071713402,0.9683333333333333
0.0022195646997715812,0.16020961105823517,0.9710165297665297,0.9683555796055797,0.9684871071713402,0.9683333333333333
0.0019427580082265195,0.16338182985782623,0.9645577570577569,0.9622829485329486,0.9619416523507137,0.9616666666666668
0.0018056773308975,0.15940865874290466,0.9642294742294742,0.9619462481962482,0.9618541384601982,0.9616666666666668
0.0020938761493501565,0.1682058870792389,0.962986087986088,0.959862914862915,0.9599787071282452,0.9600000000000001
0.0018575605524044174,0.17021241784095764,0.9709349446849447,0.9683555796055797,0.9683643001537963,0.9683333333333333
0.003078138513956219,0.16630584001541138,0.9710165297665297,0.9683555796055797,0.9684871071713402,0.9683333333333333
0.0031227899623142243,0.16445040702819824,0.9692682780182779,0.9668404280904282,0.9666934563776893,0.9666666666666667
0.001996345653121049,0.16208389401435852,0.9725316812816813,0.9695460557960559,0.9698980419156084,0.9699999999999999
0.0024732802012294997,0.16630597412586212,0.9725316812816813,0.9695460557960559,0.9698980419156084,0.9699999999999999
0.001935614003741648,0.1663278341293335,0.9630931105931105,0.9619462481962482,0.9611181086623835,0.9616666666666668
0.0023246860582730733,0.16305363178253174,0.9679862267362266,0.9653252765752766,0.9651537738380068,0.965
0.001694428400999944,0.16445092856884003,0.9693498630998629,0.9668404280904282,0.9668162633952333,0.9666666666666667
0.0022131662529621585,0.1821693480014801,0.9699031986531986,0.9662722462722463,0.9665607971433966,0.9666666666666667
0.0014069964660545036,0.16154852509498596,0.9710165297665297,0.9683555796055797,0.9684871071713402,0.9683333333333333
0.002256919987606428,0.1626209020614624,0.9692682780182779,0.9668404280904282,0.9666934563776893,0.9666666666666667
0.0030431831886138148,0.16458860039710999,0.9628658378658378,0.9604310966810967,0.9602521023888526,0.9600000000000001
0.002223974858983032,0.16589675843715668,0.9699031986531986,0.9662722462722463,0.9665607971433966,0.9666666666666667
0.0022832803006167524,0.15711833536624908,0.9698454785954786,0.967694203944204,0.9677920361604797,0.9683333333333333
0.0018219370504084509,0.1611119955778122,0.9699031986531986,0.9662722462722463,0.9665607971433966,0.9666666666666667
0.0015648568684506852,0.1572001874446869,0.9691730954230954,0.9661790524290524,0.9664771946917594,0.9666666666666667
0.002870661912311334,0.1602407693862915,0.9695013782513783,0.9665157527657527,0.966564708582275,0.9666666666666667
0.0029654044556082226,0.16171184182167053,0.9645072520072521,0.9619462481962482,0.9618437864933246,0.9616666666666668
0.0022188258274885206,0.16101223230361938,0.9724500962000963,0.9695460557960559,0.9697752348980644,0.9699999999999999
0.0019127031167348225,0.16199547052383423,0.9725316812816813,0.9695460557960559,0.9698980419156084,0.9699999999999999
0.0019045517644068848,0.1623917669057846,0.9710165297665297,0.9683555796055797,0.9684871071713402,0.9683333333333333
0.002065456401396659,0.16139671206474304,0.9660165297665296,0.9634734247234248,0.9634745758430193,0.9633333333333334
0.0014128253011828444,0.1644895374774933,0.9710165297665297,0.9683555796055797,0.9684871071713402,0.9683333333333333
0.0013409103157755453,0.17150399088859558,0.9693498630998629,0.9668404280904282,0.9668162633952333,0.9666666666666667
0.002153664290138598,0.1715812385082245,0.9693498630998629,0.9668404280904282,0.9668162633952333,0.9666666666666667
0.0017364427864473935,0.1667637825012207,0.9693498630998629,0.9668404280904282,0.9668162633952333,0.9666666666666667
0.0022545285028172657,0.16663643717765808,0.9662943075443075,0.9634734247234248,0.9634642238761457,0.9633333333333334
0.002856577905428518,0.1726391613483429,0.9676579439079438,0.9649885762385764,0.9651267134333722,0.965
0.0019240364357150004,0.16758811473846436,0.9662943075443075,0.9634734247234248,0.9634642238761457,0.9633333333333334
0.001714477120306886,0.17298027873039246,0.9693498630998629,0.9668404280904282,0.9668162633952333,0.9666666666666667
0.0011203480056186284,0.1689867079257965,0.9693498630998629,0.9668404280904282,0.9668162633952333,0.9666666666666667
0.0017411519305217855,0.16434602439403534,0.9707834295334296,0.9680309042809044,0.9681043911219575,0.9683333333333333
0.0015912586786726024,0.1671774685382843,0.9676579439079438,0.9649885762385764,0.9651267134333722,0.965
0.002332941008717171,0.1684875190258026,0.9653894253894254,0.9631367243867245,0.9631798323417543,0.9633333333333334
0.0013370822683403578,0.16617314517498016,0.9693498630998629,0.9668404280904282,0.9668162633952333,0.9666666666666667
0.0019168832162298106,0.16994605958461761,0.9709349446849447,0.9683555796055797,0.9683643001537963,0.9683333333333333
0.0014430914913342956,0.1731085628271103,0.9699031986531986,0.9662722462722463,0.9665607971433966,0.9666666666666667
0.0022328657360048965,0.17191585898399353,0.9693498630998629,0.9668404280904282,0.9668162633952333,0.9666666666666667
0.0016241090755405214,0.16817057132720947,0.9693498630998629,0.9668404280904282,0.9668162633952333,0.9666666666666667
0.0020615398655839576,0.17101582884788513,0.9662943075443075,0.9634734247234248,0.9634642238761457,0.9633333333333334
0.0016454050443523254,0.17792946100234985,0.9699031986531986,0.9662722462722463,0.9665607971433966,0.9666666666666667
0.001719108894879658,0.17048195004463196,0.9662943075443075,0.9634734247234248,0.9634642238761457,0.9633333333333334
0.002499657404162766,0.16821306943893433,0.9662943075443075,0.9634734247234248,0.9634642238761457,0.9633333333333334
0.0015570179663579136,0.17146599292755127,0.9627606190106189,0.9595382395382396,0.959838807441244,0.96
0.0014290986922181521,0.16758833825588226,0.9679862267362266,0.9653252765752766,0.9651537738380068,0.965
0.001073022043177237,0.16901668906211853,0.9651343563843563,0.9622829485329486,0.9621989834804706,0.9616666666666668
0.002332127142532651,0.17090260982513428,0.9648565786065785,0.9622829485329486,0.9622093354473442,0.9616666666666668
0.0015465566708977956,0.16709014773368835,0.9707834295334296,0.9680309042809044,0.9681043911219575,0.9683333333333333
0.0015913018578430638,0.16738763451576233,0.9710165297665297,0.9683555796055797,0.9684871071713402,0.9683333333333333
0.0015547974908258766,0.16830824315547943,0.9662943075443075,0.9634734247234248,0.9634642238761457,0.9633333333333334
0.0011082584108711064,0.16749660670757294,0.9708650146150145,0.9680309042809044,0.9682271981395014,0.9683333333333333
0.002590951007732656,0.16956764459609985,0.9676579439079438,0.9649885762385764,0.9651267134333722,0.965
0.0023051465080546527,0.16785261034965515,0.9725316812816813,0.9695460557960559,0.9698980419156084,0.9699999999999999
0.002106474701577099,0.17183458805084229,0.9709349446849447,0.9683555796055797,0.9683643001537963,0.9683333333333333
0.0010644280616058193,0.17612269520759583,0.9699031986531986,0.9662722462722463,0.9665607971433966,0.9666666666666667
0.0013349647427579232,0.1697099208831787,0.9692682780182779,0.9668404280904282,0.9666934563776893,0.9666666666666667
0.00165750460291747,0.16754436492919922,0.9708650146150145,0.9680309042809044,0.9682271981395014,0.9683333333333333
0.0020500633424186767,0.1705995500087738,0.9724500962000963,0.9695460557960559,0.9697752348980644,0.9699999999999999
0.0030179657333064824,0.16900384426116943,0.9641032116032116,0.9616215728715729,0.9616733890999943,0.9616666666666668
0.002053012346247366,0.17818193137645721,0.9612454674954675,0.9583477633477634,0.9584278726969759,0.9583333333333334
0.0031814941333626243,0.1749437153339386,0.9692682780182779,0.9668404280904282,0.9666934563776893,0.9666666666666667
0.001441257581367002,0.17025044560432434,0.9721470658970658,0.9701142376142378,0.9700049759172792,0.9699999999999999
0.0014589227066608146,0.17261986434459686,0.9641032116032116,0.9616215728715729,0.9616733890999943,0.9616666666666668
0.001519122157333186,0.1719939410686493,0.9657446257446257,0.9631367243867245,0.9633255266903471,0.9633333333333334
0.001155244733430057,0.17464683949947357,0.9628658378658378,0.9604310966810967,0.9602521023888526,0.9600000000000001
0.0014206458278446614,0.17293724417686462,0.9693498630998629,0.9668404280904282,0.9668162633952333,0.9666666666666667
0.0012726752053519401,0.1753673553466797,0.9687480112480111,0.9665037277537278,0.9665402260797222,0.9666666666666667
0.0010202527519140858,0.16857105493545532,0.966545214045214,0.9648953823953824,0.9647164072734474,0.965
0.001789332288656927,0.1696092188358307,0.9662943075443075,0.9634734247234248,0.9634642238761457,0.9633333333333334
0.0013047346534828346,0.16620509326457977,0.9678094590594589,0.964663900913901,0.9648751586204137,0.965
0.0013630501246855904,0.17907929420471191,0.9709349446849447,0.9683555796055797,0.9683643001537963,0.9683333333333333
0.002478712461500739,0.1689489334821701,0.9691730954230953,0.9661790524290526,0.9665376481776402,0.9666666666666667
0.0017307464743983776,0.17669647932052612,0.9692430254930255,0.9665037277537278,0.9666747501919352,0.9666666666666667
0.001092204942930645,0.1757480353116989,0.9692430254930255,0.9665037277537278,0.9666747501919352,0.9666666666666667
0.0013289615453686565,0.1702868938446045,0.9678094590594589,0.964663900913901,0.9648751586204137,0.965
0.0008333533248029804,0.17469672858715057,0.9709349446849447,0.9683555796055797,0.9683643001537963,0.9683333333333333
0.001226746870088391,0.17118941247463226,0.9660165297665296,0.9634734247234248,0.9634745758430193,0.9633333333333334
0.0016207786866289098,0.17050141096115112,0.9655409405409404,0.9628120490620491,0.9629282775287957,0.9633333333333334
0.0017418675609709073,0.17322319746017456,0.9693246105746106,0.9665037277537278,0.9667975572094791,0.9666666666666667
0.0013917287275641381,0.17396843433380127,0.9693246105746106,0.9665037277537278,0.9667975572094791,0.9666666666666667
0.0012919269732568257,0.17450611293315887,0.9709349446849447,0.9683555796055797,0.9683643001537963,0.9683333333333333
0.0013799222591236078,0.1698051542043686,0.9678094590594589,0.964663900913901,0.9648751586204137,0.965
0.0018302270145795774,0.17441701889038086,0.9673260535760536,0.9649885762385764,0.9648310669096555,0.965
0.0009840791353781242,0.17568495869636536,0.9693246105746106,0.9665037277537278,0.9667975572094791,0.9666666666666667
0.0023750992283263863,0.17539696395397186,0.9725316812816813,0.9695460557960559,0.9698980419156084,0.9699999999999999
0.0016329983942947972,0.17439433932304382,0.9678094590594589,0.964663900913901,0.9648751586204137,0.965
0.0010475389232548575,0.17858819663524628,0.9662943075443075,0.9634734247234248,0.9634642238761457,0.9633333333333334
0.0011574496190102461,0.17589402198791504,0.9693498630998629,0.9668404280904282,0.9668162633952333,0.9666666666666667
0.0012478391539237539,0.17817245423793793,0.967056092056092,0.964651875901876,0.9648506761178611,0.965
0.0018547115723777097,0.174626886844635,0.9637480112480111,0.9616215728715729,0.9615276947514014,0.9616666666666668
0.0020489123307925183,0.174312025308609,0.9642294742294742,0.9619462481962482,0.9618541384601982,0.9616666666666668
0.0010899932591807253,0.17652907967567444,0.9710165297665297,0.9683555796055797,0.9684871071713402,0.9683333333333333
0.002890846723554811,0.18034455180168152,0.9616448366448366,0.959769721019721,0.9591323503260059,0.96
0.0013839125325224206,0.1772690862417221,0.9653894253894254,0.9631367243867245,0.9631798323417543,0.9633333333333334
0.0011471144895646528,0.17985501885414124,0.9651343563843563,0.9622829485329486,0.9621989834804706,0.9616666666666668
0.0009711093904722171,0.1758333146572113,0.9662943075443075,0.9634734247234248,0.9634642238761457,0.9633333333333334
0.0012186780683502245,0.18375828862190247,0.9693246105746106,0.9665037277537278,0.9667975572094791,0.9666666666666667
0.001280807951237269,0.17370115220546722,0.9691730954230953,0.9661790524290526,0.9665376481776402,0.9666666666666667
0.001880853279241516,0.1761951744556427,0.9666495078995078,0.9634734247234248,0.9636099182247385,0.9633333333333334
0.0011649523015269854,0.18084250390529633,0.9693498630998629,0.9668404280904282,0.9668162633952333,0.9666666666666667
0.001010319808604739,0.1760539412498474,0.9724500962000963,0.9695460557960559,0.9697752348980644,0.9699999999999999
0.0020034324916196056,0.17458467185497284,0.9724500962000963,0.9695460557960559,0.9697752348980644,0.9699999999999999
0.0011847728940968711,0.174417644739151,0.9690915103415102,0.9661790524290526,0.9664148411600962,0.9666666666666667
0.0012536101591346476,0.18086791038513184,0.9657446257446257,0.9631367243867245,0.9633255266903471,0.9633333333333334
0.001517374880980545,0.1724337786436081,0.9678094590594589,0.964663900913901,0.9648751586204137,0.965
0.0018200133345089853,0.17958739399909973,0.9693246105746106,0.9665037277537278,0.9667975572094791,0.9666666666666667
0.0008906184678683834,0.17157910764217377,0.9693498630998629,0.9668404280904282,0.9668162633952333,0.9666666666666667
0.0015885160592006287,0.17253240942955017,0.9691730954230953,0.9661790524290526,0.9665376481776402,0.9666666666666667
0.0017905320431358025,0.1725313663482666,0.9676579439079438,0.9649885762385763,0.9650662599474913,0.965
0.0018626546837670805,0.17476248741149902,0.9652631627631627,0.9628120490620491,0.9629386294956696,0.9633333333333334
0.0018667481405524693,0.17537564039230347,0.9709349446849447,0.9683555796055797,0.9683643001537963,0.9683333333333333
0.0012422791514836717,0.17141693830490112,0.9725316812816813,0.9695460557960559,0.9698980419156084,0.9699999999999999
0.0018149275407874181,0.1807626485824585,0.9614516964516965,0.9604310966810967,0.9595264245579117,0.9600000000000001
0.0011585873883935467,0.1738114058971405,0.9709349446849447,0.9683555796055797,0.9683643001537963,0.9683333333333333
0.0015401442591003918,0.17788580060005188,0.9690468327968328,0.9665037277537278,0.9668079091763527,0.9666666666666667
0.001752292292318695,0.1740856021642685,0.9662943075443075,0.9634734247234248,0.9634642238761457,0.9633333333333334
0.001337809376612616,0.18197008967399597,0.9709349446849447,0.9683555796055797,0.9683643001537963,0.9683333333333333
0.0010693746559506205,0.17642222344875336,0.967380166130166,0.9649885762385764,0.9651370654002459,0.965
0.001204691396196722,0.17927324771881104,0.9693246105746106,0.9665037277537278,0.9667975572094791,0.9666666666666667
0.0010351361846308766,0.17213205993175507,0.9691730954230953,0.9661790524290526,0.9665376481776402,0.9666666666666667
0.0011021228274330497,0.1729058474302292,0.9678094590594589,0.964663900913901,0.9648751586204137,0.965
0.0010708220725064166,0.1743667721748352,0.9725316812816813,0.9695460557960559,0.9698980419156084,0.9699999999999999
0.001085395666450495,0.17395707964897156,0.9676579439079438,0.9649885762385764,0.9651267134333722,0.965
0.002879688615090951,0.17758433520793915,0.9676579439079438,0.9649885762385764,0.9651267134333722,0.965
0.001166739385856393,0.172091543674469,0.9679862267362266,0.9653252765752766,0.9651537738380068,0.965
0.0017062814549717586,0.17171046137809753,0.9660165297665296,0.9634734247234248,0.9634745758430193,0.9633333333333334
0.0008371968560823007,0.17613530158996582,0.964025789025789,0.9616215728715729,0.9615173427845277,0.9616666666666668
0.0010201517719300075,0.17787334322929382,0.9612454674954675,0.9583477633477634,0.9584278726969759,0.9583333333333334
0.0010969855296328508,0.17430488765239716,0.9660165297665296,0.9634734247234248,0.9634745758430193,0.9633333333333334
0.001786826403986197,0.1712217777967453,0.9675316812816813,0.964663900913901,0.9648855105872874,0.965
0.0012757483103390161,0.1765061467885971,0.9657177082177081,0.9634734247234248,0.9632068927463888,0.9633333333333334
0.0014182422079708583,0.17881599068641663,0.9662943075443075,0.9634734247234248,0.9634642238761457,0.9633333333333334
0.0013791839507272623,0.18064534664154053,0.9662943075443075,0.9634734247234248,0.9634642238761457,0.9633333333333334
0.0011835715546718955,0.17597460746765137,0.964025789025789,0.9616215728715729,0.9615173427845277,0.9616666666666668
0.0018826353358842123,0.18114076554775238,0.9676579439079438,0.9649885762385764,0.9651267134333722,0.965
0.001485493935130459,0.17608308792114258,0.964025789025789,0.9616215728715729,0.9615173427845277,0.9616666666666668
0.0009252935500020006,0.17351262271404266,0.9662943075443075,0.9634734247234248,0.9634642238761457,0.9633333333333334
0.0015301909831274922,0.1746264100074768,0.9724500962000963,0.9695460557960559,0.9697752348980644,0.9699999999999999
0.0017805975688437077,0.17525804042816162,0.9658692696192697,0.9656493506493505,0.964600241999118,0.965
0.002544373399966086,0.17376765608787537,0.9662943075443075,0.9634734247234248,0.9634642238761457,0.9633333333333334
0.0010293274663126795,0.18026648461818695,0.970758177008177,0.967694203944204,0.9680856849362032,0.9683333333333333
0.0015509924172268559,0.17755888402462006,0.9660165297665296,0.9634734247234248,0.9634745758430193,0.9633333333333334
0.0014935624403733527,0.17660222947597504,0.964025789025789,0.9616215728715729,0.9615173427845277,0.9616666666666668
0.0008437986919792214,0.18127918243408203,0.9710165297665297,0.9683555796055797,0.9684871071713402,0.9683333333333333
0.0012648590648799047,0.1779026836156845,0.9662943075443075,0.9634734247234248,0.9634642238761457,0.9633333333333334
0.0011462337837050047,0.17945852875709534,0.9662943075443075,0.9634734247234248,0.9634642238761457,0.9633333333333334
0.0013077654087586172,0.1784377545118332,0.964025789025789,0.9616215728715729,0.9615173427845277,0.9616666666666668
0.0011125027916326264,0.17809224128723145,0.9678094590594589,0.964663900913901,0.9648751586204137,0.965
0.0014403444771839229,0.17742136120796204,0.964025789025789,0.9616215728715729,0.9615173427845277,0.9616666666666668
0.0014732259381465458,0.17778752744197845,0.9662943075443075,0.9634734247234248,0.9634642238761457,0.9633333333333334
0.0008168425695960954,0.17775943875312805,0.9679046416546416,0.9653252765752766,0.9650309668204629,0.965
0.0014146540524961893,0.17761224508285522,0.9692682780182779,0.9668404280904282,0.9666934563776893,0.9666666666666667
0.0013142929650105846,0.1792382299900055,0.9662943075443075,0.9634734247234248,0.9634642238761457,0.9633333333333334
0.0019753236653438457,0.17829585075378418,0.9679046416546416,0.9653252765752766,0.9650309668204629,0.965
0.00111138117305624,0.17964467406272888,0.964025789025789,0.9616215728715729,0.9615173427845277,0.9616666666666668
0.0008925840429583332,0.18217957019805908,0.9709349446849447,0.9683555796055797,0.9683643001537963,0.9683333333333333
0.0014558806797140278,0.17471151053905487,0.9655409405409404,0.9628120490620491,0.9629282775287957,0.9633333333333334
0.0009403579327530073,0.18460655212402344,0.9662943075443075,0.9634734247234248,0.9634642238761457,0.9633333333333334
0.0008022526338512156,0.18082192540168762,0.9692682780182779,0.9668404280904282,0.9666934563776893,0.9666666666666667
0.0020342476539857066,0.1821768879890442,0.9693246105746106,0.9665037277537278,0.9667975572094791,0.9666666666666667
0.0013930894553292699,0.1788495033979416,0.9679862267362266,0.9653252765752766,0.9651537738380068,0.965
0.0007861364235092575,0.17743048071861267,0.9693246105746106,0.9665037277537278,0.9667975572094791,0.9666666666666667
0.0010283672988104324,0.1800408661365509,0.9676579439079438,0.9649885762385764,0.9651267134333722,0.965
0.0005880385130391611,0.17937466502189636,0.9676579439079438,0.9649885762385764,0.9651267134333722,0.965
0.0017914244375181927,0.18465662002563477,0.9693246105746106,0.9665037277537278,0.9667975572094791,0.9666666666666667
0.0017967559469980188,0.18084315955638885,0.9662943075443075,0.9634734247234248,0.9634642238761457,0.9633333333333334
0.0012301396497302146,0.175441175699234,0.9679046416546416,0.9653252765752766,0.9650309668204629,0.965
0.0019223651288484689,0.17508523166179657,0.9662943075443075,0.9634734247234248,0.9634642238761457,0.9633333333333334
0.001518451830027819,0.1815490424633026,0.9647176897176896,0.9620977633477633,0.9621096875281716,0.9616666666666668
0.0008714402041126353,0.17853614687919617,0.9726352813852813,0.969697570947571,0.9699619762612763,0.9699999999999999
0.0012805635099842523,0.1789468377828598,0.9667051467051465,0.9643272005772007,0.9644777066571723,0.965
0.0008968048872096309,0.1815231293439865,0.9692682780182779,0.9668404280904282,0.9666934563776893,0.9666666666666667
0.0017518784813243353,0.18459457159042358,0.9697444684944685,0.9668404280904282,0.9668740003301631,0.9666666666666667
0.0013752008738568595,0.1793137490749359,0.9643809893809893,0.9616215728715729,0.9616630371331206,0.9616666666666668
0.0011832922415730234,0.18134288489818573,0.9678094590594589,0.964663900913901,0.9648751586204137,0.965
0.0009263976135116536,0.18416523933410645,0.9678094590594589,0.964663900913901,0.9648751586204137,0.965
0.0008548037828101466,0.1837281584739685,0.9692430254930255,0.9665037277537278,0.9666747501919352,0.9666666666666667
0.0010361062898785651,0.17888300120830536,0.964025789025789,0.9616215728715729,0.9615173427845277,0.9616666666666668
0.001023688914453184,0.1849147081375122,0.9588645151145151,0.9564959114959115,0.9560428802384541,0.9566666666666667
0.0017792600143972475,0.1793489158153534,0.9662127224627225,0.9634734247234248,0.9633414168586018,0.9633333333333334
0.0007614350900742769,0.1790880262851715,0.9662127224627225,0.9634734247234248,0.9633414168586018,0.9633333333333334
0.001068833783089455,0.1773519366979599,0.9653415103415103,0.9628120490620491,0.9628152170999459,0.9633333333333334
0.0017285609756072517,0.18168257176876068,0.9690915103415102,0.9661790524290526,0.9664148411600962,0.9666666666666667
0.0011210365234243607,0.17666885256767273,0.9662127224627225,0.9634734247234248,0.9633414168586018,0.9633333333333334
0.0010308784051934101,0.18401560187339783,0.9692430254930255,0.9665037277537278,0.9666747501919352,0.9666666666666667
0.0017022825977619505,0.18200770020484924,0.9662943075443075,0.9634734247234248,0.9634642238761457,0.9633333333333334
0.001118949655695663,0.18511371314525604,0.967056092056092,0.964651875901876,0.9648506761178611,0.965
0.000831620313571572,0.18151240050792694,0.9662943075443075,0.9634734247234248,0.9634642238761457,0.9633333333333334
0.001184423274632233,0.18228712677955627,0.9675763588263587,0.9649885762385764,0.9650039064158283,0.965
0.0017279785582407687,0.1833839863538742,0.9662943075443075,0.9634734247234248,0.9634642238761457,0.9633333333333334
0.002164986103101304,0.1840304434299469,0.9624054186554186,0.9595382395382396,0.959693113092651,0.96
0.0010557449034725626,0.18136726319789886,0.9680645743145743,0.9651400913900914,0.9651990019979207,0.965
0.0009143239234011465,0.18698695302009583,0.964025789025789,0.9616215728715729,0.9615173427845277,0.9616666666666668
0.0009706077829226464,0.1861857771873474,0.9642294742294742,0.9619462481962483,0.9619145919460791,0.9616666666666668
0.0007705186423360525,0.18552640080451965,0.9628658378658378,0.9604310966810967,0.9602521023888526,0.9600000000000001
0.0006674996693618596,0.1909930557012558,0.9709349446849447,0.9683555796055797,0.9683643001537963,0.9683333333333333
0.0011129464522430983,0.17985646426677704,0.967727873977874,0.964663900913901,0.9647523516028698,0.965
0.0013451444183374406,0.18076422810554504,0.9662127224627225,0.9634734247234248,0.9633414168586018,0.9633333333333334
0.0011350778671233759,0.18379199504852295,0.9662127224627225,0.9634734247234248,0.9633414168586018,0.9633333333333334
0.0006431919482565718,0.18327245116233826,0.9694197931697932,0.9665157527657527,0.966441901564731,0.9666666666666667
0.0007962829464910707,0.1815250962972641,0.9690915103415102,0.9667472342472343,0.9666529363981914,0.9666666666666667
0.001473566763403748,0.18076130747795105,0.9678094590594589,0.964663900913901,0.9648751586204137,0.965
0.0012891181831946597,0.18114350736141205,0.9666495078995078,0.9634734247234248,0.9636099182247385,0.9633333333333334
0.0006716199222864816,0.18355190753936768,0.9692682780182779,0.9668404280904282,0.9666934563776893,0.9666666666666667
0.0008259869773610262,0.18329772353172302,0.9662943075443075,0.9634734247234248,0.9634642238761457,0.9633333333333334
0.0014008744286305348,0.1806822121143341,0.9661367798867798,0.962905242905243,0.9632011805824119,0.9633333333333334
0.0006513782197240895,0.17853549122810364,0.9678094590594589,0.964663900913901,0.9648751586204137,0.965
