training_loss,validation_loss,precision,recall,f1,accuracy
0.8033560334394375,0.5350467562675476,0.8617986592870494,0.8245503026385378,0.8172590834222597,0.8233333333333333
0.14297704150279364,0.25653326511383057,0.9313572307322308,0.9214835328070623,0.9163950048269159,0.9216666666666667
0.0866074231841291,1.6654937267303467,0.8331821433582269,0.7186423598188304,0.7177015105574261,0.7200000000000001
0.07281645604719718,0.23162440955638885,0.9365011146261147,0.9311255411255411,0.9289566043855827,0.9300000000000002
0.054157388668196894,0.1602707803249359,0.9597403059903061,0.954400553150553,0.9541227248901453,0.9550000000000001
0.012571989248196283,0.09990968555212021,0.9732255244755246,0.9724296536796536,0.9719619974335121,0.9716666666666667
0.003526147689020339,0.10995972156524658,0.9707184944684945,0.9702681577681579,0.9693887484109363,0.9683333333333333
0.004332111586336396,0.11585666239261627,0.9732202982202982,0.9719877344877345,0.9720217650561302,0.9716666666666667
0.0007886284662769564,0.10662917792797089,0.9764803714803715,0.9734698172198172,0.9739686183460693,0.9733333333333333
0.0010244123044079363,0.1572592854499817,0.9715710678210678,0.9653152865652864,0.9650400005645215,0.9633333333333333
0.0005214177632903253,0.08843457698822021,0.9796619121619122,0.97882696007696,0.9786198374972885,0.9783333333333334
0.0003063968839948454,0.08859630674123764,0.9796619121619122,0.97882696007696,0.9786198374972885,0.9783333333333334
0.0001751224205387795,0.09392040967941284,0.9796619121619122,0.97882696007696,0.9786198374972885,0.9783333333333334
0.00020311295914628621,0.09498943388462067,0.9796619121619122,0.97882696007696,0.9786198374972885,0.9783333333333334
0.00014023045650901622,0.09511339664459229,0.9796619121619122,0.97882696007696,0.9786198374972885,0.9783333333333334
0.00014533738309789138,0.09827390313148499,0.9796619121619122,0.97882696007696,0.9786198374972885,0.9783333333333334
0.00013310233839547436,0.09507197141647339,0.9796619121619122,0.97882696007696,0.9786198374972885,0.9783333333333334
0.00011344094938673759,0.09825341403484344,0.9796619121619122,0.97882696007696,0.9786198374972885,0.9783333333333334
0.00015686541913358573,0.1004767119884491,0.9760803085803086,0.9757846320346321,0.975168701487329,0.975
0.0001697339639576967,0.09565962851047516,0.9796619121619122,0.97882696007696,0.9786198374972885,0.9783333333333334
0.0002419483650252611,0.10300000756978989,0.9813891201391202,0.980215848965849,0.9801045869526263,0.98
0.00010694086571068813,0.10230971872806549,0.9831357531357532,0.9820677008177009,0.9819154122928633,0.9816666666666668
8.076588414951402e-05,0.10220542550086975,0.9831357531357532,0.9820677008177009,0.9819154122928633,0.9816666666666668
8.637607269671814e-05,0.10084816813468933,0.9831357531357532,0.9820677008177009,0.9819154122928633,0.9816666666666668
8.123417615024664e-05,0.10236185044050217,0.9813891201391202,0.980215848965849,0.9801045869526263,0.98
6.608207945646427e-05,0.10116396844387054,0.981547434047434,0.9806788119288119,0.9804134629751245,0.98
4.5025745597134424e-05,0.1035858690738678,0.981547434047434,0.9806788119288119,0.9804134629751245,0.98
0.00012250323902662785,0.10576258599758148,0.9796619121619122,0.97882696007696,0.9786198374972885,0.9783333333333334
5.782802918474772e-05,0.10612314939498901,0.981547434047434,0.9806788119288119,0.9804134629751245,0.98
5.301892796675626e-05,0.10094457119703293,0.9777184852184853,0.9776364838864838,0.9769780696790501,0.9766666666666666
8.132358470902545e-05,0.11958425492048264,0.9805427442927442,0.9781325156325157,0.9784408304193044,0.9783333333333332
6.017903494163571e-05,0.10786749422550201,0.9787392237392237,0.9767436267436267,0.9769603544682401,0.9766666666666666
4.5578280833069584e-05,0.10781025141477585,0.9745862008362008,0.9737012987012986,0.9734069987825316,0.9733333333333333
3.164013219247863e-05,0.10922135412693024,0.9745862008362008,0.9737012987012986,0.9734069987825316,0.9733333333333333
6.187081290439285e-05,0.11185237020254135,0.9745862008362008,0.9737012987012986,0.9734069987825316,0.9733333333333333
3.820419321224714e-05,0.11176137626171112,0.9745862008362008,0.9737012987012986,0.9734069987825316,0.9733333333333333
3.9940873913716736e-05,0.11168818920850754,0.9765643153143153,0.9755531505531505,0.9753267565846423,0.975
3.594279326080141e-05,0.10779713839292526,0.9745862008362008,0.9737012987012986,0.9734069987825316,0.9733333333333333
5.1810940059719236e-05,0.10646003484725952,0.9765643153143153,0.9755531505531505,0.9753267565846423,0.975
4.001001548203931e-05,0.10637499392032623,0.9787392237392237,0.9767436267436267,0.9769603544682401,0.9766666666666666
3.7641326381769126e-05,0.10967691987752914,0.9745862008362008,0.9737012987012986,0.9734069987825316,0.9733333333333333
4.069189189218984e-05,0.10535512864589691,0.9780584230584232,0.9776364838864838,0.9770884592894397,0.9766666666666666
4.262149347293113e-05,0.1134088858962059,0.9765643153143153,0.9755531505531505,0.9753267565846423,0.975
4.89224984600393e-05,0.10710848867893219,0.9777184852184853,0.9776364838864838,0.9769780696790501,0.9766666666666666
0.0001760512637171511,0.11422879993915558,0.9796040071040072,0.9794883357383357,0.9787716951568862,0.9783333333333332
4.857679198266851e-05,0.11831362545490265,0.9780491730491732,0.9771735209235209,0.9766219443229248,0.9766666666666666
8.36680328006878e-05,0.11245747655630112,0.98000185000185,0.97882696007696,0.9787302271076781,0.9783333333333334
2.3289124120159006e-05,0.11384689807891846,0.98000185000185,0.97882696007696,0.9787302271076781,0.9783333333333334
3.0280351590287562e-05,0.10887434333562851,0.98000185000185,0.97882696007696,0.9787302271076781,0.9783333333333334
3.0196905110339383e-05,0.11342354118824005,0.98000185000185,0.97882696007696,0.9787302271076781,0.9783333333333334
0.00012900630834640955,0.09888479113578796,0.9848807673807674,0.9843825156325156,0.9843486481603098,0.9833333333333333
0.0002368342843889574,0.16692613065242767,0.9772978410478411,0.9766444203944205,0.9758248274963961,0.975
7.71333778288863e-05,0.11904694885015488,0.9790943315943316,0.9778216690716689,0.9776870322738654,0.9766666666666666
5.220572080588681e-05,0.11534276604652405,0.981547434047434,0.9806788119288119,0.9804134629751245,0.98
8.231461247495038e-05,0.11794577538967133,0.9798619436119437,0.9790253727753728,0.9785689352405039,0.9783333333333332
3.0215184059064388e-05,0.11446055769920349,0.9798619436119437,0.9790253727753728,0.9785689352405039,0.9783333333333332
2.8650561868441098e-05,0.1117262989282608,0.9780584230584232,0.9776364838864838,0.9770884592894397,0.9766666666666666
9.408215796232373e-05,0.10909169167280197,0.981547434047434,0.9806788119288119,0.9804134629751245,0.98
3.186603352863434e-05,0.11218957602977753,0.981547434047434,0.9806788119288119,0.9804134629751245,0.98
3.964185682055662e-05,0.1130279153585434,0.981547434047434,0.9806788119288119,0.9804134629751245,0.98
4.945437120795759e-05,0.10993175953626633,0.981547434047434,0.9806788119288119,0.9804134629751245,0.98
2.582450719046392e-05,0.11383690685033798,0.981547434047434,0.9806788119288119,0.9804134629751245,0.98
1.4806389780612031e-05,0.11241363734006882,0.981547434047434,0.9806788119288119,0.9804134629751245,0.98
3.641605376477249e-05,0.11243986338376999,0.981547434047434,0.9806788119288119,0.9804134629751245,0.98
2.0886659683583275e-05,0.11367418617010117,0.981547434047434,0.9806788119288119,0.9804134629751245,0.98
1.7640590726841765e-05,0.11445590108633041,0.981547434047434,0.9806788119288119,0.9804134629751245,0.98
2.528965463473772e-05,0.11356151103973389,0.981547434047434,0.9806788119288119,0.9804134629751245,0.98
2.8820832369547134e-05,0.12243326753377914,0.98000185000185,0.97882696007696,0.9787302271076781,0.9783333333333334
1.6762812890647183e-05,0.1134239137172699,0.981547434047434,0.9806788119288119,0.9804134629751245,0.98
1.638611168649125e-05,0.1138433963060379,0.9796040071040072,0.9794883357383357,0.9787716951568862,0.9783333333333332
2.346078550393334e-05,0.11951164901256561,0.98000185000185,0.97882696007696,0.9787302271076781,0.9783333333333334
1.3330578800226553e-05,0.11556342244148254,0.981547434047434,0.9806788119288119,0.9804134629751245,0.98
1.9971529676846938e-05,0.11612111330032349,0.98000185000185,0.97882696007696,0.9787302271076781,0.9783333333333334
2.5541384985672266e-05,0.1148204430937767,0.98000185000185,0.97882696007696,0.9787302271076781,0.9783333333333334
1.4953414478213745e-05,0.11861281841993332,0.98000185000185,0.97882696007696,0.9787302271076781,0.9783333333333334
1.8153190618856268e-05,0.1150132417678833,0.98000185000185,0.97882696007696,0.9787302271076781,0.9783333333333334
1.3424356836821971e-05,0.11685272306203842,0.98000185000185,0.97882696007696,0.9787302271076781,0.9783333333333334
1.3983448080049735e-05,0.11958684772253036,0.98000185000185,0.97882696007696,0.9787302271076781,0.9783333333333334
2.1829406307460886e-05,0.11535066366195679,0.98000185000185,0.97882696007696,0.9787302271076781,0.9783333333333334
1.570363854360342e-05,0.11148354411125183,0.9760803085803086,0.9757846320346321,0.975168701487329,0.975
2.121369050200883e-05,0.11502747237682343,0.9780584230584232,0.9776364838864838,0.9770884592894397,0.9766666666666666
2.2758642993873462e-05,0.11330689489841461,0.9760803085803086,0.9757846320346321,0.975168701487329,0.975
2.1751721533291857e-05,0.11655419319868088,0.98000185000185,0.97882696007696,0.9787302271076781,0.9783333333333334
1.3487338937541912e-05,0.11571207642555237,0.981547434047434,0.9806788119288119,0.9804134629751245,0.98
1.6381740730745758e-05,0.12063702195882797,0.98000185000185,0.97882696007696,0.9787302271076781,0.9783333333333334
1.3118584879142267e-05,0.1182030588388443,0.98000185000185,0.97882696007696,0.9787302271076781,0.9783333333333334
1.0409355136668333e-05,0.11679667234420776,0.98000185000185,0.97882696007696,0.9787302271076781,0.9783333333333334
1.4291405856662701e-05,0.11483743786811829,0.981547434047434,0.9806788119288119,0.9804134629751245,0.98
1.0038216847381895e-05,0.11244397610425949,0.9777184852184853,0.9776364838864838,0.9769780696790501,0.9766666666666666
2.2358298120176794e-05,0.11406034231185913,0.9777184852184853,0.9776364838864838,0.9769780696790501,0.9766666666666666
1.7351706778375348e-05,0.11687423288822174,0.981547434047434,0.9806788119288119,0.9804134629751245,0.98
1.1510054264363134e-05,0.11612372100353241,0.98000185000185,0.97882696007696,0.9787302271076781,0.9783333333333334
2.6872952721153826e-05,0.11443211138248444,0.9796040071040072,0.9794883357383357,0.9787716951568862,0.9783333333333332
1.681605943796664e-05,0.11884698271751404,0.9780491730491732,0.9771735209235209,0.9766219443229248,0.9766666666666666
9.126663172764893e-06,0.11101506650447845,0.981547434047434,0.9806788119288119,0.9804134629751245,0.98
1.1832713909143422e-05,0.113448366522789,0.9796040071040072,0.9794883357383357,0.9787716951568862,0.9783333333333332
1.2007157086676065e-05,0.11703097820281982,0.98000185000185,0.97882696007696,0.9787302271076781,0.9783333333333334
2.334336452728773e-05,0.11437024176120758,0.981547434047434,0.9806788119288119,0.9804134629751245,0.98
1.0258555420250559e-05,0.11362096667289734,0.9796040071040072,0.9794883357383357,0.9787716951568862,0.9783333333333332
9.53336552811379e-06,0.11362733691930771,0.981547434047434,0.9806788119288119,0.9804134629751245,0.98
1.158436144995297e-05,0.1112464964389801,0.9777184852184853,0.9776364838864838,0.9769780696790501,0.9766666666666666
1.122991240739187e-05,0.11634330451488495,0.9777184852184853,0.9776364838864838,0.9769780696790501,0.9766666666666666
1.5621979902865252e-05,0.11791501939296722,0.98000185000185,0.97882696007696,0.9787302271076781,0.9783333333333334
1.4755924411247179e-05,0.12154199928045273,0.9780584230584232,0.9776364838864838,0.9770884592894397,0.9766666666666666
1.187324529420645e-05,0.11689946055412292,0.9760803085803086,0.9757846320346321,0.975168701487329,0.975
1.0740757057684883e-05,0.11761002242565155,0.98000185000185,0.97882696007696,0.9787302271076781,0.9783333333333334
1.4082789344153449e-05,0.12267817556858063,0.9780491730491732,0.9771735209235209,0.9766219443229248,0.9766666666666666
1.1032422397268723e-05,0.11830960214138031,0.98000185000185,0.97882696007696,0.9787302271076781,0.9783333333333334
2.7838945698022144e-05,0.1228509172797203,0.98000185000185,0.97882696007696,0.9787302271076781,0.9783333333333334
9.999672518764177e-06,0.11943486332893372,0.9780584230584232,0.9776364838864838,0.9770884592894397,0.9766666666666666
1.73999864993372e-05,0.1175902932882309,0.9780584230584232,0.9776364838864838,0.9770884592894397,0.9766666666666666
9.038448287886544e-06,0.11708112806081772,0.9780584230584232,0.9776364838864838,0.9770884592894397,0.9766666666666666
1.5493035055177035e-05,0.12022340297698975,0.9780584230584232,0.9776364838864838,0.9770884592894397,0.9766666666666666
8.769830107742868e-06,0.11610530316829681,0.98000185000185,0.97882696007696,0.9787302271076781,0.9783333333333334
1.0199149566384827e-05,0.12443016469478607,0.9798619436119437,0.9790253727753728,0.9785689352405039,0.9783333333333332
2.2326707972789944e-05,0.1170458048582077,0.98000185000185,0.97882696007696,0.9787302271076781,0.9783333333333334
7.762908855587133e-06,0.1188252866268158,0.98000185000185,0.97882696007696,0.9787302271076781,0.9783333333333334
1.2214581019520665e-05,0.11969363689422607,0.9780584230584232,0.9776364838864838,0.9770884592894397,0.9766666666666666
1.0402600006879462e-05,0.11973592638969421,0.9780584230584232,0.9776364838864838,0.9770884592894397,0.9766666666666666
8.559624490089845e-06,0.11883544921875,0.98000185000185,0.97882696007696,0.9787302271076781,0.9783333333333334
8.597969942532776e-06,0.11547309160232544,0.98000185000185,0.97882696007696,0.9787302271076781,0.9783333333333334
9.651184124474336e-06,0.1217307299375534,0.98000185000185,0.97882696007696,0.9787302271076781,0.9783333333333334
9.583036084374422e-06,0.12255321443080902,0.98000185000185,0.97882696007696,0.9787302271076781,0.9783333333333334
8.654991688672453e-06,0.11452504247426987,0.981547434047434,0.9806788119288119,0.9804134629751245,0.98
9.483297768989965e-06,0.11952413618564606,0.9780584230584232,0.9776364838864838,0.9770884592894397,0.9766666666666666
7.922251929433818e-06,0.11791764944791794,0.9760803085803086,0.9757846320346321,0.975168701487329,0.975
8.923808707095304e-06,0.11644040048122406,0.98000185000185,0.97882696007696,0.9787302271076781,0.9783333333333334
2.5202632050043878e-05,0.11705604195594788,0.981547434047434,0.9806788119288119,0.9804134629751245,0.98
8.50637749275999e-06,0.1181703507900238,0.9780584230584232,0.9776364838864838,0.9770884592894397,0.9766666666666666
1.0427236479889265e-05,0.11837293952703476,0.98000185000185,0.97882696007696,0.9787302271076781,0.9783333333333334
6.625652342033088e-06,0.12016449868679047,0.98000185000185,0.97882696007696,0.9787302271076781,0.9783333333333334
6.694396309588531e-06,0.12024444341659546,0.98000185000185,0.97882696007696,0.9787302271076781,0.9783333333333334
8.387963039998189e-06,0.11957045644521713,0.98000185000185,0.97882696007696,0.9787302271076781,0.9783333333333334
8.311271651943267e-06,0.11524780839681625,0.981547434047434,0.9806788119288119,0.9804134629751245,0.98
1.1939605097192421e-05,0.11921193450689316,0.9780584230584232,0.9776364838864838,0.9770884592894397,0.9766666666666666
1.6982952667869238e-05,0.1209765076637268,0.9780584230584232,0.9776364838864838,0.9770884592894397,0.9766666666666666
8.138418185884197e-06,0.11370363086462021,0.9796040071040072,0.9794883357383357,0.9787716951568862,0.9783333333333332
7.314682060647708e-06,0.11748088896274567,0.9796040071040072,0.9794883357383357,0.9787716951568862,0.9783333333333332
8.201599115409408e-06,0.11983853578567505,0.98000185000185,0.97882696007696,0.9787302271076781,0.9783333333333334
1.0536710400780672e-05,0.11783414334058762,0.981547434047434,0.9806788119288119,0.9804134629751245,0.98
1.0358095091570855e-05,0.12362971156835556,0.9780584230584232,0.9776364838864838,0.9770884592894397,0.9766666666666666
0.0002416030602413836,0.13445605337619781,0.9784866984866984,0.9773118085618085,0.9771429255203765,0.9766666666666667
0.0001969814324335554,0.11932788789272308,0.98000185000185,0.97882696007696,0.9787302271076781,0.9783333333333334
3.0353864133303432e-05,0.12185928225517273,0.98000185000185,0.97882696007696,0.9787302271076781,0.9783333333333334
2.0198821995146925e-05,0.11977525800466537,0.98000185000185,0.97882696007696,0.9787302271076781,0.9783333333333334
1.7071962351640952e-05,0.11909976601600647,0.98000185000185,0.97882696007696,0.9787302271076781,0.9783333333333334
3.756185397681596e-05,0.12447261065244675,0.98000185000185,0.97882696007696,0.9787302271076781,0.9783333333333334
2.9899478164452375e-05,0.12190242856740952,0.98000185000185,0.97882696007696,0.9787302271076781,0.9783333333333334
1.3155142407110057e-05,0.12270370125770569,0.98000185000185,0.97882696007696,0.9787302271076781,0.9783333333333334
1.727084333917143e-05,0.11878927797079086,0.98000185000185,0.97882696007696,0.9787302271076781,0.9783333333333334
1.9343495049876463e-05,0.12003277242183685,0.9780237355237356,0.9769751082251082,0.9768104693055674,0.9766666666666667
1.2615919151433749e-05,0.12858134508132935,0.9818053705553705,0.980215848965849,0.9802107030587424,0.98
9.427467944078671e-06,0.12392883002758026,0.9818053705553705,0.980215848965849,0.9802107030587424,0.98
1.573959986463554e-05,0.11794507503509521,0.98000185000185,0.97882696007696,0.9787302271076781,0.9783333333333334
8.641481438568613e-06,0.11941495537757874,0.98000185000185,0.97882696007696,0.9787302271076781,0.9783333333333334
1.3581514390163344e-05,0.11683990806341171,0.98000185000185,0.97882696007696,0.9787302271076781,0.9783333333333334
1.2710293053904328e-05,0.12337733805179596,0.98000185000185,0.97882696007696,0.9787302271076781,0.9783333333333334
7.356405272200088e-06,0.12184911221265793,0.98000185000185,0.97882696007696,0.9787302271076781,0.9783333333333334
9.878079254121985e-06,0.12123040854930878,0.98000185000185,0.97882696007696,0.9787302271076781,0.9783333333333334
8.069674208854849e-06,0.12137407064437866,0.98000185000185,0.97882696007696,0.9787302271076781,0.9783333333333334
1.3222098279660107e-05,0.124561607837677,0.98000185000185,0.97882696007696,0.9787302271076781,0.9783333333333334
9.064277042133048e-06,0.12422119826078415,0.98000185000185,0.97882696007696,0.9787302271076781,0.9783333333333334
9.672443046800558e-06,0.11739938706159592,0.98000185000185,0.97882696007696,0.9787302271076781,0.9783333333333334
1.0491013265815733e-05,0.11722632497549057,0.98000185000185,0.97882696007696,0.9787302271076781,0.9783333333333334
6.601810483175541e-06,0.1209331676363945,0.98000185000185,0.97882696007696,0.9787302271076781,0.9783333333333334
1.7083485990572928e-05,0.12093444168567657,0.98000185000185,0.97882696007696,0.9787302271076781,0.9783333333333334
1.1529922536131684e-05,0.12289050221443176,0.98000185000185,0.97882696007696,0.9787302271076781,0.9783333333333334
9.536147193974406e-06,0.12256969511508942,0.98000185000185,0.97882696007696,0.9787302271076781,0.9783333333333334
1.1386275318159278e-05,0.12380406260490417,0.9818053705553705,0.980215848965849,0.9802107030587424,0.98
5.452235517585298e-06,0.12116869539022446,0.98000185000185,0.97882696007696,0.9787302271076781,0.9783333333333334
1.7182032124196667e-05,0.12345074117183685,0.98000185000185,0.97882696007696,0.9787302271076781,0.9783333333333334
1.3265808561868653e-05,0.12657667696475983,0.9818053705553705,0.980215848965849,0.9802107030587424,0.98
1.4578898851406544e-05,0.11941105127334595,0.98000185000185,0.97882696007696,0.9787302271076781,0.9783333333333334
1.1650721077671733e-05,0.12221811711788177,0.98000185000185,0.97882696007696,0.9787302271076781,0.9783333333333334
8.906722075134136e-06,0.123895063996315,0.9818053705553705,0.980215848965849,0.9802107030587424,0.98
4.738966623563101e-06,0.12246989458799362,0.9818053705553705,0.980215848965849,0.9802107030587424,0.98
1.1206467888769112e-05,0.11968448013067245,0.98000185000185,0.97882696007696,0.9787302271076781,0.9783333333333334
6.7929426800598476e-06,0.12073531746864319,0.98000185000185,0.97882696007696,0.9787302271076781,0.9783333333333334
1.5302300501692418e-05,0.11961963027715683,0.98000185000185,0.97882696007696,0.9787302271076781,0.9783333333333334
6.154179544637373e-06,0.11911245435476303,0.98000185000185,0.97882696007696,0.9787302271076781,0.9783333333333334
4.510084811689315e-06,0.12241001427173615,0.98000185000185,0.97882696007696,0.9787302271076781,0.9783333333333334
1.1921723578704283e-05,0.12056538462638855,0.98000185000185,0.97882696007696,0.9787302271076781,0.9783333333333334
5.108912835301756e-06,0.12305638194084167,0.98000185000185,0.97882696007696,0.9787302271076781,0.9783333333333334
5.199114478197468e-06,0.123646579682827,0.9818053705553705,0.980215848965849,0.9802107030587424,0.98
1.1274020100889478e-05,0.12229885905981064,0.98000185000185,0.97882696007696,0.9787302271076781,0.9783333333333334
8.892417014294551e-06,0.12118776142597198,0.98000185000185,0.97882696007696,0.9787302271076781,0.9783333333333334
5.481243088449143e-06,0.12426313012838364,0.9818053705553705,0.980215848965849,0.9802107030587424,0.98
6.234645814136759e-06,0.12132557481527328,0.98000185000185,0.97882696007696,0.9787302271076781,0.9783333333333334
6.555318786164814e-06,0.12046760320663452,0.98000185000185,0.97882696007696,0.9787302271076781,0.9783333333333334
5.9012572203679765e-06,0.12017085403203964,0.9818053705553705,0.980215848965849,0.9802107030587424,0.98
5.6294600436028e-06,0.12321948260068893,0.9818053705553705,0.980215848965849,0.9802107030587424,0.98
9.907881405979424e-06,0.12384635210037231,0.9818053705553705,0.980215848965849,0.9802107030587424,0.98
5.631049466122325e-06,0.1175011545419693,0.98000185000185,0.97882696007696,0.9787302271076781,0.9783333333333334
7.362564384531349e-06,0.120053231716156,0.98000185000185,0.97882696007696,0.9787302271076781,0.9783333333333334
6.722609124191574e-06,0.11879952251911163,0.98000185000185,0.97882696007696,0.9787302271076781,0.9783333333333334
5.859931339576481e-06,0.11999750137329102,0.98000185000185,0.97882696007696,0.9787302271076781,0.9783333333333334
6.944735796802585e-06,0.12388183921575546,0.9818053705553705,0.980215848965849,0.9802107030587424,0.98
4.683335613246224e-06,0.12575013935565948,0.9818053705553705,0.980215848965849,0.9802107030587424,0.98
8.95202162591128e-06,0.1236904114484787,0.98000185000185,0.97882696007696,0.9787302271076781,0.9783333333333334
5.781451794935795e-06,0.12609192728996277,0.9818053705553705,0.980215848965849,0.9802107030587424,0.98
5.116065281640658e-06,0.12452241778373718,0.9818053705553705,0.980215848965849,0.9802107030587424,0.98
4.412333119319101e-06,0.12417417764663696,0.9818053705553705,0.980215848965849,0.9802107030587424,0.98
8.360743635194012e-06,0.12192585319280624,0.98000185000185,0.97882696007696,0.9787302271076781,0.9783333333333334
1.533846028204759e-05,0.12198144197463989,0.98000185000185,0.97882696007696,0.9787302271076781,0.9783333333333334
5.952914572541583e-06,0.1255204677581787,0.9818053705553705,0.980215848965849,0.9802107030587424,0.98
8.619626278516535e-06,0.12379984557628632,0.9818053705553705,0.980215848965849,0.9802107030587424,0.98
4.93645670000357e-06,0.12224479019641876,0.98000185000185,0.97882696007696,0.9787302271076781,0.9783333333333334
4.486242976516526e-06,0.1253032386302948,0.9818053705553705,0.980215848965849,0.9802107030587424,0.98
5.807479297459395e-06,0.12086862325668335,0.98000185000185,0.97882696007696,0.9787302271076781,0.9783333333333334
7.108052550108823e-06,0.12457036972045898,0.9818053705553705,0.980215848965849,0.9802107030587424,0.98
9.540915471006883e-06,0.12556609511375427,0.98000185000185,0.97882696007696,0.9787302271076781,0.9783333333333334
3.1026204609929664e-06,0.12239360064268112,0.98000185000185,0.97882696007696,0.9787302271076781,0.9783333333333334
6.289879507903606e-06,0.12084444612264633,0.98000185000185,0.97882696007696,0.9787302271076781,0.9783333333333334
2.3093620567256796e-05,0.12335994094610214,0.98000185000185,0.97882696007696,0.9787302271076781,0.9783333333333334
6.2823295792213685e-06,0.13009236752986908,0.9818053705553705,0.980215848965849,0.9802107030587424,0.98
3.6512214919071084e-05,0.13099180161952972,0.9799925999926001,0.9783639971139971,0.9782637121411631,0.9783333333333334
4.362662664902928e-06,0.1331690549850464,0.9780491730491732,0.9771735209235209,0.9766219443229248,0.9766666666666666
5.063613258471378e-06,0.1271481215953827,0.9780491730491732,0.9771735209235209,0.9766219443229248,0.9766666666666666
4.552205396635145e-06,0.13089197874069214,0.9799925999926001,0.9783639971139971,0.9782637121411631,0.9783333333333334
4.562536886965063e-06,0.1282881498336792,0.9780491730491732,0.9771735209235209,0.9766219443229248,0.9766666666666666
4.816253941442028e-06,0.12598296999931335,0.9780491730491732,0.9771735209235209,0.9766219443229248,0.9766666666666666
1.5661914616771355e-05,0.12728480994701385,0.9780491730491732,0.9771735209235209,0.9766219443229248,0.9766666666666666
5.0183137384844185e-06,0.12704400718212128,0.9780491730491732,0.9771735209235209,0.9766219443229248,0.9766666666666666
5.321105296237268e-06,0.12850770354270935,0.9780491730491732,0.9771735209235209,0.9766219443229248,0.9766666666666666
5.085070940917073e-06,0.1300458014011383,0.9780491730491732,0.9771735209235209,0.9766219443229248,0.9766666666666666
5.075534213953385e-06,0.1301785111427307,0.9780491730491732,0.9771735209235209,0.9766219443229248,0.9766666666666666
3.5540262880810283e-06,0.12566423416137695,0.9799925999926001,0.9783639971139971,0.9782637121411631,0.9783333333333334
9.733438588455101e-06,0.1245957463979721,0.9780491730491732,0.9771735209235209,0.9766219443229248,0.9766666666666666
4.9813588418601285e-06,0.12413144111633301,0.9780491730491732,0.9771735209235209,0.9766219443229248,0.9766666666666666
5.551576649054368e-06,0.1253356635570526,0.9799925999926001,0.9783639971139971,0.9782637121411631,0.9783333333333334
4.930098886764729e-06,0.12559282779693604,0.9780491730491732,0.9771735209235209,0.9766219443229248,0.9766666666666666
5.067984235533156e-06,0.12322311103343964,0.9780491730491732,0.9771735209235209,0.9766219443229248,0.9766666666666666
5.782047892921582e-06,0.12280785292387009,0.9780491730491732,0.9771735209235209,0.9766219443229248,0.9766666666666666
7.265408839884913e-06,0.1275312900543213,0.9780491730491732,0.9771735209235209,0.9766219443229248,0.9766666666666666
5.14507296619134e-06,0.12985533475875854,0.9799925999926001,0.9783639971139971,0.9782637121411631,0.9783333333333334
4.838705038423541e-06,0.12872588634490967,0.9799925999926001,0.9783639971139971,0.9782637121411631,0.9783333333333334
1.0410149833717242e-05,0.1296200007200241,0.9780491730491732,0.9771735209235209,0.9766219443229248,0.9766666666666666
1.5906294005200532e-05,0.1269531399011612,0.9780491730491732,0.9771735209235209,0.9766219443229248,0.9766666666666666
5.364418001363447e-06,0.11998152732849121,0.9780491730491732,0.9771735209235209,0.9766219443229248,0.9766666666666666
8.088747755152781e-06,0.1220710501074791,0.9799925999926001,0.9783639971139971,0.9782637121411631,0.9783333333333334
8.276104973485113e-06,0.12562711536884308,0.9780491730491732,0.9771735209235209,0.9766219443229248,0.9766666666666666
5.950133029841709e-06,0.12395142018795013,0.9780491730491732,0.9771735209235209,0.9766219443229248,0.9766666666666666
7.333954134954486e-06,0.12057721614837646,0.9760803085803086,0.9757846320346321,0.975168701487329,0.975
4.051923745862496e-06,0.11887719482183456,0.9760803085803086,0.9757846320346321,0.975168701487329,0.975
3.623962399501579e-06,0.12739220261573792,0.9780491730491732,0.9771735209235209,0.9766219443229248,0.9766666666666666
4.546642315972349e-06,0.12315206974744797,0.9760803085803086,0.9757846320346321,0.975168701487329,0.975
5.122025875436975e-06,0.1248813271522522,0.9780491730491732,0.9771735209235209,0.9766219443229248,0.9766666666666666
1.1215209767101442e-05,0.12043052166700363,0.9760803085803086,0.9757846320346321,0.975168701487329,0.975
5.954503966639398e-06,0.1230311244726181,0.9780491730491732,0.9771735209235209,0.9766219443229248,0.9766666666666666
3.7439663553110827e-06,0.11986386775970459,0.9760803085803086,0.9757846320346321,0.975168701487329,0.975
4.632472913120485e-06,0.12478243559598923,0.9780491730491732,0.9771735209235209,0.9766219443229248,0.9766666666666666
1.0453263958728106e-05,0.12148244678974152,0.9760803085803086,0.9757846320346321,0.975168701487329,0.975
4.656314819347547e-06,0.11706780642271042,0.9760803085803086,0.9757846320346321,0.975168701487329,0.975
5.822181738797856e-06,0.12641847133636475,0.9799925999926001,0.9783639971139971,0.9782637121411631,0.9783333333333334
4.871686286378463e-06,0.1269678920507431,0.9780491730491732,0.9771735209235209,0.9766219443229248,0.9766666666666666
7.229248775312651e-06,0.12280187010765076,0.9799925999926001,0.9783639971139971,0.9782637121411631,0.9783333333333334
3.046194682572908e-06,0.1250811219215393,0.9780491730491732,0.9771735209235209,0.9766219443229248,0.9766666666666666
9.000897468543675e-06,0.12016080319881439,0.9780491730491732,0.9771735209235209,0.9766219443229248,0.9766666666666666
4.660288477490819e-06,0.12358146905899048,0.9760803085803086,0.9757846320346321,0.975168701487329,0.975
5.009969063015281e-06,0.12340353429317474,0.9780491730491732,0.9771735209235209,0.9766219443229248,0.9766666666666666
4.755655934237287e-06,0.1265675276517868,0.9799925999926001,0.9783639971139971,0.9782637121411631,0.9783333333333334
4.199345916333641e-06,0.12540693581104279,0.9780491730491732,0.9771735209235209,0.9766219443229248,0.9766666666666666
3.988345478470971e-06,0.12234940379858017,0.9760803085803086,0.9757846320346321,0.975168701487329,0.975
3.228982289253205e-06,0.12030252069234848,0.9760803085803086,0.9757846320346321,0.975168701487329,0.975
5.169113386216395e-06,0.12996934354305267,0.9780491730491732,0.9771735209235209,0.9766219443229248,0.9766666666666666
4.99566396664856e-06,0.1257081925868988,0.9780491730491732,0.9771735209235209,0.9766219443229248,0.9766666666666666
5.927483222478713e-06,0.1266862004995346,0.9780491730491732,0.9771735209235209,0.9766219443229248,0.9766666666666666
4.973808960547406e-06,0.12656381726264954,0.9780491730491732,0.9771735209235209,0.9766219443229248,0.9766666666666666
2.6003519835171574e-06,0.12181980907917023,0.9780491730491732,0.9771735209235209,0.9766219443229248,0.9766666666666666
5.9815247558011224e-06,0.12147422879934311,0.9780491730491732,0.9771735209235209,0.9766219443229248,0.9766666666666666
4.503726946344007e-06,0.12358953058719635,0.9780491730491732,0.9771735209235209,0.9766219443229248,0.9766666666666666
7.438262336734169e-06,0.11641722172498703,0.9760803085803086,0.9757846320346321,0.975168701487329,0.975
4.876057351073844e-06,0.12033506482839584,0.9760803085803086,0.9757846320346321,0.975168701487329,0.975
5.170106945229236e-06,0.1202884167432785,0.9760803085803086,0.9757846320346321,0.975168701487329,0.975
5.6362151686547195e-06,0.12352722138166428,0.9760803085803086,0.9757846320346321,0.975168701487329,0.975
1.895467449486432e-05,0.11619557440280914,0.9760803085803086,0.9757846320346321,0.975168701487329,0.975
4.733800866555764e-06,0.11823473870754242,0.9780237355237356,0.9769751082251082,0.9768104693055674,0.9766666666666667
3.928939525129256e-06,0.1216336041688919,0.9780491730491732,0.9771735209235209,0.9766219443229248,0.9766666666666666
4.615386320239168e-06,0.11706797778606415,0.9760803085803086,0.9757846320346321,0.975168701487329,0.975
4.307826344529531e-06,0.11710743606090546,0.9760803085803086,0.9757846320346321,0.975168701487329,0.975
3.5309791617995265e-06,0.12244342267513275,0.9780491730491732,0.9771735209235209,0.9766219443229248,0.9766666666666666
3.9426485756166585e-06,0.12129968404769897,0.9799925999926001,0.9783639971139971,0.9782637121411631,0.9783333333333334
4.402796457488496e-06,0.1263803094625473,0.9780491730491732,0.9771735209235209,0.9766219443229248,0.9766666666666666
3.2993157409085447e-06,0.11704866588115692,0.9780237355237356,0.9769751082251082,0.9768104693055674,0.9766666666666667
4.317363050176937e-06,0.11964090913534164,0.9780237355237356,0.9769751082251082,0.9768104693055674,0.9766666666666667
3.509521514880968e-06,0.11937197297811508,0.9780237355237356,0.9769751082251082,0.9768104693055674,0.9766666666666667
3.7856896639709703e-06,0.1165638267993927,0.9780237355237356,0.9769751082251082,0.9768104693055674,0.9766666666666667
5.800128077974402e-06,0.11843191832304001,0.9760803085803086,0.9757846320346321,0.975168701487329,0.975
3.64820161221265e-06,0.12262924760580063,0.9799925999926001,0.9783639971139971,0.9782637121411631,0.9783333333333334
3.942648547194949e-06,0.11962514370679855,0.9780237355237356,0.9769751082251082,0.9768104693055674,0.9766666666666667
4.634062458800751e-06,0.11955898255109787,0.9760803085803086,0.9757846320346321,0.975168701487329,0.975
4.216035222270875e-06,0.11713230609893799,0.9760803085803086,0.9757846320346321,0.975168701487329,0.975
2.7875105139685274e-06,0.12100158631801605,0.9780237355237356,0.9769751082251082,0.9768104693055674,0.9766666666666667
4.580020939689196e-06,0.11409097164869308,0.9780237355237356,0.9769751082251082,0.9768104693055674,0.9766666666666667
5.823572548043406e-06,0.1171111986041069,0.98000185000185,0.97882696007696,0.9787302271076781,0.9783333333333334
3.4900506401906264e-06,0.11892662942409515,0.9760803085803086,0.9757846320346321,0.975168701487329,0.975
2.9738744397415453e-06,0.11829547584056854,0.9760803085803086,0.9757846320346321,0.975168701487329,0.975
5.766550820851535e-06,0.11660230159759521,0.9796619121619122,0.97882696007696,0.9786198374972885,0.9783333333333334
3.425677628380678e-06,0.11466088145971298,0.9780237355237356,0.9769751082251082,0.9768104693055674,0.9766666666666667
8.739630234326038e-06,0.11863648146390915,0.98000185000185,0.97882696007696,0.9787302271076781,0.9783333333333334
3.6470095731525967e-06,0.11500653624534607,0.9796619121619122,0.97882696007696,0.9786198374972885,0.9783333333333334
4.4135253176591505e-06,0.12073978036642075,0.9780237355237356,0.9769751082251082,0.9768104693055674,0.9766666666666667
3.706216818481304e-06,0.11778276413679123,0.9780237355237356,0.9769751082251082,0.9768104693055674,0.9766666666666667
3.2293796436988487e-06,0.11536696553230286,0.9780237355237356,0.9769751082251082,0.9768104693055674,0.9766666666666667
4.468758879975591e-06,0.12000305950641632,0.9780237355237356,0.9769751082251082,0.9768104693055674,0.9766666666666667
1.2013117564417067e-05,0.12106801569461823,0.9760803085803086,0.9757846320346321,0.975168701487329,0.975
3.1594435275413466e-06,0.1178312748670578,0.9780237355237356,0.9769751082251082,0.9768104693055674,0.9766666666666667
3.836552285937008e-06,0.1180248111486435,0.9780237355237356,0.9769751082251082,0.9768104693055674,0.9766666666666667
2.9921531681983047e-06,0.12036508321762085,0.98000185000185,0.97882696007696,0.9787302271076781,0.9783333333333334
2.7128060651193664e-06,0.11755513399839401,0.9780237355237356,0.9769751082251082,0.9768104693055674,0.9766666666666667
3.8774808430730445e-06,0.1185600608587265,0.9780237355237356,0.9769751082251082,0.9768104693055674,0.9766666666666667
3.6414464545941883e-06,0.11452232301235199,0.9796619121619122,0.97882696007696,0.9786198374972885,0.9783333333333334
3.557205220753682e-06,0.12072177231311798,0.9780237355237356,0.9769751082251082,0.9768104693055674,0.9766666666666667
3.7809212282506146e-06,0.11554701626300812,0.9780237355237356,0.9769751082251082,0.9768104693055674,0.9766666666666667
4.06622888012483e-06,0.11911295354366302,0.9780237355237356,0.9769751082251082,0.9768104693055674,0.9766666666666667
2.511342366062763e-06,0.1217515617609024,0.98000185000185,0.97882696007696,0.9787302271076781,0.9783333333333334
3.3684571481747603e-06,0.11725257337093353,0.981547434047434,0.9806788119288119,0.9804134629751245,0.98
2.3074944905943084e-06,0.12462836503982544,0.9799925999926001,0.9783639971139971,0.9782637121411631,0.9783333333333334
2.2846460228246695e-05,0.11969459056854248,0.9780237355237356,0.9769751082251082,0.9768104693055674,0.9766666666666667
1.024266099847182e-05,0.11711349338293076,0.9780237355237356,0.9769751082251082,0.9768104693055674,0.9766666666666667
1.5118916766236149e-05,0.11921688169240952,0.9780237355237356,0.9769751082251082,0.9768104693055674,0.9766666666666667
5.164543914304431e-06,0.12110885232686996,0.9799925999926001,0.9783639971139971,0.9782637121411631,0.9783333333333334
1.2151400016572703e-05,0.12048123776912689,0.9799925999926001,0.9783639971139971,0.9782637121411631,0.9783333333333334
3.075202331596453e-06,0.1218407079577446,0.9799925999926001,0.9783639971139971,0.9782637121411631,0.9783333333333334
8.808771761200282e-06,0.12178722023963928,0.9780491730491732,0.9771735209235209,0.9766219443229248,0.9766666666666666
3.5727024065105675e-06,0.11847256124019623,0.9780237355237356,0.9769751082251082,0.9768104693055674,0.9766666666666667
2.92261444911901e-06,0.12794460356235504,0.9799925999926001,0.9783639971139971,0.9782637121411631,0.9783333333333334
3.082354844252677e-06,0.11846724152565002,0.9780237355237356,0.9769751082251082,0.9768104693055674,0.9766666666666667
4.059076298782808e-06,0.12022434175014496,0.9799925999926001,0.9783639971139971,0.9782637121411631,0.9783333333333334
3.8663545633236635e-06,0.12316667288541794,0.9780491730491732,0.9771735209235209,0.9766219443229248,0.9766666666666666
3.3640861474282246e-06,0.11807382106781006,0.9760803085803086,0.9757846320346321,0.975168701487329,0.975
4.8093000704814886e-06,0.12561604380607605,0.9799925999926001,0.9783639971139971,0.9782637121411631,0.9783333333333334
2.680619573425247e-06,0.11745791137218475,0.9780237355237356,0.9769751082251082,0.9768104693055674,0.9766666666666667
4.512270254034926e-06,0.12221251428127289,0.9780491730491732,0.9771735209235209,0.9766219443229248,0.9766666666666666
5.057652716781528e-06,0.12174327671527863,0.9799925999926001,0.9783639971139971,0.9782637121411631,0.9783333333333334
6.341735525457655e-06,0.11768718808889389,0.9760803085803086,0.9757846320346321,0.975168701487329,0.975
3.7741661067514087e-06,0.11761753261089325,0.9780237355237356,0.9769751082251082,0.9768104693055674,0.9766666666666667
3.43481703642586e-06,0.12362730503082275,0.9799925999926001,0.9783639971139971,0.9782637121411631,0.9783333333333334
3.356536240062269e-06,0.12481724470853806,0.9799925999926001,0.9783639971139971,0.9782637121411631,0.9783333333333334
3.311634049651957e-06,0.11633908748626709,0.9760803085803086,0.9757846320346321,0.975168701487329,0.975
2.910296167613069e-06,0.11869293451309204,0.9760803085803086,0.9757846320346321,0.975168701487329,0.975
5.80032663322072e-06,0.12484203279018402,0.9780491730491732,0.9771735209235209,0.9766219443229248,0.9766666666666666
2.4336576866327655e-06,0.11919602006673813,0.9780491730491732,0.9771735209235209,0.9766219443229248,0.9766666666666666
3.043015828059955e-06,0.11946087330579758,0.9780237355237356,0.9769751082251082,0.9768104693055674,0.9766666666666667
2.966324496848453e-06,0.12155913561582565,0.9799925999926001,0.9783639971139971,0.9782637121411631,0.9783333333333334
4.303852755072057e-06,0.12185605615377426,0.9799925999926001,0.9783639971139971,0.9782637121411631,0.9783333333333334
4.159609472272526e-06,0.12093359231948853,0.9780237355237356,0.9769751082251082,0.9768104693055674,0.9766666666666667
4.726648363373442e-06,0.12277331203222275,0.9799925999926001,0.9783639971139971,0.9782637121411631,0.9783333333333334
2.059539149001921e-06,0.12342137098312378,0.9799925999926001,0.9783639971139971,0.9782637121411631,0.9783333333333334
2.4807453632054908e-06,0.12277689576148987,0.9799925999926001,0.9783639971139971,0.9782637121411631,0.9783333333333334
3.4987926937901648e-06,0.12045036256313324,0.9799925999926001,0.9783639971139971,0.9782637121411631,0.9783333333333334
3.23057174019444e-06,0.12155459821224213,0.9799925999926001,0.9783639971139971,0.9782637121411631,0.9783333333333334
2.378225341696331e-06,0.12060312926769257,0.9799925999926001,0.9783639971139971,0.9782637121411631,0.9783333333333334
3.775755537560599e-06,0.12598352134227753,0.9780491730491732,0.9771735209235209,0.9766219443229248,0.9766666666666666
4.069010402692659e-06,0.1211591586470604,0.9780491730491732,0.9771735209235209,0.9766219443229248,0.9766666666666666
4.096031207249477e-06,0.12097476422786713,0.9799925999926001,0.9783639971139971,0.9782637121411631,0.9783333333333334
3.3573309276372734e-06,0.12483769655227661,0.9799925999926001,0.9783639971139971,0.9782637121411631,0.9783333333333334
3.168185579956647e-06,0.11956427991390228,0.9780491730491732,0.9771735209235209,0.9766219443229248,0.9766666666666666
3.618399306996404e-06,0.12281455099582672,0.9780491730491732,0.9771735209235209,0.9766219443229248,0.9766666666666666
6.071925088946273e-06,0.12603044509887695,0.9780491730491732,0.9771735209235209,0.9766219443229248,0.9766666666666666
3.405809381481125e-06,0.12207603454589844,0.9799925999926001,0.9783639971139971,0.9782637121411631,0.9783333333333334
4.823009247682346e-06,0.11900193989276886,0.9780237355237356,0.9769751082251082,0.9768104693055674,0.9766666666666667
2.8494993576562897e-06,0.12101767957210541,0.9780491730491732,0.9771735209235209,0.9766219443229248,0.9766666666666666
3.935098619696949e-06,0.12030305713415146,0.9780491730491732,0.9771735209235209,0.9766219443229248,0.9766666666666666
4.061460532038079e-06,0.12282741069793701,0.9799925999926001,0.9783639971139971,0.9782637121411631,0.9783333333333334
2.7906894797998425e-06,0.12366151809692383,0.9780491730491732,0.9771735209235209,0.9766219443229248,0.9766666666666666
4.040400244302115e-06,0.12033715099096298,0.98000185000185,0.97882696007696,0.9787302271076781,0.9783333333333334
2.131064746890843e-06,0.1222456693649292,0.9780491730491732,0.9771735209235209,0.9766219443229248,0.9766666666666666
2.520084404267209e-06,0.11894945800304413,0.9799925999926001,0.9783639971139971,0.9782637121411631,0.9783333333333334
4.440546045240505e-06,0.12255972623825073,0.9780491730491732,0.9771735209235209,0.9766219443229248,0.9766666666666666
2.4926662618440787e-06,0.12041337788105011,0.9760803085803086,0.9757846320346321,0.975168701487329,0.975
2.558628693805076e-06,0.1191476583480835,0.9780237355237356,0.9769751082251082,0.9768104693055674,0.9766666666666667
3.3632914006413253e-06,0.12006978690624237,0.9780491730491732,0.9771735209235209,0.9766219443229248,0.9766666666666666
2.818902309797977e-06,0.11776819825172424,0.9780237355237356,0.9769751082251082,0.9768104693055674,0.9766666666666667
1.1946360215138915e-05,0.1223677396774292,0.9780491730491732,0.9771735209235209,0.9766219443229248,0.9766666666666666
4.822810488747109e-06,0.1212463304400444,0.9780237355237356,0.9769751082251082,0.9768104693055674,0.9766666666666667
3.869136172340859e-06,0.12548306584358215,0.9780491730491732,0.9771735209235209,0.9766219443229248,0.9766666666666666
3.4463405593025223e-06,0.12143086642026901,0.9799925999926001,0.9783639971139971,0.9782637121411631,0.9783333333333334
2.3448467215321975e-06,0.11996093392372131,0.9780237355237356,0.9769751082251082,0.9768104693055674,0.9766666666666667
4.625121727978391e-06,0.11892503499984741,0.9799925999926001,0.9783639971139971,0.9782637121411631,0.9783333333333334
2.4668375277296186e-06,0.11865260452032089,0.9780491730491732,0.9771735209235209,0.9766219443229248,0.9766666666666666
2.89797782334252e-06,0.11841088533401489,0.98000185000185,0.97882696007696,0.9787302271076781,0.9783333333333334
1.758734372951191e-06,0.12056320905685425,0.9799925999926001,0.9783639971139971,0.9782637121411631,0.9783333333333334
4.558364622653244e-06,0.12499870359897614,0.9818053705553705,0.980215848965849,0.9802107030587424,0.98
2.007881826434262e-06,0.11793270707130432,0.98000185000185,0.97882696007696,0.9787302271076781,0.9783333333333334
2.2359689069162414e-06,0.12194802612066269,0.98000185000185,0.97882696007696,0.9787302271076781,0.9783333333333334
2.299149818677885e-06,0.12211816757917404,0.9799925999926001,0.9783639971139971,0.9782637121411631,0.9783333333333334
2.59637830642608e-06,0.12228217720985413,0.9818053705553705,0.980215848965849,0.9802107030587424,0.98
3.923575064845863e-06,0.11698988080024719,0.9780237355237356,0.9769751082251082,0.9768104693055674,0.9766666666666667
2.6086966033271133e-06,0.12194450944662094,0.9818053705553705,0.980215848965849,0.9802107030587424,0.98
2.9424825811474875e-06,0.12106636166572571,0.9780491730491732,0.9771735209235209,0.9766219443229248,0.9766666666666666
1.4720757931740991e-05,0.11910948157310486,0.98000185000185,0.97882696007696,0.9787302271076781,0.9783333333333334
2.3698806780695727e-06,0.1175091490149498,0.9780237355237356,0.9769751082251082,0.9768104693055674,0.9766666666666667
2.282063209217237e-06,0.1219501718878746,0.9799925999926001,0.9783639971139971,0.9782637121411631,0.9783333333333334
1.8584728032067233e-06,0.12591741979122162,0.9780491730491732,0.9771735209235209,0.9766219443229248,0.9766666666666666
7.576147779057389e-06,0.11987124383449554,0.98000185000185,0.97882696007696,0.9787302271076781,0.9783333333333334
4.8402945000229165e-06,0.12093927711248398,0.9760803085803086,0.9757846320346321,0.975168701487329,0.975
2.4012724513985026e-06,0.1200278028845787,0.9780237355237356,0.9769751082251082,0.9768104693055674,0.9766666666666667
2.7736027921794935e-06,0.1182774230837822,0.98000185000185,0.97882696007696,0.9787302271076781,0.9783333333333334
7.807016488688609e-06,0.1218414455652237,0.98000185000185,0.97882696007696,0.9787302271076781,0.9783333333333334
