training_loss,validation_loss,precision,recall,f1,accuracy
1.4231119851271312,0.6452475786209106,0.893848951973952,0.8822510822510824,0.8774468853788494,0.88
0.505586157242457,0.37652838230133057,0.9394802882302882,0.9341516354016353,0.9326854353382102,0.9333333333333335
0.31116944303115207,0.29704350233078003,0.9261671199171201,0.9202765752765752,0.9184914702432155,0.9216666666666667
0.23501980118453503,0.24374239146709442,0.9338737651237653,0.9305886243386242,0.9285469621691297,0.93
0.18491786563148102,0.20902208983898163,0.9448882915330286,0.9416943241943242,0.9398588186395429,0.9416666666666665
0.16224367264658213,0.21502874791622162,0.9505142886296137,0.9416526529026529,0.9404666479075878,0.9416666666666668
0.13091414608061314,0.1718911975622177,0.9389130314130315,0.9366281866281866,0.9344222797920021,0.9366666666666665
0.11420847351352374,0.1560066193342209,0.9567413604913607,0.95498075998076,0.9544079017726098,0.955
0.10340670092652242,0.13794374465942383,0.9595039682539682,0.9560792448292449,0.9564680539143328,0.9566666666666667
0.09141402466533084,0.14021262526512146,0.9569305231805232,0.9551671476671477,0.9539893266120103,0.9549999999999997
0.07399178203195333,0.1284462809562683,0.9598704073704073,0.9564448051948052,0.9567039733630347,0.9583333333333334
0.07207571296021342,0.12452515214681625,0.9668813593813593,0.9635948773448774,0.9639681090192695,0.965
0.07177877558084826,0.11729824542999268,0.9656510156510157,0.9630315055315056,0.9633062514024044,0.9633333333333334
0.060404947105174266,0.1255722939968109,0.9659972897472896,0.9644877344877344,0.9642602368856688,0.965
0.057545129985859,0.12374362349510193,0.9676358826358826,0.9646849446849447,0.9646785009702391,0.965
0.05744926553840438,0.11917026340961456,0.9678547378547377,0.966014911014911,0.9657183764143538,0.9666666666666667
0.04623740050010383,0.13881394267082214,0.963139961889962,0.9611135161135161,0.9601783048625379,0.96
0.052010052682211004,0.10697221755981445,0.9729232804232804,0.9708170995670996,0.9711652716169362,0.9716666666666666
0.042375852392675974,0.11935661733150482,0.9738201613201615,0.9709223184223185,0.9710906749142268,0.9716666666666666
0.04254645140220722,0.14256900548934937,0.96314313001813,0.9575407000407,0.955996616352676,0.9566666666666667
0.033904442486042775,0.11340968310832977,0.9667115754615755,0.9646981721981721,0.9643424344550787,0.965
0.04048098212418457,0.12154775857925415,0.9703578597328596,0.9662722462722463,0.9663914116864492,0.9666666666666667
0.0333113157733654,0.12059912085533142,0.9646017871017869,0.9641690716690716,0.963068257322778,0.9633333333333334
0.03128252007688085,0.11438125371932983,0.9720735283235283,0.9694540644540645,0.9693964659144135,0.9699999999999999
0.037853845996626966,0.10912954807281494,0.9697865560365561,0.9675300625300625,0.9676378728031597,0.9683333333333333
0.03128612487732122,0.11010394990444183,0.9733335645835646,0.9705062530062528,0.9708109013416367,0.9716666666666666
0.033444121053131916,0.13159948587417603,0.9618589281089281,0.9584487734487735,0.9582448137021609,0.9583333333333334
0.03036755552360167,0.11767490953207016,0.9703032615532615,0.9673244348244348,0.9676173865735493,0.9683333333333333
0.03313849517144263,0.12656328082084656,0.9633139083139083,0.9623172198172197,0.9610683603180014,0.9616666666666666
0.025634518863322835,0.10922189056873322,0.9732603970103971,0.9703078403078402,0.970719886768166,0.9716666666666666
0.02508685999782756,0.11724406480789185,0.9733083120583119,0.9709229196729195,0.9712683856320731,0.9716666666666666
0.022428547459033627,0.110593281686306,0.9707620157620157,0.9690710678210678,0.9692566685374039,0.9699999999999999
0.030468006230269868,0.11531688272953033,0.9707872682872681,0.9696855459355459,0.969315565845258,0.9699999999999999
0.020885928727996845,0.12687933444976807,0.9633391608391607,0.9606505531505531,0.9601922074853269,0.96
0.02043538730746756,0.13032536208629608,0.9708980833980835,0.9670807433307433,0.967192530053615,0.9683333333333333
0.019288110799000908,0.11768975108861923,0.9721483608983608,0.9697324434824434,0.9700031452363979,0.9699999999999999
0.022263783612288535,0.10965466499328613,0.9743605006105006,0.9723911736411736,0.9725761212019344,0.9733333333333333
0.020467391645070165,0.121770940721035,0.9690585340585339,0.9667021404521404,0.9667866815904799,0.9666666666666667
0.01883932538718606,0.1222672164440155,0.9650737688237688,0.963044733044733,0.9622149863554831,0.9633333333333334
0.017416939119963597,0.11418773233890533,0.970989935989936,0.9682635882635883,0.9685609434122244,0.9683333333333333
0.01635606538426752,0.1121169850230217,0.9746972009472009,0.9725895863395863,0.9728702162956885,0.9733333333333333
0.017372604614744585,0.12684854865074158,0.9678288147038149,0.9634866522366522,0.9638575026489459,0.9633333333333333
0.018790398763182264,0.12927643954753876,0.9689186276686278,0.9641420153920154,0.9642987791401619,0.965
0.01676012036235382,0.11383412778377533,0.9746972009472009,0.9725895863395863,0.9728702162956885,0.9733333333333333
0.014774804149055853,0.1206388995051384,0.9691380841380841,0.9668746993746993,0.9668559135742023,0.9666666666666667
0.016499014241465677,0.11531469225883484,0.9749523162023163,0.972727873977874,0.9728667156127334,0.9733333333333333
0.013641441725970557,0.11502411961555481,0.9765937303437303,0.9742430254930254,0.9744583997172053,0.975
0.017685242278579,0.1317475438117981,0.9674387649387649,0.9650817700817701,0.9648865063426691,0.965
0.014973622203494111,0.11645718663930893,0.9743605006105006,0.9723911736411736,0.9725761212019344,0.9733333333333333
0.014522949582897127,0.12083238363265991,0.9698798423798424,0.9678805916305916,0.96805626414478,0.9683333333333333
0.014918856429479396,0.12065903842449188,0.9724054186554185,0.9698707311207312,0.970044926145451,0.9699999999999999
0.01284857116600809,0.1452084481716156,0.9662810800310799,0.9619582732082731,0.9617678663289286,0.9616666666666666
0.014397288187562177,0.11388539522886276,0.9728757816257816,0.9711537999037999,0.9714813772668688,0.9716666666666666
0.010442181354543814,0.11655174195766449,0.97368968993969,0.971338985088985,0.9713674057438584,0.9716666666666667
0.011226329244285202,0.1201063022017479,0.977161310911311,0.974268278018278,0.9747463466074314,0.975
0.016205682516253244,0.12388347089290619,0.9744032356532357,0.9713059163059162,0.9717754884895147,0.9716666666666666
0.013667373170998568,0.12545280158519745,0.9724870037370037,0.9697444684944685,0.969998803077773,0.9699999999999999
0.011853675387101248,0.12143199145793915,0.9725050875050876,0.9694540644540645,0.9699718781564926,0.9699999999999999
0.015602357268411046,0.1362137496471405,0.9719413688163688,0.9676611351611352,0.968421853457345,0.9683333333333333
0.009633189445594326,0.12613147497177124,0.9743592981092982,0.9709349446849447,0.9716007137626422,0.9716666666666667
0.009338382912877327,0.12347038835287094,0.9760039035039035,0.9728793891293891,0.9734881766727911,0.9733333333333333
0.01189202381647192,0.12990686297416687,0.9706846394346393,0.9677873977873978,0.9677946352507979,0.9683333333333333
0.008265942829893902,0.1368313580751419,0.9688763782513784,0.9643151755651754,0.9647183757614951,0.965
0.01163662834248195,0.12055890262126923,0.9717199929699928,0.9695340307840308,0.9697664363143342,0.9699999999999999
0.011157886416185647,0.12505829334259033,0.9748454785954785,0.9730056517556518,0.9731605752618563,0.9733333333333332
0.008220324603219828,0.11939144134521484,0.9755619843119843,0.9725763588263588,0.9730475449941909,0.9733333333333332
0.008782974609251445,0.12314748764038086,0.9735187497687496,0.97125962000962,0.9713656461112826,0.9716666666666666
0.009576254126538212,0.12602417171001434,0.9736039886039887,0.9710744348244348,0.9713911311028353,0.9716666666666667
0.007670582611657058,0.11946281045675278,0.9746240333740334,0.9723911736411736,0.9727792017222178,0.9733333333333333
0.009359653432814715,0.12500667572021484,0.9708902671402672,0.9672522847522846,0.9678222535045974,0.9683333333333333
0.011237987860416373,0.12847861647605896,0.9724054186554186,0.9700222462722463,0.9700889378349556,0.9700000000000001
0.006729332482791506,0.13495483994483948,0.9734553872053873,0.9699753487253487,0.9702031947869497,0.9699999999999999
0.008557968569220975,0.13781391084194183,0.9672597772597772,0.9649765512265512,0.9651874717935315,0.965
0.008431397426951056,0.14691877365112305,0.9682293822735,0.9626016113516114,0.9633012300619744,0.9633333333333334
0.009353712055599317,0.12836574018001556,0.9672597772597772,0.9649765512265512,0.9651874717935315,0.965
0.006535529605268191,0.13249963521957397,0.9700050875050876,0.967938912938913,0.9676527238808165,0.9683333333333333
0.010013022149602572,0.13273876905441284,0.9727819865319866,0.969407166907167,0.969990229217947,0.9699999999999999
0.0077536823325014366,0.12597811222076416,0.9706882469382468,0.9680188792688793,0.9683995932808246,0.9683333333333333
0.006918196280215246,0.14377763867378235,0.9696712315462316,0.9650006012506013,0.9651103843011907,0.965
0.0059570110849260045,0.14174926280975342,0.9679708948458948,0.9626737614237614,0.9631716446018731,0.9633333333333334
0.006943722740591814,0.13169164955615997,0.9710165297665297,0.9683555796055797,0.9684871071713402,0.9683333333333333
0.009877102260361426,0.13398794829845428,0.9701107226107227,0.9677074314574314,0.968110502414682,0.9683333333333333
0.007280328155805667,0.12864568829536438,0.9709618622118622,0.9684481721981723,0.9688389418708102,0.9683333333333333
0.005741108616348356,0.13026708364486694,0.9711427923927923,0.9684818422318422,0.9685456162765759,0.9683333333333333
0.008426881041183757,0.14194355905056,0.9677125420875421,0.9633682058682059,0.9636964949553005,0.9633333333333334
0.006015531510153475,0.1307787299156189,0.9739205701705703,0.9712127224627225,0.9714998725792238,0.9716666666666667
0.005419258401767972,0.1326184868812561,0.968974358974359,0.9677074314574314,0.9673933842103515,0.9683333333333333
0.00807024996902328,0.1346152424812317,0.9736039886039887,0.9710744348244348,0.9713911311028353,0.9716666666666667
0.007797079723483573,0.13929350674152374,0.96390059015059,0.9608219095719096,0.9606506661976443,0.9616666666666668
0.007929638309481865,0.13929173350334167,0.9710165297665297,0.9683555796055797,0.9684871071713402,0.9683333333333333
0.007418296406588827,0.13768360018730164,0.9659188034188034,0.9645256132756131,0.9640413446912639,0.965
0.006871562160085887,0.1321982741355896,0.9739205701705703,0.9712127224627225,0.9714998725792238,0.9716666666666667
0.006818830384872854,0.1312362253665924,0.9707909220409222,0.9681703944203944,0.9685554341885613,0.9683333333333333
0.00868670733567948,0.13552513718605042,0.9691646779146779,0.9669666907166907,0.9667820773333179,0.9666666666666667
0.007977981275568405,0.1299629807472229,0.9767073667073668,0.9740578403078404,0.9747675058157851,0.975
0.0053688337648054585,0.1344090700149536,0.9706882469382468,0.9680188792688793,0.9683995932808246,0.9683333333333333
0.005604995691101067,0.1367861032485962,0.973735384985385,0.9710275372775373,0.9715412955811731,0.9716666666666666
0.005581519556775068,0.1391761302947998,0.9710165297665297,0.9683555796055797,0.9684871071713402,0.9683333333333333
0.004651301006864135,0.1311202049255371,0.9722471509971511,0.9695003607503607,0.9701885412949823,0.9699999999999999
0.006011602265061811,0.13483977317810059,0.972807239057239,0.9698238335738337,0.9702576550288512,0.9699999999999999
0.006575865574025859,0.15123224258422852,0.9699095117845119,0.9648833573833574,0.965151521410327,0.965
0.007390586062683724,0.1283843070268631,0.9764868927368928,0.9745208032708033,0.974752259366328,0.975
0.005785663864420106,0.13797861337661743,0.9642294742294742,0.9619462481962482,0.9618541384601982,0.9616666666666668
0.005826066966013362,0.13538436591625214,0.9741730954230955,0.9710612073112074,0.9714897260200801,0.9716666666666666
0.005921899602981284,0.1399375945329666,0.9713736726236726,0.9683555796055797,0.9686780831119414,0.9683333333333333
0.006860810152526635,0.13807836174964905,0.9681646594146595,0.9653132515632517,0.965532316813804,0.965
0.0053800918685738,0.14007256925106049,0.96758806008806,0.9653132515632517,0.9652749856840471,0.965
0.006192959020457541,0.13555648922920227,0.9728888241388242,0.9695460557960559,0.9700890178562095,0.9699999999999999
0.003644396856543608,0.13826577365398407,0.9710165297665297,0.9683555796055797,0.9684871071713402,0.9683333333333333
0.003976214861419673,0.13776633143424988,0.9720482757982757,0.9698707311207312,0.9698539502048499,0.9699999999999999
0.004844550559937488,0.14763349294662476,0.9719044612794613,0.9674627224627225,0.9681982852776364,0.9683333333333333
0.004384751198813319,0.14338335394859314,0.9692521367521367,0.9677074314574314,0.9673830322434779,0.9683333333333333
0.004320956693845801,0.1450228989124298,0.9728888241388242,0.9695460557960559,0.9700890178562095,0.9699999999999999
0.0051434817917955416,0.1397630274295807,0.9678616291116291,0.9653132515632517,0.9654635091090426,0.965
0.004374639407615177,0.14079400897026062,0.9710165297665297,0.9683555796055797,0.9684871071713402,0.9683333333333333
0.003928261838154867,0.15263347327709198,0.9694355413105414,0.9644324194324195,0.9650503485910001,0.965
0.004463677561337438,0.1407567262649536,0.9691032116032116,0.9665037277537278,0.9666859204283152,0.9666666666666667
0.004654740546053897,0.14661124348640442,0.9738389850889851,0.9710612073112074,0.9713330538721752,0.9716666666666666
0.0043965507502434775,0.14201273024082184,0.9739205701705703,0.9712127224627225,0.9714998725792238,0.9716666666666667
0.004382655626007666,0.13853588700294495,0.9727606190106192,0.9700222462722463,0.9702346321835487,0.9699999999999999
0.0047090029014119255,0.1453484296798706,0.9644036519036518,0.963335137085137,0.9626304099469959,0.9633333333333334
0.0036472989983546236,0.13981640338897705,0.9675297387797387,0.9653132515632517,0.9651678625853258,0.965
0.005229124129982665,0.14348196983337402,0.9698565786065786,0.9671651034151035,0.967221866775665,0.9666666666666667
0.0034808133544477946,0.14481036365032196,0.9630400155400155,0.9618199855699855,0.9610283738756503,0.9616666666666668
0.003814906391198747,0.14180681109428406,0.9698565786065786,0.9671651034151035,0.967221866775665,0.9666666666666667
0.002869522330001928,0.14240899682044983,0.9725316812816813,0.9695460557960559,0.9698980419156084,0.9699999999999999
0.00486768225528067,0.14631319046020508,0.9703767991267992,0.9679719817219817,0.9681052927793403,0.9683333333333334
0.005622400844004005,0.14292751252651215,0.9715548803048804,0.9683555796055797,0.968626371982813,0.9683333333333333
0.004058959486428648,0.13931825757026672,0.9738389850889851,0.9714905002405003,0.9716685097518655,0.9716666666666666
0.004975977751504009,0.1444152444601059,0.9678616291116291,0.9653132515632517,0.9654635091090426,0.965
0.003559316299894514,0.14820736646652222,0.9704921004921006,0.9681703944203944,0.9682877510919307,0.9683333333333333
0.0030924076612185067,0.15467846393585205,0.9688484200984201,0.9647570947570947,0.9650044061659532,0.965
0.0033406265404967903,0.14474603533744812,0.9675628075628074,0.9653132515632517,0.9651958260124119,0.965
0.003725280534126796,0.15557585656642914,0.9710165297665297,0.9683555796055797,0.9684871071713402,0.9683333333333333
0.0045827171052224,0.15615582466125488,0.9692529461279461,0.9647570947570947,0.9651081525383809,0.965
0.0036547258035473837,0.14319127798080444,0.9725064287564288,0.9695460557960559,0.9698188822439732,0.9699999999999999
0.003030356085218955,0.14210915565490723,0.9725064287564288,0.9695460557960559,0.9698188822439732,0.9699999999999999
0.005010906133975368,0.1415109634399414,0.9695097957597957,0.966655242905243,0.9669842985726911,0.9666666666666667
0.0032992453391974172,0.1412668079137802,0.9706882469382468,0.9680188792688793,0.9683995932808246,0.9683333333333333
0.0027121093444293365,0.1443602442741394,0.9725316812816813,0.9695460557960559,0.9698980419156084,0.9699999999999999
0.0058704145170243765,0.14401452243328094,0.9707446257446257,0.9680188792688793,0.968277604532787,0.9683333333333333
0.004335248323817116,0.14701183140277863,0.9728072390572392,0.9695460557960559,0.9699662108386655,0.9699999999999999
0.0033467139195029936,0.1532694399356842,0.970641835016835,0.9660738335738336,0.9666989754087614,0.9666666666666667
0.004487575769113998,0.14417238533496857,0.9690779590779591,0.9665037277537278,0.9666067607566801,0.9666666666666667
0.0041591527697164565,0.1475394070148468,0.9690332815332815,0.9667021404521404,0.9667075219188447,0.9666666666666667
0.002343511344709744,0.14357778429985046,0.9710165297665297,0.9683555796055797,0.9684871071713402,0.9683333333333333
0.0030423212059152624,0.14498212933540344,0.9725316812816813,0.9695460557960559,0.9698980419156084,0.9699999999999999
0.0034776596172984378,0.15046145021915436,0.9704559792059793,0.9662722462722463,0.9668074046945363,0.9666666666666667
0.002907677582697943,0.14621186256408691,0.9730131442631443,0.9698707311207312,0.970224485624405,0.9699999999999999
0.005096665881865192,0.147159606218338,0.9710165297665297,0.9683555796055797,0.9684871071713402,0.9683333333333333
0.0032297610984339067,0.14950117468833923,0.9710165297665297,0.9683555796055797,0.9684871071713402,0.9683333333333333
0.0028522663948630602,0.14789965748786926,0.9738389850889851,0.9714905002405003,0.9716685097518655,0.9716666666666666
0.00208061778054495,0.14801497757434845,0.9710165297665297,0.9683555796055797,0.9684871071713402,0.9683333333333333
0.0027562006822942444,0.14868614077568054,0.9658708883708883,0.9634613997113998,0.963506276050551,0.9633333333333334
0.003196992736775428,0.15045461058616638,0.9725316812816813,0.9695460557960559,0.9698980419156084,0.9699999999999999
0.0027019430126529187,0.15467727184295654,0.9714183501683502,0.9674627224627225,0.9679717318876647,0.9683333333333333
0.00496563216438517,0.14863938093185425,0.9692993580493581,0.9665037277537278,0.966718397537844,0.9666666666666667
0.003461513047417005,0.15196841955184937,0.9658708883708883,0.9634613997113998,0.963506276050551,0.9633333333333334
0.004583392520241129,0.15190082788467407,0.9708397620897621,0.967694203944204,0.9682084919537471,0.9683333333333333
0.0022289386761258356,0.1493670791387558,0.9747412772412772,0.9714905002405002,0.9719888668039159,0.9716666666666667
0.002770964624990787,0.1619098037481308,0.970641835016835,0.9660738335738336,0.9666989754087614,0.9666666666666667
0.0025294934263608107,0.14728914201259613,0.9743372368372368,0.9713642376142376,0.9718173328966841,0.9716666666666667
0.0034180787503525303,0.1508406698703766,0.9693498630998629,0.9668404280904282,0.9668162633952333,0.9666666666666667
0.0032080389088757024,0.1518886685371399,0.9725316812816813,0.9695460557960559,0.9698980419156084,0.9699999999999999
0.00323652105241005,0.15503591299057007,0.9728072390572392,0.9695460557960559,0.9699662108386655,0.9699999999999999
0.0034146451798733324,0.14614275097846985,0.9720230232730231,0.9698707311207312,0.9697747905332147,0.9699999999999999
0.004752124220734307,0.16382649540901184,0.9710165297665297,0.9683555796055797,0.9684871071713402,0.9683333333333333
0.0026487153348474144,0.1546543538570404,0.9693246105746106,0.9665037277537278,0.9667975572094791,0.9666666666666667
0.00374191303490079,0.15498438477516174,0.9710165297665297,0.9683555796055797,0.9684871071713402,0.9683333333333333
0.0034928757789505958,0.1519722193479538,0.9676579439079438,0.9649885762385764,0.9651267134333722,0.965
0.002110326745120498,0.15639659762382507,0.9728072390572392,0.9695460557960559,0.9699662108386655,0.9699999999999999
0.0034956755456126607,0.15179690718650818,0.9719977707477706,0.9695340307840308,0.9697560843474605,0.9699999999999999
0.0038538224277241775,0.15355859696865082,0.9708397620897621,0.967694203944204,0.9682084919537471,0.9683333333333333
0.001941288354525265,0.15564221143722534,0.9693246105746106,0.9665037277537278,0.9667975572094791,0.9666666666666667
0.0024943716149815978,0.1502673327922821,0.9725316812816813,0.9695460557960559,0.9698980419156084,0.9699999999999999
0.0025950384806492366,0.1523911952972412,0.9693246105746106,0.9665037277537278,0.9667975572094791,0.9666666666666667
0.003821081916006127,0.15811875462532043,0.9674112924112923,0.964651875901876,0.964996370466454,0.965
0.002512149173223103,0.15103693306446075,0.9746150146150145,0.9712127224627225,0.9718863460091756,0.9716666666666666
0.0021864261567922463,0.1592361479997635,0.9710165297665297,0.9683555796055797,0.9684871071713402,0.9683333333333333
0.001862327495473437,0.155422180891037,0.9710165297665297,0.9683555796055797,0.9684871071713402,0.9683333333333333
0.002113128762478785,0.15235748887062073,0.9725316812816813,0.9695460557960559,0.9698980419156084,0.9699999999999999
0.0027720984508050606,0.1563139259815216,0.9622273097273096,0.9612848725348725,0.9601440509481295,0.9616666666666666
0.001865379823963546,0.157292440533638,0.9681646594146595,0.9653132515632517,0.965532316813804,0.965
0.0023813179238156104,0.1610051393508911,0.9723238335738335,0.9698707311207312,0.969922119127907,0.9699999999999999
0.0037096692807002305,0.16013270616531372,0.9635631035631035,0.9626737614237614,0.9615832610726945,0.9633333333333333
0.0022255906757588186,0.15464606881141663,0.9706545769045768,0.9675090187590188,0.9682499149556963,0.9683333333333333
0.002532423209534803,0.152114599943161,0.9759223184223185,0.9728793891293891,0.9733653696552471,0.9733333333333333
0.004106324732371529,0.15913675725460052,0.9710165297665297,0.9683555796055797,0.9684871071713402,0.9683333333333333
0.0024170016064696633,0.15547588467597961,0.9725316812816813,0.9695460557960559,0.9698980419156084,0.9699999999999999
0.0025562505737373917,0.1575985550880432,0.9636414511414512,0.9612848725348725,0.9608697287790706,0.9616666666666666
0.002456597418737753,0.1576763093471527,0.9691730954230953,0.9661790524290526,0.9665376481776402,0.9666666666666667
0.0037048600327883228,0.15458503365516663,0.9709349446849447,0.9683555796055797,0.9683643001537963,0.9683333333333333
0.0024109024064576565,0.16189947724342346,0.9710165297665297,0.9683555796055797,0.9684871071713402,0.9683333333333333
0.00249756232733489,0.15955765545368195,0.9693498630998629,0.9668404280904282,0.9668162633952333,0.9666666666666667
0.0021603115449882657,0.1621556580066681,0.9693246105746106,0.9665037277537278,0.9667975572094791,0.9666666666666667
0.0023851014217749857,0.15649569034576416,0.9725316812816813,0.9695460557960559,0.9698980419156084,0.9699999999999999
0.0016240202021435834,0.15264208614826202,0.9712564287564286,0.9678457190957191,0.9685259522712074,0.9683333333333333
0.002705987080844352,0.16091696918010712,0.9725316812816813,0.9695460557960559,0.9698980419156084,0.9699999999999999
0.002660909616679419,0.1582973301410675,0.9708650146150145,0.9680309042809044,0.9682271981395014,0.9683333333333333
0.001552482441184111,0.16162914037704468,0.9693498630998629,0.9668404280904282,0.9668162633952333,0.9666666666666667
0.001683428039541468,0.15797987580299377,0.9725316812816813,0.9695460557960559,0.9698980419156084,0.9699999999999999
0.0025608528400577293,0.16037920117378235,0.9693246105746106,0.9665037277537278,0.9667975572094791,0.9666666666666667
0.002145792607431455,0.16042041778564453,0.9653894253894254,0.9631367243867245,0.9631798323417543,0.9633333333333334
0.0013946729474506963,0.15440422296524048,0.9724500962000963,0.9695460557960559,0.9697752348980644,0.9699999999999999
0.0027618514141067863,0.16654670238494873,0.9630931105931105,0.9619462481962482,0.9611181086623835,0.9616666666666668
0.0017931383772520348,0.15725135803222656,0.9676579439079438,0.9649885762385764,0.9651267134333722,0.965
0.001814694830197065,0.16249774396419525,0.9724500962000963,0.9695460557960559,0.9697752348980644,0.9699999999999999
0.0023974101786734536,0.1581915318965912,0.968411912161912,0.9665037277537278,0.9665039084337556,0.9666666666666667
0.0019989118348651877,0.1564253568649292,0.9691730954230953,0.9661790524290526,0.9665376481776402,0.9666666666666667
0.0020848482781730127,0.16096699237823486,0.9725316812816813,0.9695460557960559,0.9698980419156084,0.9699999999999999
0.0020952283133131764,0.16693703830242157,0.9630931105931105,0.9619462481962482,0.9611181086623835,0.9616666666666668
0.0014149089668838617,0.16275739669799805,0.9725316812816813,0.9695460557960559,0.9698980419156084,0.9699999999999999
0.006051735908840783,0.1650063395500183,0.9714999352499354,0.9674627224627225,0.9680945389052087,0.9683333333333333
0.0019664988431031816,0.15743525326251984,0.970758177008177,0.967694203944204,0.9680856849362032,0.9683333333333333
0.0017147173421108164,0.16175603866577148,0.9708397620897621,0.967694203944204,0.9682084919537471,0.9683333333333333
0.0026757587317357925,0.16459548473358154,0.9657446257446257,0.9631367243867245,0.9633255266903471,0.9633333333333334
0.0024195487894758116,0.1628355234861374,0.9687480112480111,0.9665037277537278,0.9665402260797222,0.9666666666666667
0.001971679135749582,0.1587476283311844,0.9676579439079438,0.9649885762385764,0.9651267134333722,0.965
0.0015873316491100316,0.16334566473960876,0.9725316812816813,0.9695460557960559,0.9698980419156084,0.9699999999999999
0.00252704545710003,0.16377370059490204,0.9725316812816813,0.9695460557960559,0.9698980419156084,0.9699999999999999
0.0030857246359422183,0.16013190150260925,0.9693246105746106,0.9665037277537278,0.9667975572094791,0.9666666666666667
0.0024914338052136977,0.16110342741012573,0.9655931105931105,0.9634613997113998,0.9635166280174245,0.9633333333333334
0.0018271037479280494,0.1531914472579956,0.9725316812816813,0.9695460557960559,0.9698980419156084,0.9699999999999999
0.0017473755724495277,0.1602657437324524,0.9725316812816813,0.9695460557960559,0.9698980419156084,0.9699999999999999
0.002485100364234919,0.1589963138103485,0.9695013782513783,0.9665157527657527,0.966564708582275,0.9666666666666667
0.0027837854807633753,0.16152548789978027,0.9685712435712435,0.9658423520923521,0.9662616108621291,0.9666666666666667
0.0016093155196964897,0.15761259198188782,0.9725316812816813,0.9695460557960559,0.9698980419156084,0.9699999999999999
0.0016371294089670603,0.1629667729139328,0.9710165297665297,0.9683555796055797,0.9684871071713402,0.9683333333333333
0.0033904227918052734,0.1591608226299286,0.9725316812816813,0.9695460557960559,0.9698980419156084,0.9699999999999999
0.0017074157876777463,0.16426751017570496,0.9642685555185554,0.9616215728715729,0.9612249257662167,0.9616666666666666
0.0017142970318673179,0.15649068355560303,0.9669045769045769,0.9643272005772007,0.9645907670860222,0.965
0.0020206372464599553,0.15699338912963867,0.9711427923927923,0.9680309042809042,0.9681563926867468,0.9683333333333333
0.0015983449532844436,0.16528411209583282,0.9710165297665297,0.9683555796055797,0.9684871071713402,0.9683333333333333
0.0021485831324146907,0.15937720239162445,0.9643809893809893,0.9616215728715729,0.9616630371331206,0.9616666666666668
0.0018792141636367887,0.1667519062757492,0.9714183501683502,0.9674627224627225,0.9679717318876647,0.9683333333333333
0.0018773074662021827,0.15882939100265503,0.9696798109298109,0.9665037277537278,0.9669432515580719,0.9666666666666667
0.002150111031975636,0.16094373166561127,0.9693246105746106,0.9665037277537278,0.9667975572094791,0.9666666666666667
0.0017823597700044047,0.164017453789711,0.9725316812816813,0.9695460557960559,0.9698980419156084,0.9699999999999999
0.0019356100383447483,0.16523084044456482,0.9710165297665297,0.9683555796055797,0.9684871071713402,0.9683333333333333
0.0017319652542937547,0.16426432132720947,0.9708650146150145,0.9680309042809044,0.9682271981395014,0.9683333333333333
0.0013769011190258122,0.16087345778942108,0.9691730954230954,0.9661790524290524,0.9664771946917594,0.9666666666666667
0.0011516250269778538,0.16576790809631348,0.9697050634550634,0.9668404280904282,0.9669619577438263,0.9666666666666667
0.0020022184441283266,0.16718034446239471,0.9693246105746106,0.9665037277537278,0.9667975572094791,0.9666666666666667
0.0016240651724122774,0.16025647521018982,0.9667921430421429,0.9643272005772007,0.9641526557191183,0.965
0.0023798879725897373,0.16455990076065063,0.9725316812816813,0.9695460557960559,0.9698980419156084,0.9699999999999999
0.0017421408398755982,0.16345344483852386,0.9746150146150145,0.9712127224627225,0.9718863460091756,0.9716666666666666
0.0014125564775895327,0.163290873169899,0.9725316812816813,0.9695460557960559,0.9698980419156084,0.9699999999999999
0.0016209684569427434,0.16699403524398804,0.9643809893809893,0.9616215728715729,0.9616630371331206,0.9616666666666668
0.0019510507675780293,0.16547152400016785,0.9725316812816813,0.9695460557960559,0.9698980419156084,0.9699999999999999
0.0012252996796936106,0.16320128738880157,0.9682909220409219,0.9649885762385763,0.9652016023292105,0.965
0.002741900925078274,0.16636116802692413,0.9676579439079438,0.9649885762385764,0.9651267134333722,0.965
0.002102029198188878,0.17183434963226318,0.9728683816183815,0.9700222462722463,0.970344692310659,0.9699999999999999
0.00209320670425465,0.17141297459602356,0.9709349446849447,0.9683555796055797,0.9683643001537963,0.9683333333333333
0.0012345576803151441,0.16439960896968842,0.9710165297665297,0.9683555796055797,0.9684871071713402,0.9683333333333333
0.0016286314773121073,0.16632887721061707,0.9657446257446257,0.9631367243867245,0.9633255266903471,0.9633333333333334
0.0020353575843425156,0.16729965806007385,0.9710165297665297,0.9683555796055797,0.9684871071713402,0.9683333333333333
0.0017345166415907443,0.16589944064617157,0.9725316812816813,0.9695460557960559,0.9698980419156084,0.9699999999999999
0.002574835452833213,0.16501912474632263,0.9725316812816813,0.9695460557960559,0.9698980419156084,0.9699999999999999
0.0016540390570298769,0.1665927916765213,0.9725316812816813,0.9695460557960559,0.9698980419156084,0.9699999999999999
0.001356282300548628,0.16374707221984863,0.9724500962000963,0.9695460557960559,0.9697752348980644,0.9699999999999999
0.0024221929221918495,0.16460196673870087,0.9725316812816813,0.9695460557960559,0.9698980419156084,0.9699999999999999
0.0011835102383580913,0.16738280653953552,0.9725316812816813,0.9695460557960559,0.9698980419156084,0.9699999999999999
0.0014625112798967166,0.16894492506980896,0.9681646594146595,0.9653132515632517,0.965532316813804,0.965
0.0023594809863425326,0.17439620196819305,0.9693246105746106,0.9665037277537278,0.9667975572094791,0.9666666666666667
0.0012902721743254613,0.16343019902706146,0.9725316812816813,0.9695460557960559,0.9698980419156084,0.9699999999999999
0.0012431803212772745,0.1725519597530365,0.9693246105746106,0.9665037277537278,0.9667975572094791,0.9666666666666667
0.001288776158617111,0.16453182697296143,0.9708397620897621,0.967694203944204,0.9682084919537471,0.9683333333333333
0.002778030069748638,0.16975590586662292,0.9693246105746106,0.9665037277537278,0.9667975572094791,0.9666666666666667
0.0018798065999969065,0.17084002494812012,0.9657446257446257,0.9631367243867245,0.9633255266903471,0.9633333333333334
0.0020885506576936073,0.1655050367116928,0.9708397620897621,0.967694203944204,0.9682084919537471,0.9683333333333333
0.001526998831347252,0.16330958902835846,0.9725316812816813,0.9695460557960559,0.9698980419156084,0.9699999999999999
0.0013018649866959702,0.16584190726280212,0.9694508732008731,0.9661790524290524,0.9664668427248856,0.9666666666666667
0.0016831244126175686,0.17183801531791687,0.9693246105746106,0.9665037277537278,0.9667975572094791,0.9666666666666667
0.0024493094606441446,0.17773161828517914,0.9604536204536204,0.9592015392015393,0.9582162323898763,0.96
0.001988895278676258,0.17058974504470825,0.9676579439079438,0.9649885762385764,0.9651267134333722,0.965
0.0018690702757642914,0.17328667640686035,0.9693246105746106,0.9665037277537278,0.9667975572094791,0.9666666666666667
0.001420705151152409,0.16874735057353973,0.9693246105746106,0.9665037277537278,0.9667975572094791,0.9666666666666667
0.001550570153388738,0.1688106507062912,0.9710165297665297,0.9683555796055797,0.9684871071713402,0.9683333333333333
0.0014117010796326213,0.1687966287136078,0.9660224035224035,0.9631367243867244,0.9632547212375925,0.9633333333333334
0.0015786151470820187,0.16429926455020905,0.9691730954230953,0.9661790524290526,0.9665376481776402,0.9666666666666667
0.0016915612080386684,0.16848403215408325,0.9698080160580161,0.9656108706108707,0.9664049889433475,0.9666666666666667
0.0016860982298870415,0.17235076427459717,0.9708397620897621,0.967694203944204,0.9682084919537471,0.9683333333333333
0.0028139514955303944,0.1685413122177124,0.9725316812816813,0.9695460557960559,0.9698980419156084,0.9699999999999999
0.0017412687096414932,0.16619282960891724,0.9678094590594589,0.964663900913901,0.9648751586204137,0.965
0.0012508049124638394,0.16864171624183655,0.9729230954230953,0.9693608706108706,0.9701967960473143,0.9699999999999999
0.0018090144149027765,0.17460386455059052,0.9693246105746106,0.9665037277537278,0.9667975572094791,0.9666666666666667
0.0010369652439597605,0.17035773396492004,0.9710165297665297,0.9683555796055797,0.9684871071713402,0.9683333333333333
0.0011839356526858562,0.17005817592144012,0.9678094590594589,0.964663900913901,0.9648751586204137,0.965
0.0013450051483232528,0.16993674635887146,0.9725316812816813,0.9695460557960559,0.9698980419156084,0.9699999999999999
0.0012672991682241748,0.17209647595882416,0.9708397620897621,0.967694203944204,0.9682084919537471,0.9683333333333333
0.003273437134339474,0.17195382714271545,0.9708397620897621,0.967694203944204,0.9682084919537471,0.9683333333333333
0.0029633508917565146,0.1732223927974701,0.9693246105746106,0.9665037277537278,0.9667975572094791,0.9666666666666667
0.001779641871204755,0.17049607634544373,0.9708397620897621,0.967694203944204,0.9682084919537471,0.9683333333333333
0.001357008347743734,0.16984525322914124,0.9691730954230953,0.9661790524290526,0.9665376481776402,0.9666666666666667
0.001464184679207392,0.17004624009132385,0.9708397620897621,0.967694203944204,0.9682084919537471,0.9683333333333333
0.001215610938743339,0.16890482604503632,0.9691730954230953,0.9661790524290526,0.9665376481776402,0.9666666666666667
0.0012144809904081437,0.17054174840450287,0.9745334295334295,0.9712127224627225,0.9717635389916316,0.9716666666666666
0.0014229869120754302,0.16577030718326569,0.9708650146150145,0.9680309042809044,0.9682271981395014,0.9683333333333333
0.0013623306682954233,0.17017486691474915,0.9636414511414512,0.9612848725348725,0.9608697287790706,0.9616666666666666
0.0010832114312506747,0.16811273992061615,0.9691730954230953,0.9661790524290526,0.9665376481776402,0.9666666666666667
0.001774950692076042,0.16698965430259705,0.9729230954230953,0.9693608706108706,0.9701967960473143,0.9699999999999999
0.001145140112688144,0.16461002826690674,0.9705367317867318,0.967694203944204,0.9681396842489858,0.9683333333333333
0.0010826521562800433,0.1720501184463501,0.9708397620897621,0.967694203944204,0.9682084919537471,0.9683333333333333
0.0018471515892694395,0.1727394163608551,0.9710165297665297,0.9683555796055797,0.9684871071713402,0.9683333333333333
0.0015290966694010422,0.16793732345104218,0.9662943075443075,0.9634734247234248,0.9634642238761457,0.9633333333333334
0.0015292866834594558,0.17090129852294922,0.9708650146150145,0.9680309042809044,0.9682271981395014,0.9683333333333333
0.0014112425627293608,0.17470119893550873,0.9725316812816813,0.9695460557960559,0.9698980419156084,0.9699999999999999
0.0011782324933543957,0.17856702208518982,0.9709349446849447,0.9683555796055797,0.9683643001537963,0.9683333333333333
0.001703939785026402,0.17507366836071014,0.9724500962000963,0.9695460557960559,0.9697752348980644,0.9699999999999999
0.0025326584242672348,0.17809399962425232,0.9708397620897621,0.967694203944204,0.9682084919537471,0.9683333333333333
0.0011642471896872546,0.17048895359039307,0.9724500962000963,0.9695460557960559,0.9697752348980644,0.9699999999999999
0.00217543891024737,0.1704500913619995,0.9691730954230953,0.9661790524290526,0.9665376481776402,0.9666666666666667
0.0010904915786037843,0.1718434989452362,0.9676579439079438,0.9649885762385764,0.9651267134333722,0.965
0.002036849517025985,0.17564579844474792,0.9693246105746106,0.9665037277537278,0.9667975572094791,0.9666666666666667
0.00161996042879764,0.16971123218536377,0.9693498630998629,0.9668404280904282,0.9668162633952333,0.9666666666666667
0.0023247654892960177,0.17466239631175995,0.9676579439079438,0.9649885762385764,0.9651267134333722,0.965
0.0008781645895699816,0.16903600096702576,0.9708650146150145,0.9680309042809044,0.9682271981395014,0.9683333333333333
0.0008003902609440653,0.16976717114448547,0.9708650146150145,0.9680309042809044,0.9682271981395014,0.9683333333333333
0.0007025246535098025,0.1698264479637146,0.9708650146150145,0.9680309042809044,0.9682271981395014,0.9683333333333333
0.0015466302187026788,0.17008301615715027,0.9708650146150145,0.9680309042809044,0.9682271981395014,0.9683333333333333
0.0008959333911964981,0.16766920685768127,0.9694508732008731,0.9661790524290524,0.9664668427248856,0.9666666666666667
0.0009415229008785294,0.16626444458961487,0.9708650146150145,0.9680309042809044,0.9682271981395014,0.9683333333333333
0.0009122642792741923,0.17157553136348724,0.9693498630998629,0.9668404280904282,0.9668162633952333,0.9666666666666667
0.0009291438636864768,0.16883806884288788,0.9695013782513783,0.9665157527657527,0.966564708582275,0.9666666666666667
0.001693203549317938,0.17321160435676575,0.9693246105746106,0.9665037277537278,0.9667975572094791,0.9666666666666667
0.0016160737674605723,0.17167162895202637,0.9660224035224035,0.9631367243867244,0.9632547212375925,0.9633333333333334
0.0015682851165668883,0.1692630499601364,0.9678094590594589,0.964663900913901,0.9648751586204137,0.965
0.000931856268531798,0.1661345660686493,0.9678094590594589,0.964663900913901,0.9648751586204137,0.965
0.000962736059591407,0.16984085738658905,0.9676579439079438,0.9649885762385764,0.9651267134333722,0.965
0.000892728311252237,0.17014986276626587,0.9725316812816813,0.9695460557960559,0.9698980419156084,0.9699999999999999
0.0009202346045640297,0.17250505089759827,0.9655409405409404,0.9628120490620491,0.9629282775287957,0.9633333333333334
0.0011921017515608885,0.17527124285697937,0.9621202871202871,0.9592015392015393,0.9590046494139912,0.96
0.0009711323158019999,0.17298471927642822,0.9725316812816813,0.9695460557960559,0.9698980419156084,0.9699999999999999
0.0009566451068773555,0.1781599521636963,0.9693246105746106,0.9665037277537278,0.9667975572094791,0.9666666666666667
0.0009994129983776172,0.17108434438705444,0.9725316812816813,0.9695460557960559,0.9698980419156084,0.9699999999999999
0.0011153239756822586,0.17004810273647308,0.9725316812816813,0.9695460557960559,0.9698980419156084,0.9699999999999999
0.0009662746779213194,0.16876022517681122,0.9695013782513783,0.9665157527657527,0.966564708582275,0.9666666666666667
0.0008308857062123328,0.17223314940929413,0.9710165297665297,0.9683555796055797,0.9684871071713402,0.9683333333333333
0.0008515402096236357,0.17095601558685303,0.9678094590594589,0.964663900913901,0.9648751586204137,0.965
0.0016976124982951053,0.17065975069999695,0.9708397620897621,0.967694203944204,0.9682084919537471,0.9683333333333333
0.000688311320724703,0.17222927510738373,0.9678094590594589,0.964663900913901,0.9648751586204137,0.965
0.0010843890734880308,0.17174243927001953,0.9655409405409404,0.9628120490620491,0.9629282775287957,0.9633333333333334
0.0007841697718807458,0.17303812503814697,0.9725316812816813,0.9695460557960559,0.9698980419156084,0.9699999999999999
0.0011019302680021308,0.16993163526058197,0.9694508732008731,0.9661790524290524,0.9664668427248856,0.9666666666666667
0.0010242025321834565,0.1745762825012207,0.964025789025789,0.9616215728715729,0.9615173427845277,0.9616666666666668
0.0010556088236626238,0.17562136054039001,0.9662943075443075,0.9634734247234248,0.9634642238761457,0.9633333333333334
0.0009405918359940794,0.17641839385032654,0.9724500962000963,0.9695460557960559,0.9697752348980644,0.9699999999999999
0.0009467570641087756,0.17625099420547485,0.9678094590594589,0.964663900913901,0.9648751586204137,0.965
0.0018617576982554358,0.17815975844860077,0.9653894253894254,0.9631367243867245,0.9631798323417543,0.9633333333333334
0.001250791629596885,0.1785750687122345,0.9708397620897621,0.967694203944204,0.9682084919537471,0.9683333333333333
0.0009887567448458867,0.17512384057044983,0.9693498630998629,0.9668404280904282,0.9668162633952333,0.9666666666666667
0.0014958005115962199,0.1753547638654709,0.9725316812816813,0.9695460557960559,0.9698980419156084,0.9699999999999999
0.001445982084381588,0.17472849786281586,0.9651343563843563,0.9622829485329486,0.9621989834804706,0.9616666666666668
0.001246596144483192,0.17927640676498413,0.9662943075443075,0.9634734247234248,0.9634642238761457,0.9633333333333334
0.0007931393065518932,0.17657634615898132,0.9678094590594589,0.964663900913901,0.9648751586204137,0.965
0.0015231543372162075,0.18018487095832825,0.9676579439079438,0.9649885762385764,0.9651267134333722,0.965
0.0017366131329860461,0.17291045188903809,0.9678094590594589,0.964663900913901,0.9648751586204137,0.965
0.0007585610565001843,0.17764119803905487,0.9725316812816813,0.9695460557960559,0.9698980419156084,0.9699999999999999
0.0009072476568690035,0.17306791245937347,0.9678094590594589,0.964663900913901,0.9648751586204137,0.965
0.002115872042850242,0.1776534914970398,0.9693246105746106,0.9665037277537278,0.9667975572094791,0.9666666666666667
0.0017435247003353045,0.17725464701652527,0.9662943075443075,0.9634734247234248,0.9634642238761457,0.9633333333333334
0.0009050204353115987,0.1739976704120636,0.9708397620897621,0.967694203944204,0.9682084919537471,0.9683333333333333
0.000927645229846045,0.17864744365215302,0.9725316812816813,0.9695460557960559,0.9698980419156084,0.9699999999999999
0.0011974161631466511,0.17528603971004486,0.9708397620897621,0.967694203944204,0.9682084919537471,0.9683333333333333
0.0011984753915991557,0.1758975088596344,0.9708397620897621,0.967694203944204,0.9682084919537471,0.9683333333333333
0.0012825163576053455,0.17671754956245422,0.9708397620897621,0.967694203944204,0.9682084919537471,0.9683333333333333
0.0007723374492343282,0.1766446828842163,0.9708397620897621,0.967694203944204,0.9682084919537471,0.9683333333333333
0.0006862522944478163,0.17656084895133972,0.9691730954230953,0.9661790524290526,0.9665376481776402,0.9666666666666667
0.0012231445052748313,0.17617586255073547,0.9725316812816813,0.9695460557960559,0.9698980419156084,0.9699999999999999
0.0009703602020939192,0.1790701001882553,0.964025789025789,0.9616215728715729,0.9615173427845277,0.9616666666666668
0.0009297839933424257,0.17554280161857605,0.9691730954230953,0.9661790524290526,0.9665376481776402,0.9666666666666667
0.0014882274202439778,0.17331787943840027,0.9708397620897621,0.967694203944204,0.9682084919537471,0.9683333333333333
0.0011629337417010295,0.175348162651062,0.9662943075443075,0.9634734247234248,0.9634642238761457,0.9633333333333334
0.00182323011419309,0.177406907081604,0.9693246105746106,0.9665037277537278,0.9667975572094791,0.9666666666666667
0.0030457134550185097,0.1766187846660614,0.9662943075443075,0.9634734247234248,0.9634642238761457,0.9633333333333334
0.0010112203332634333,0.1755352020263672,0.9662943075443075,0.9634734247234248,0.9634642238761457,0.9633333333333334
0.001271222457338202,0.17875197529792786,0.9724500962000963,0.9695460557960559,0.9697752348980644,0.9699999999999999
0.0016233528961796158,0.1803358793258667,0.9662943075443075,0.9634734247234248,0.9634642238761457,0.9633333333333334
0.0021291147634959393,0.18268412351608276,0.9691730954230953,0.9661790524290526,0.9665376481776402,0.9666666666666667
0.0011517874657632394,0.1796663999557495,0.9645012395012394,0.9610533910533912,0.9613896418725131,0.9616666666666668
0.0017146161662822124,0.17607173323631287,0.9708397620897621,0.967694203944204,0.9682084919537471,0.9683333333333333
0.0006694925320213466,0.18081387877464294,0.9693246105746106,0.9665037277537278,0.9667975572094791,0.9666666666666667
0.0007639876979131562,0.18024003505706787,0.9676579439079438,0.9649885762385764,0.9651267134333722,0.965
0.0008979460174790196,0.18080943822860718,0.9708397620897621,0.967694203944204,0.9682084919537471,0.9683333333333333
0.0008283582719741389,0.17836299538612366,0.9678094590594589,0.964663900913901,0.9648751586204137,0.965
0.0013163552660747275,0.18058744072914124,0.9695013782513783,0.9665157527657527,0.966564708582275,0.9666666666666667
0.0015355635866095934,0.1837678998708725,0.9710165297665297,0.9683555796055797,0.9684871071713402,0.9683333333333333
0.000917656252568122,0.18879246711730957,0.9710165297665297,0.9683555796055797,0.9684871071713402,0.9683333333333333
0.0019402193217198753,0.18558768928050995,0.9679862267362266,0.9653252765752766,0.9651537738380068,0.965
0.0009370669613417704,0.18018847703933716,0.9679862267362266,0.9653252765752766,0.9651537738380068,0.965
0.000992559755104594,0.18073336780071259,0.9698380785880785,0.9669919432419433,0.9670113589773258,0.9666666666666667
0.0016219774200484,0.18063205480575562,0.9658187183187183,0.964663900913901,0.963892149659716,0.965
0.0007930753490654752,0.18533632159233093,0.9662943075443075,0.9634734247234248,0.9634642238761457,0.9633333333333334
0.0015298041471396573,0.18029771745204926,0.9678094590594589,0.964663900913901,0.9648751586204137,0.965
0.0005014661170813876,0.17693088948726654,0.9695013782513783,0.9665157527657527,0.966564708582275,0.9666666666666667
0.0013673077846760862,0.1807672679424286,0.9678094590594589,0.964663900913901,0.9648751586204137,0.965
0.0016189624281347885,0.1823039948940277,0.9678094590594589,0.964663900913901,0.9648751586204137,0.965
0.0006297335548879346,0.18497702479362488,0.9678094590594589,0.964663900913901,0.9648751586204137,0.965
0.0008275367684594433,0.18152867257595062,0.9691730954230953,0.9661790524290526,0.9665376481776402,0.9666666666666667
0.001106836664500103,0.18185798823833466,0.9691730954230953,0.9661790524290526,0.9665376481776402,0.9666666666666667
