training_loss,validation_loss,precision,recall,f1,accuracy
0.8027482498437166,6.250090599060059,0.35995977140704144,0.2791585320997086,0.18818872508303733,0.28
0.16854647158955535,0.6797908544540405,0.8720033600157439,0.8171262696997993,0.8101054728683491,0.8183333333333334
0.08592475873107712,0.22643280029296875,0.9373374912984048,0.9223833573833574,0.9203850528280898,0.9249999999999999
0.0662855519913137,0.1447599083185196,0.9535757468652206,0.9533704258704258,0.9503138283270745,0.9516666666666667
0.008471087601113444,0.08174630254507065,0.975355339105339,0.9745881433381433,0.9733911987320365,0.975
0.004182541650758746,0.06794138252735138,0.9850665538165537,0.9833724146224148,0.9832810628085564,0.9833333333333333
0.013000531369470991,1.2401504516601562,0.8953177239161435,0.7885198652110416,0.8001224364151974,0.7866666666666666
0.09799743759989117,1.2175716161727905,0.8736587595174553,0.7711743403655168,0.7748056148575099,0.7733333333333333
0.09902640800767888,0.4311011731624603,0.9173881211381211,0.9021926548397136,0.8960837559751669,0.9033333333333333
0.04730599984759465,0.2170965075492859,0.9427723433973435,0.9372757335257336,0.9334485091405177,0.9366666666666666
0.014850640325069739,0.1314171999692917,0.9696228308728309,0.9686676286676287,0.9669010672774975,0.9683333333333333
0.0019688351979615013,0.09211653470993042,0.9797108447108448,0.9785954785954786,0.9782793722694448,0.9783333333333334
0.0010236082550060626,0.4506884217262268,0.9498125948125948,0.9399807953484424,0.9379405063950109,0.9366666666666666
0.0018024977234745165,0.08827891945838928,0.9826595626595628,0.9818362193362193,0.9816508107761978,0.9816666666666666
0.00029035299940005643,0.08815144002437592,0.9809928959928961,0.9804473304473303,0.9800489801125821,0.98
0.00029789149690865696,0.08751630783081055,0.981007141007141,0.9799843674843675,0.9799120193531959,0.98
0.00032931347489769297,0.12795712053775787,0.9698136123136124,0.9689574314574315,0.9677924248306198,0.9683333333333334
0.00021015981815253326,0.09398633241653442,0.980855625855626,0.9797859547859548,0.9797211234338482,0.98
0.00030181159627318266,0.08919592201709747,0.981007141007141,0.9808772246272245,0.980358363132873,0.98
9.354313260701019e-05,0.08605842292308807,0.9825222925222926,0.9820677008177007,0.981769297877141,0.9816666666666666
8.265078137507469e-05,0.08789658546447754,0.9799998149998149,0.9787938912938913,0.9786361409106509,0.9783333333333334
0.00013238916786425156,0.09022548794746399,0.9799998149998149,0.9787938912938913,0.9786361409106509,0.9783333333333334
0.00015606502787098483,0.08504535257816315,0.9821823546823546,0.9820677008177009,0.9816873816720365,0.9816666666666668
0.00011465807627549414,0.08189041912555695,0.9836975061975063,0.9832581770081771,0.9830983164163044,0.9833333333333334
6.267547602571237e-05,0.08306951820850372,0.9821823546823546,0.9820677008177009,0.9816873816720365,0.9816666666666668
5.747000345005896e-05,0.08616753667593002,0.9836975061975063,0.9832581770081771,0.9830983164163044,0.9833333333333334
0.00010060787182434676,0.0886663943529129,0.9815149665149665,0.9799843674843675,0.9800470756549188,0.98
6.0343941261938504e-05,0.09218548238277435,0.9815149665149665,0.9799843674843675,0.9800470756549188,0.98
0.00010644763847267313,0.09265768527984619,0.9825222925222926,0.9811748436748436,0.9813229540974638,0.9816666666666666
6.776471893014484e-05,0.0906858742237091,0.9821356421356421,0.9814063251563252,0.9812846747203099,0.9816666666666668
7.543583732664653e-05,0.08882738649845123,0.9825222925222926,0.9811748436748436,0.9813229540974638,0.9816666666666666
5.093991713541376e-05,0.09107705950737,0.9825222925222926,0.9811748436748436,0.9813229540974638,0.9816666666666666
4.507044981968041e-05,0.08887087553739548,0.9836975061975063,0.9832581770081771,0.9830983164163044,0.9833333333333334
0.00013801505429000827,0.09233810007572174,0.9825222925222926,0.9811748436748436,0.9813229540974638,0.9816666666666666
3.885666527973323e-05,0.08705447614192963,0.9825222925222926,0.9811748436748436,0.9813229540974638,0.9816666666666666
4.832386952102752e-05,0.08980439603328705,0.981007141007141,0.9799843674843675,0.9799120193531959,0.98
4.58727277153533e-05,0.08789199590682983,0.9825222925222926,0.9811748436748436,0.9813229540974638,0.9816666666666666
9.587844363068143e-05,0.08916628360748291,0.9825222925222926,0.9811748436748436,0.9813229540974638,0.9816666666666666
0.00011312464656991021,0.08902285993099213,0.9825222925222926,0.9811748436748436,0.9813229540974638,0.9816666666666666
4.158516748020702e-05,0.08929958939552307,0.9825222925222926,0.9811748436748436,0.9813229540974638,0.9816666666666666
3.061612424441288e-05,0.08935306966304779,0.9825222925222926,0.9811748436748436,0.9813229540974638,0.9816666666666666
4.134992733876667e-05,0.0886247456073761,0.9836975061975063,0.9832581770081771,0.9830983164163044,0.9833333333333334
4.64719534534197e-05,0.09002592414617538,0.9825222925222926,0.9811748436748436,0.9813229540974638,0.9816666666666666
5.49846891241638e-05,0.09111428260803223,0.9825222925222926,0.9811748436748436,0.9813229540974638,0.9816666666666666
3.6931633871972736e-05,0.09297452867031097,0.9825222925222926,0.9811748436748436,0.9813229540974638,0.9816666666666666
2.4512211363495833e-05,0.08821432292461395,0.9836975061975063,0.9832581770081771,0.9830983164163044,0.9833333333333334
2.890030530503888e-05,0.09078574180603027,0.9825222925222926,0.9811748436748436,0.9813229540974638,0.9816666666666666
2.6614665803966393e-05,0.08790861815214157,0.9836975061975063,0.9832581770081771,0.9830983164163044,0.9833333333333334
2.4270216518592253e-05,0.08959177136421204,0.9836975061975063,0.9832581770081771,0.9830983164163044,0.9833333333333334
2.4731953620478937e-05,0.09218363463878632,0.9825222925222926,0.9811748436748436,0.9813229540974638,0.9816666666666666
2.5643706559700757e-05,0.09005926549434662,0.9825222925222926,0.9811748436748436,0.9813229540974638,0.9816666666666666
3.218452170964762e-05,0.09071268886327744,0.9825222925222926,0.9811748436748436,0.9813229540974638,0.9816666666666666
2.2717714386999432e-05,0.09352158010005951,0.9825222925222926,0.9811748436748436,0.9813229540974638,0.9816666666666666
1.7669796951243672e-05,0.09213994443416595,0.9825222925222926,0.9811748436748436,0.9813229540974638,0.9816666666666666
2.0445783680618963e-05,0.09224270284175873,0.9825222925222926,0.9811748436748436,0.9813229540974638,0.9816666666666666
2.5579134747507244e-05,0.09754303097724915,0.9825222925222926,0.9811748436748436,0.9813229540974638,0.9816666666666666
3.1441251053365704e-05,0.09005921334028244,0.9825222925222926,0.9811748436748436,0.9813229540974638,0.9816666666666666
4.5528411665903455e-05,0.08692213147878647,0.9854693917193917,0.9847733285233287,0.9847266445152209,0.985
2.094507198080464e-05,0.08915504068136215,0.9836975061975063,0.9832581770081771,0.9830983164163044,0.9833333333333334
1.6919374388635333e-05,0.08567127585411072,0.9836975061975063,0.9832581770081771,0.9830983164163044,0.9833333333333334
3.176629536483233e-05,0.08616586774587631,0.9853499278499278,0.9851100288600289,0.9848371078393064,0.985
1.5447934496629994e-05,0.08593407273292542,0.9853499278499278,0.9851100288600289,0.9848371078393064,0.985
2.749939762717683e-05,0.08720779418945312,0.9853499278499278,0.9851100288600289,0.9848371078393064,0.985
3.586729411608758e-05,0.08891453593969345,0.9825222925222926,0.9811748436748436,0.9813229540974638,0.9816666666666666
1.6230344764759746e-05,0.08905475586652756,0.9825222925222926,0.9811748436748436,0.9813229540974638,0.9816666666666666
1.605709394425503e-05,0.08927514404058456,0.9825222925222926,0.9811748436748436,0.9813229540974638,0.9816666666666666
2.6242137134128523e-05,0.08445346355438232,0.9853499278499278,0.9851100288600289,0.9848371078393064,0.985
3.184099972486365e-05,0.08878283202648163,0.9836975061975063,0.9832581770081771,0.9830983164163044,0.9833333333333334
2.6669303395010502e-05,0.08866267651319504,0.9836975061975063,0.9832581770081771,0.9830983164163044,0.9833333333333334
2.03686952412833e-05,0.09225737303495407,0.9825222925222926,0.9811748436748436,0.9813229540974638,0.9816666666666666
6.257732921236918e-05,0.09055577218532562,0.9836975061975063,0.9832581770081771,0.9830983164163044,0.9833333333333334
1.7710924235340524e-05,0.09068956226110458,0.9836975061975063,0.9832581770081771,0.9830983164163044,0.9833333333333334
1.0583202017263224e-05,0.08854381740093231,0.9836975061975063,0.9832581770081771,0.9830983164163044,0.9833333333333334
1.8835663960696063e-05,0.08833760023117065,0.9836975061975063,0.9832581770081771,0.9830983164163044,0.9833333333333334
0.0005098426201849785,0.08710917085409164,0.9823665223665223,0.9822059884559885,0.9818715711018399,0.9816666666666666
6.0243208717262554e-05,0.08986177295446396,0.9820308395308396,0.9818692881192881,0.9814964857526888,0.9816666666666668
3.521641142848845e-05,0.09172990173101425,0.9820308395308396,0.9818692881192881,0.9814964857526888,0.9816666666666668
5.760073670065443e-05,0.08787800371646881,0.9820308395308396,0.9818692881192881,0.9814964857526888,0.9816666666666668
2.0234982173406024e-05,0.09088589996099472,0.9836975061975063,0.9832581770081771,0.9830983164163044,0.9833333333333334
2.104560531771919e-05,0.0856110155582428,0.9853499278499278,0.9851100288600289,0.9848371078393064,0.985
2.7810335306336736e-05,0.0885486826300621,0.9836975061975063,0.9832581770081771,0.9830983164163044,0.9833333333333334
1.8138289268184355e-05,0.09076236188411713,0.9836975061975063,0.9832581770081771,0.9830983164163044,0.9833333333333334
2.8415520906340436e-05,0.0888458713889122,0.9836975061975063,0.9832581770081771,0.9830983164163044,0.9833333333333334
2.2218823545472333e-05,0.08810661733150482,0.9820308395308396,0.9818692881192881,0.9814964857526888,0.9816666666666668
3.440002650260491e-05,0.09106114506721497,0.9836975061975063,0.9832581770081771,0.9830983164163044,0.9833333333333334
2.1474162603378016e-05,0.08994361013174057,0.9853499278499278,0.9851100288600289,0.9848371078393064,0.985
2.139250427527865e-05,0.09036168456077576,0.9820308395308396,0.9818692881192881,0.9814964857526888,0.9816666666666668
2.0389954225189893e-05,0.08981027454137802,0.9836832611832612,0.98372113997114,0.9832352771756908,0.9833333333333334
1.568377017709584e-05,0.09127743542194366,0.9836975061975063,0.9832581770081771,0.9830983164163044,0.9833333333333334
1.7906228587586764e-05,0.08940333127975464,0.9836975061975063,0.9832581770081771,0.9830983164163044,0.9833333333333334
1.723766303030061e-05,0.08775138109922409,0.9853499278499278,0.9851100288600289,0.9848371078393064,0.985
1.1728008720031843e-05,0.0877106711268425,0.9836975061975063,0.9832581770081771,0.9830983164163044,0.9833333333333334
1.4066497300291303e-05,0.08972176909446716,0.9836975061975063,0.9832581770081771,0.9830983164163044,0.9833333333333334
1.111507409253439e-05,0.09245412051677704,0.9836975061975063,0.9832581770081771,0.9830983164163044,0.9833333333333334
2.173264834937072e-05,0.09249057620763779,0.9836975061975063,0.9832581770081771,0.9830983164163044,0.9833333333333334
9.898344690858115e-06,0.09117710590362549,0.9836975061975063,0.9832581770081771,0.9830983164163044,0.9833333333333334
1.2846787749746605e-05,0.09104897081851959,0.9836975061975063,0.9832581770081771,0.9830983164163044,0.9833333333333334
1.6583601805564285e-05,0.09392045438289642,0.9825222925222926,0.9811748436748436,0.9813229540974638,0.9816666666666666
1.5850663260152942e-05,0.08950116485357285,0.9853499278499278,0.9851100288600289,0.9848371078393064,0.985
1.3971130035391374e-05,0.09025643765926361,0.9836975061975063,0.9832581770081771,0.9830983164163044,0.9833333333333334
1.15168095315236e-05,0.09344698488712311,0.9836975061975063,0.9832581770081771,0.9830983164163044,0.9833333333333334
2.3697019040961702e-05,0.09258155524730682,0.9820308395308396,0.9818692881192881,0.9814964857526888,0.9816666666666668
4.0369032793326674e-05,0.0929877758026123,0.9836975061975063,0.9832581770081771,0.9830983164163044,0.9833333333333334
9.662707772880216e-06,0.09383225440979004,0.9820308395308396,0.9818692881192881,0.9814964857526888,0.9816666666666668
1.1049707699347286e-05,0.09238962829113007,0.9836832611832612,0.98372113997114,0.9832352771756908,0.9833333333333334
1.3991792788677534e-05,0.08988337963819504,0.9836975061975063,0.9832581770081771,0.9830983164163044,0.9833333333333334
7.245540606011976e-06,0.0916547179222107,0.9820308395308396,0.9818692881192881,0.9814964857526888,0.9816666666666668
2.300838618414976e-05,0.09228246659040451,0.9836975061975063,0.9832581770081771,0.9830983164163044,0.9833333333333334
2.2446512853472694e-05,0.09139607846736908,0.9836975061975063,0.9832581770081771,0.9830983164163044,0.9833333333333334
5.039831000885897e-05,0.09340780973434448,0.9836832611832612,0.98372113997114,0.9832352771756908,0.9833333333333334
9.528398625964959e-06,0.09429393708705902,0.9853499278499278,0.9851100288600289,0.9848371078393064,0.985
1.047631097132277e-05,0.09515957534313202,0.9836975061975063,0.9832581770081771,0.9830983164163044,0.9833333333333334
1.5910863633431898e-05,0.09168948978185654,0.9836975061975063,0.9832581770081771,0.9830983164163044,0.9833333333333334
1.414120180243117e-05,0.09316419064998627,0.9836975061975063,0.9832581770081771,0.9830983164163044,0.9833333333333334
1.0864734539003015e-05,0.09398472309112549,0.9836975061975063,0.9832581770081771,0.9830983164163044,0.9833333333333334
1.2691815508484675e-05,0.09502225369215012,0.9836975061975063,0.9832581770081771,0.9830983164163044,0.9833333333333334
1.343131066278147e-05,0.09299814701080322,0.9820308395308396,0.9818692881192881,0.9814964857526888,0.9816666666666668
8.942286228830199e-06,0.09287222474813461,0.9836832611832612,0.98372113997114,0.9832352771756908,0.9833333333333334
9.116133009949104e-06,0.09585651010274887,0.980855625855626,0.9797859547859548,0.9797211234338482,0.98
6.2102078667673295e-06,0.0953035056591034,0.9825222925222926,0.9811748436748436,0.9813229540974638,0.9816666666666666
2.0259618556413745e-05,0.0966770201921463,0.9825222925222926,0.9811748436748436,0.9813229540974638,0.9816666666666666
8.243322386173682e-06,0.09062421321868896,0.9836975061975063,0.9832581770081771,0.9830983164163044,0.9833333333333334
1.045266798864001e-05,0.09276755154132843,0.9836975061975063,0.9832581770081771,0.9830983164163044,0.9833333333333334
1.544078174712619e-05,0.09236272424459457,0.9836975061975063,0.9832581770081771,0.9830983164163044,0.9833333333333334
6.151000614333195e-06,0.09267251193523407,0.9836975061975063,0.9832581770081771,0.9830983164163044,0.9833333333333334
2.1844903429268925e-05,0.09442546218633652,0.9825222925222926,0.9811748436748436,0.9813229540974638,0.9816666666666666
1.4574329175805664e-05,0.095646433532238,0.9825222925222926,0.9811748436748436,0.9813229540974638,0.9816666666666666
1.898348312086758e-05,0.09432628005743027,0.9825222925222926,0.9811748436748436,0.9813229540974638,0.9816666666666666
6.885727250012981e-06,0.09384869784116745,0.9836975061975063,0.9832581770081771,0.9830983164163044,0.9833333333333334
3.541191500270694e-05,0.08660610765218735,0.986540404040404,0.9869618807118807,0.9864347839467865,0.9866666666666667
8.435249355898122e-06,0.08799751847982407,0.9850252525252524,0.9856798294298295,0.9849744664864689,0.985
9.592572880023909e-06,0.0880877673625946,0.986540404040404,0.9869618807118807,0.9864347839467865,0.9866666666666667
1.101255417760664e-05,0.08715175837278366,0.986540404040404,0.9869618807118807,0.9864347839467865,0.9866666666666667
1.1843045655268725e-05,0.08783642947673798,0.986540404040404,0.9869618807118807,0.9864347839467865,0.9866666666666667
9.024540635967545e-06,0.0877826139330864,0.986540404040404,0.9869618807118807,0.9864347839467865,0.9866666666666667
8.568763718130867e-06,0.09000259637832642,0.986540404040404,0.9869618807118807,0.9864347839467865,0.9866666666666667
2.1917820101672685e-05,0.09115090221166611,0.9837085137085136,0.9841646779146779,0.983610760412618,0.9833333333333333
1.6491413267279615e-05,0.08867355436086655,0.986540404040404,0.9869618807118807,0.9864347839467865,0.9866666666666667
8.398691851615089e-06,0.08847774565219879,0.986540404040404,0.9869618807118807,0.9864347839467865,0.9866666666666667
5.457599975500216e-06,0.08767662942409515,0.986540404040404,0.9869618807118807,0.9864347839467865,0.9866666666666667
9.309450675232256e-06,0.0870765745639801,0.986540404040404,0.9869618807118807,0.9864347839467865,0.9866666666666667
6.838440915165241e-06,0.08873255550861359,0.986540404040404,0.9869618807118807,0.9864347839467865,0.9866666666666667
1.0134378982229464e-05,0.08763223886489868,0.986540404040404,0.9869618807118807,0.9864347839467865,0.9866666666666667
8.843143736688338e-06,0.08953993022441864,0.986540404040404,0.9869618807118807,0.9864347839467865,0.9866666666666667
1.3354619502100226e-05,0.09105079621076584,0.986540404040404,0.9869618807118807,0.9864347839467865,0.9866666666666667
2.2704402690957675e-05,0.0899420827627182,0.986540404040404,0.9869618807118807,0.9864347839467865,0.9866666666666667
7.930199321511585e-06,0.08790519088506699,0.986540404040404,0.9869618807118807,0.9864347839467865,0.9866666666666667
9.030302408064017e-06,0.08900551497936249,0.986540404040404,0.9869618807118807,0.9864347839467865,0.9866666666666667
7.149577176808937e-06,0.08721815049648285,0.986540404040404,0.9869618807118807,0.9864347839467865,0.9866666666666667
9.533365412058478e-06,0.08794649690389633,0.986540404040404,0.9869618807118807,0.9864347839467865,0.9866666666666667
2.16654933448505e-05,0.0911540612578392,0.986540404040404,0.9869618807118807,0.9864347839467865,0.9866666666666667
1.4625986210603514e-05,0.09114384651184082,0.9853499278499278,0.9851100288600289,0.9848371078393064,0.985
5.0554672066975094e-05,0.09219243377447128,0.9869829244829246,0.9866251803751805,0.9864826358006239,0.9866666666666667
7.270971975022651e-06,0.090137779712677,0.9853499278499278,0.9851100288600289,0.9848371078393064,0.985
8.110801341369248e-06,0.09110312163829803,0.9869829244829246,0.9866251803751805,0.9864826358006239,0.9866666666666667
7.693568851626273e-06,0.08680978417396545,0.9853499278499278,0.9851100288600289,0.9848371078393064,0.985
6.100932848103942e-06,0.08856163918972015,0.9853499278499278,0.9851100288600289,0.9848371078393064,0.985
1.279413697830023e-05,0.08853229880332947,0.9853499278499278,0.9851100288600289,0.9848371078393064,0.985
1.0280807892115718e-05,0.08982965350151062,0.9853499278499278,0.9851100288600289,0.9848371078393064,0.985
6.2392155750027696e-06,0.08853201568126678,0.9853499278499278,0.9851100288600289,0.9848371078393064,0.985
1.3189911816387697e-05,0.08900146931409836,0.9853499278499278,0.9851100288600289,0.9848371078393064,0.985
1.11889838242026e-05,0.08797483146190643,0.9853499278499278,0.9851100288600289,0.9848371078393064,0.985
6.364981376331495e-06,0.08865299075841904,0.9853499278499278,0.9851100288600289,0.9848371078393064,0.985
5.54402668721347e-06,0.0883932113647461,0.9853499278499278,0.9851100288600289,0.9848371078393064,0.985
6.700356780224108e-06,0.08896176517009735,0.9853499278499278,0.9851100288600289,0.9848371078393064,0.985
7.712245069531795e-06,0.08840356767177582,0.9853499278499278,0.9851100288600289,0.9848371078393064,0.985
7.049838695631176e-06,0.08849986642599106,0.9853499278499278,0.9851100288600289,0.9848371078393064,0.985
8.332729215965173e-06,0.08935069292783737,0.9853499278499278,0.9851100288600289,0.9848371078393064,0.985
1.4099279882865782e-05,0.08830025792121887,0.9869829244829246,0.9866251803751805,0.9864826358006239,0.9866666666666667
1.2194911410764083e-05,0.08742821216583252,0.9853499278499278,0.9851100288600289,0.9848371078393064,0.985
7.08480676318383e-06,0.08937251567840576,0.9853499278499278,0.9851100288600289,0.9848371078393064,0.985
7.890065418791892e-06,0.08867399394512177,0.9853162578162579,0.9852362914862915,0.9848808051370083,0.985
6.409088773769629e-06,0.0900377631187439,0.9869829244829246,0.9866251803751805,0.9864826358006239,0.9866666666666667
5.944768564821364e-06,0.08874484896659851,0.9853499278499278,0.9851100288600289,0.9848371078393064,0.985
6.352861622834401e-06,0.09237635135650635,0.9853499278499278,0.9851100288600289,0.9848371078393064,0.985
4.381140096635742e-06,0.09022146463394165,0.9853499278499278,0.9851100288600289,0.9848371078393064,0.985
8.210142496523076e-06,0.09177978336811066,0.9853499278499278,0.9851100288600289,0.9848371078393064,0.985
7.403493010353183e-06,0.0923161506652832,0.9853499278499278,0.9851100288600289,0.9848371078393064,0.985
5.199511804221402e-06,0.09036505222320557,0.9853499278499278,0.9851100288600289,0.9848371078393064,0.985
6.196101523414654e-06,0.08922645449638367,0.9853499278499278,0.9851100288600289,0.9848371078393064,0.985
1.042882610372923e-05,0.08968634903430939,0.9869829244829246,0.9866251803751805,0.9864826358006239,0.9866666666666667
8.215904266251073e-06,0.08950331807136536,0.986540404040404,0.9869618807118807,0.9864347839467865,0.9866666666666667
5.855957612747413e-06,0.08921769261360168,0.9853499278499278,0.9851100288600289,0.9848371078393064,0.985
6.327231725814879e-06,0.0902080163359642,0.9853499278499278,0.9851100288600289,0.9848371078393064,0.985
7.721384375732518e-06,0.08748650550842285,0.9853499278499278,0.9851100288600289,0.9848371078393064,0.985
5.768537642817743e-06,0.0920250415802002,0.9853499278499278,0.9851100288600289,0.9848371078393064,0.985
7.95821347310266e-06,0.08998601138591766,0.9853499278499278,0.9851100288600289,0.9848371078393064,0.985
9.10699386243626e-06,0.08848652243614197,0.9869829244829246,0.9866251803751805,0.9864826358006239,0.9866666666666667
1.4268557026279419e-05,0.08912353217601776,0.986540404040404,0.9869618807118807,0.9864347839467865,0.9866666666666667
6.707708114580176e-06,0.08901907503604889,0.9869829244829246,0.9866251803751805,0.9864826358006239,0.9866666666666667
6.68426346569125e-06,0.09065020084381104,0.9853499278499278,0.9851100288600289,0.9848371078393064,0.985
7.01189029920594e-06,0.08997969329357147,0.9853499278499278,0.9851100288600289,0.9848371078393064,0.985
4.400610914482665e-06,0.09034764766693115,0.9853499278499278,0.9851100288600289,0.9848371078393064,0.985
5.062619877094221e-06,0.09019919484853745,0.9853499278499278,0.9851100288600289,0.9848371078393064,0.985
1.1444290464623919e-05,0.08755310624837875,0.9869829244829246,0.9866251803751805,0.9864826358006239,0.9866666666666667
5.340973549058011e-06,0.09147484600543976,0.9853499278499278,0.9851100288600289,0.9848371078393064,0.985
6.052255680325895e-06,0.08992516994476318,0.9853499278499278,0.9851100288600289,0.9848371078393064,0.985
1.0532140673073323e-05,0.09316464513540268,0.9836832611832612,0.98372113997114,0.9832352771756908,0.9833333333333334
3.5723050520649244e-06,0.09068550914525986,0.9853499278499278,0.9851100288600289,0.9848371078393064,0.985
9.746948810137232e-06,0.09083255380392075,0.9853499278499278,0.9851100288600289,0.9848371078393064,0.985
5.8247645474314895e-06,0.09047381579875946,0.9853499278499278,0.9851100288600289,0.9848371078393064,0.985
5.078117036797873e-06,0.09027966111898422,0.9853499278499278,0.9851100288600289,0.9848371078393064,0.985
3.629326850311069e-06,0.09316220134496689,0.9853499278499278,0.9851100288600289,0.9848371078393064,0.985
9.022553863739327e-06,0.09177406877279282,0.9853499278499278,0.9851100288600289,0.9848371078393064,0.985
6.847580311368044e-06,0.09039120376110077,0.9853499278499278,0.9851100288600289,0.9848371078393064,0.985
4.489819242318542e-06,0.09086674451828003,0.9853499278499278,0.9851100288600289,0.9848371078393064,0.985
3.4042199790936443e-06,0.09036906063556671,0.9853499278499278,0.9851100288600289,0.9848371078393064,0.985
4.315376311107381e-06,0.09222552180290222,0.986540404040404,0.9869618807118807,0.9864347839467865,0.9866666666666667
6.711681663773561e-06,0.09350176155567169,0.9853499278499278,0.9851100288600289,0.9848371078393064,0.985
7.154742869867429e-06,0.09044143557548523,0.9853499278499278,0.9851100288600289,0.9848371078393064,0.985
5.202690680050637e-06,0.08834634721279144,0.9853499278499278,0.9851100288600289,0.9848371078393064,0.985
1.3521909465907811e-05,0.09114440530538559,0.9853499278499278,0.9851100288600289,0.9848371078393064,0.985
6.118218095707562e-06,0.09140213578939438,0.9853499278499278,0.9851100288600289,0.9848371078393064,0.985
3.2035509984022306e-06,0.09457431733608246,0.9841747141747142,0.9830266955266955,0.9830617455204659,0.9833333333333333
5.5829684247517735e-06,0.09206904470920563,0.9853499278499278,0.9851100288600289,0.9848371078393064,0.985
5.075534152373014e-06,0.09732608497142792,0.9841747141747142,0.9830266955266955,0.9830617455204659,0.9833333333333333
1.3510982197336338e-05,0.09106068313121796,0.9853499278499278,0.9851100288600289,0.9848371078393064,0.985
4.2627255230816745e-06,0.09131348133087158,0.9853499278499278,0.9851100288600289,0.9848371078393064,0.985
4.236896846994871e-06,0.09251198172569275,0.9853499278499278,0.9851100288600289,0.9848371078393064,0.985
3.3505757860060235e-06,0.0899377092719078,0.9853499278499278,0.9851100288600289,0.9848371078393064,0.985
4.85817592021931e-06,0.09383472055196762,0.9841747141747142,0.9830266955266955,0.9830617455204659,0.9833333333333333
1.8278757866122913e-05,0.0923689752817154,0.9853499278499278,0.9851100288600289,0.9848371078393064,0.985
3.732045485094204e-06,0.0902041494846344,0.9853499278499278,0.9851100288600289,0.9848371078393064,0.985
1.388212025451215e-05,0.09630133956670761,0.9853499278499278,0.9851100288600289,0.9848371078393064,0.985
9.894569702832237e-06,0.09386153519153595,0.9853499278499278,0.9851100288600289,0.9848371078393064,0.985
5.860129936271126e-06,0.09780745208263397,0.9841747141747142,0.9830266955266955,0.9830617455204659,0.9833333333333333
3.464619304338612e-06,0.0928213819861412,0.9853499278499278,0.9851100288600289,0.9848371078393064,0.985
4.717310207051166e-06,0.09254961460828781,0.9853499278499278,0.9851100288600289,0.9848371078393064,0.985
6.513198224903742e-06,0.09648802131414413,0.9853499278499278,0.9851100288600289,0.9848371078393064,0.985
1.2704332796431572e-05,0.08944281190633774,0.9869829244829246,0.9866251803751805,0.9864826358006239,0.9866666666666667
5.462368359114104e-06,0.08952395617961884,0.9869829244829246,0.9866251803751805,0.9864826358006239,0.9866666666666667
3.4073988430805002e-06,0.09301262348890305,0.9853499278499278,0.9851100288600289,0.9848371078393064,0.985
2.856254565604862e-06,0.09281723946332932,0.9869829244829246,0.9866251803751805,0.9864826358006239,0.9866666666666667
3.865162568672531e-06,0.09375922381877899,0.9869829244829246,0.9866251803751805,0.9864826358006239,0.9866666666666667
5.924900387791847e-06,0.09487129747867584,0.9853499278499278,0.9851100288600289,0.9848371078393064,0.985
3.7733714250975936e-06,0.09426915645599365,0.9869829244829246,0.9866251803751805,0.9864826358006239,0.9866666666666667
4.201730073797687e-06,0.09171207249164581,0.9869829244829246,0.9866251803751805,0.9864826358006239,0.9866666666666667
6.6153207640695655e-06,0.09256669133901596,0.9853499278499278,0.9851100288600289,0.9848371078393064,0.985
5.125999493316158e-06,0.09447042644023895,0.9853499278499278,0.9851100288600289,0.9848371078393064,0.985
6.295442619356588e-06,0.09099932760000229,0.9853499278499278,0.9851100288600289,0.9848371078393064,0.985
7.774432608205947e-06,0.09178512543439865,0.9869829244829246,0.9866251803751805,0.9864826358006239,0.9866666666666667
5.54263596797e-06,0.09638162702322006,0.9841747141747142,0.9830266955266955,0.9830617455204659,0.9833333333333333
4.891951900750276e-06,0.09224167466163635,0.9853499278499278,0.9851100288600289,0.9848371078393064,0.985
3.968079859362206e-06,0.09465824067592621,0.9853499278499278,0.9851100288600289,0.9848371078393064,0.985
8.675654572224781e-06,0.093484066426754,0.9853499278499278,0.9851100288600289,0.9848371078393064,0.985
5.379120516124658e-06,0.09137342870235443,0.9853499278499278,0.9851100288600289,0.9848371078393064,0.985
5.727012956905734e-06,0.09475591033697128,0.9853499278499278,0.9851100288600289,0.9848371078393064,0.985
6.8501631223701525e-06,0.0907822996377945,0.9853499278499278,0.9851100288600289,0.9848371078393064,0.985
3.551443406024646e-06,0.09221050143241882,0.9853499278499278,0.9851100288600289,0.9848371078393064,0.985
4.856387702053174e-06,0.09228195250034332,0.9853499278499278,0.9851100288600289,0.9848371078393064,0.985
3.897349042603082e-06,0.09149305522441864,0.9853499278499278,0.9851100288600289,0.9848371078393064,0.985
2.698898333856429e-06,0.09155713021755219,0.9853499278499278,0.9851100288600289,0.9848371078393064,0.985
1.4251073153559446e-05,0.09427037090063095,0.9853499278499278,0.9851100288600289,0.9848371078393064,0.985
4.949371029757306e-06,0.09256327152252197,0.9869829244829246,0.9866251803751805,0.9864826358006239,0.9866666666666667
8.151332463531466e-06,0.09227015823125839,0.9853499278499278,0.9851100288600289,0.9848371078393064,0.985
4.758238790240436e-06,0.09551175683736801,0.9853499278499278,0.9851100288600289,0.9848371078393064,0.985
4.244248110296667e-06,0.09370603412389755,0.9853499278499278,0.9851100288600289,0.9848371078393064,0.985
7.664958606786362e-06,0.09441237896680832,0.9869829244829246,0.9866251803751805,0.9864826358006239,0.9866666666666667
6.336569777924221e-06,0.09491818398237228,0.9853499278499278,0.9851100288600289,0.9848371078393064,0.985
8.013645746984821e-06,0.1002330332994461,0.9825080475080475,0.9816378066378065,0.9814599148568502,0.9816666666666666
4.244049459127079e-06,0.09204661846160889,0.9853499278499278,0.9851100288600289,0.9848371078393064,0.985
4.467765548336426e-06,0.09537623822689056,0.9853499278499278,0.9851100288600289,0.9848371078393064,0.985
3.093083712712996e-06,0.09318308532238007,0.9869829244829246,0.9866251803751805,0.9864826358006239,0.9866666666666667
2.8081735159446453e-06,0.0917552039027214,0.9853499278499278,0.9851100288600289,0.9848371078393064,0.985
9.876290919900535e-06,0.09580953419208527,0.9853499278499278,0.9851100288600289,0.9848371078393064,0.985
6.300409748879095e-06,0.0986785888671875,0.9841747141747142,0.9830266955266955,0.9830617455204659,0.9833333333333333
5.962053969928623e-06,0.09346043318510056,0.9869829244829246,0.9866251803751805,0.9864826358006239,0.9866666666666667
5.769729556940699e-06,0.09620349109172821,0.9853499278499278,0.9851100288600289,0.9848371078393064,0.985
1.593013622880335e-05,0.09237325191497803,0.9853499278499278,0.9851100288600289,0.9848371078393064,0.985
3.1952063016168117e-06,0.09376636147499084,0.9853499278499278,0.9851100288600289,0.9848371078393064,0.985
6.89466791451802e-06,0.0947742611169815,0.9853499278499278,0.9851100288600289,0.9848371078393064,0.985
8.768439253496277e-06,0.09663012623786926,0.9853162578162579,0.9852362914862915,0.9848808051370083,0.985
5.6127708229306945e-06,0.09628380835056305,0.9858077108077109,0.9845418470418471,0.9847072734817833,0.985
3.177324918131793e-06,0.0958452820777893,0.9853499278499278,0.9851100288600289,0.9848371078393064,0.985
5.6233010117997155e-06,0.09239008277654648,0.9853499278499278,0.9851100288600289,0.9848371078393064,0.985
3.549655301545348e-06,0.09236263483762741,0.9869829244829246,0.9866251803751805,0.9864826358006239,0.9866666666666667
4.03801601341532e-06,0.09432312846183777,0.9853499278499278,0.9851100288600289,0.9848371078393064,0.985
3.166000025108436e-06,0.09380700439214706,0.9869829244829246,0.9866251803751805,0.9864826358006239,0.9866666666666667
5.322297378522005e-06,0.09352191537618637,0.9853499278499278,0.9851100288600289,0.9848371078393064,0.985
1.0146896066487443e-05,0.09209071844816208,0.9853499278499278,0.9851100288600289,0.9848371078393064,0.985
5.113085073560342e-06,0.09488018602132797,0.9853499278499278,0.9851100288600289,0.9848371078393064,0.985
5.234479885984911e-06,0.09119957685470581,0.9869829244829246,0.9866251803751805,0.9864826358006239,0.9866666666666667
3.170569748078833e-06,0.09252379834651947,0.9869829244829246,0.9866251803751805,0.9864826358006239,0.9866666666666667
5.125800839778094e-06,0.0915481448173523,0.9853499278499278,0.9851100288600289,0.9848371078393064,0.985
7.95622676482329e-06,0.09341919422149658,0.9853499278499278,0.9851100288600289,0.9848371078393064,0.985
2.7191638925690618e-06,0.09574557840824127,0.9869829244829246,0.9866251803751805,0.9864826358006239,0.9866666666666667
3.677010513551219e-06,0.09416698664426804,0.9853499278499278,0.9851100288600289,0.9848371078393064,0.985
4.811286954028067e-06,0.09751855581998825,0.9841747141747142,0.9830266955266955,0.9830617455204659,0.9833333333333333
3.8029749684180083e-06,0.09705957025289536,0.9841747141747142,0.9830266955266955,0.9830617455204659,0.9833333333333333
3.6406517350447607e-06,0.09229563176631927,0.9869829244829246,0.9866251803751805,0.9864826358006239,0.9866666666666667
2.592007312784972e-06,0.0922899842262268,0.9869829244829246,0.9866251803751805,0.9864826358006239,0.9866666666666667
8.202393817195267e-06,0.09122247993946075,0.9869829244829246,0.9866251803751805,0.9864826358006239,0.9866666666666667
4.5734644634383885e-06,0.09228350222110748,0.9853499278499278,0.9851100288600289,0.9848371078393064,0.985
3.316005089478343e-06,0.09287236630916595,0.9853499278499278,0.9851100288600289,0.9848371078393064,0.985
2.840359994612148e-06,0.09682941436767578,0.9853499278499278,0.9851100288600289,0.9848371078393064,0.985
2.38815944679042e-06,0.0957222431898117,0.9853499278499278,0.9851100288600289,0.9848371078393064,0.985
5.565881754894993e-06,0.0937257707118988,0.9853499278499278,0.9851100288600289,0.9848371078393064,0.985
4.111925785347618e-06,0.0950576663017273,0.9853499278499278,0.9851100288600289,0.9848371078393064,0.985
3.1056006738102346e-06,0.09394939988851547,0.9869829244829246,0.9866251803751805,0.9864826358006239,0.9866666666666667
5.2758057573025025e-06,0.09445571154356003,0.9853499278499278,0.9851100288600289,0.9848371078393064,0.985
3.922979040282826e-06,0.09245824813842773,0.9853499278499278,0.9851100288600289,0.9848371078393064,0.985
2.6160478476811022e-06,0.09393148124217987,0.9853499278499278,0.9851100288600289,0.9848371078393064,0.985
3.0046701671911555e-06,0.09370225667953491,0.9853499278499278,0.9851100288600289,0.9848371078393064,0.985
1.2205044600458828e-05,0.09463529288768768,0.9869829244829246,0.9866251803751805,0.9864826358006239,0.9866666666666667
4.236896835152493e-06,0.09575279802083969,0.9858077108077109,0.9845418470418471,0.9847072734817833,0.985
4.431009358540905e-06,0.09302737563848495,0.9869829244829246,0.9866251803751805,0.9864826358006239,0.9866666666666667
4.423459420384764e-06,0.09485487639904022,0.9869829244829246,0.9866251803751805,0.9864826358006239,0.9866666666666667
3.139376663815104e-06,0.09481815993785858,0.9853499278499278,0.9851100288600289,0.9848371078393064,0.985
5.096991863240419e-06,0.09858809411525726,0.9841747141747142,0.9830266955266955,0.9830617455204659,0.9833333333333333
2.922217044935375e-06,0.09174206107854843,0.9853499278499278,0.9851100288600289,0.9848371078393064,0.985
8.416175801310525e-06,0.09426183998584747,0.9853499278499278,0.9851100288600289,0.9848371078393064,0.985
2.4356444588609825e-06,0.09274064749479294,0.9869829244829246,0.9866251803751805,0.9864826358006239,0.9866666666666667
3.430644704612481e-06,0.09149264544248581,0.9869829244829246,0.9866251803751805,0.9864826358006239,0.9866666666666667
2.7845303094409246e-06,0.09254951775074005,0.9869829244829246,0.9866251803751805,0.9864826358006239,0.9866666666666667
3.422896035942813e-06,0.09414005279541016,0.9869829244829246,0.9866251803751805,0.9864826358006239,0.9866666666666667
3.7070115711893927e-06,0.09322646260261536,0.9869829244829246,0.9866251803751805,0.9864826358006239,0.9866666666666667
3.2691160806545363e-06,0.09785039722919464,0.9869829244829246,0.9866251803751805,0.9864826358006239,0.9866666666666667
2.8655926567940546e-06,0.09490220248699188,0.9869829244829246,0.9866251803751805,0.9864826358006239,0.9866666666666667
7.0099035932950455e-06,0.09305576980113983,0.9869829244829246,0.9866251803751805,0.9864826358006239,0.9866666666666667
4.135370225810675e-06,0.09666161984205246,0.9841747141747142,0.9830266955266955,0.9830617455204659,0.9833333333333333
1.0288357653820412e-05,0.09352020919322968,0.9853499278499278,0.9851100288600289,0.9848371078393064,0.985
4.778504459087192e-06,0.09377020597457886,0.9869829244829246,0.9866251803751805,0.9864826358006239,0.9866666666666667
4.298488277025096e-06,0.0939340591430664,0.9869829244829246,0.9866251803751805,0.9864826358006239,0.9866666666666667
9.358128018277512e-06,0.09579791873693466,0.9853499278499278,0.9851100288600289,0.9848371078393064,0.985
3.4536918249727933e-06,0.09490445256233215,0.9869829244829246,0.9866251803751805,0.9864826358006239,0.9866666666666667
3.2335519766964658e-06,0.09313975274562836,0.9869829244829246,0.9866251803751805,0.9864826358006239,0.9866666666666667
3.897547718641666e-06,0.09464216232299805,0.9869829244829246,0.9866251803751805,0.9864826358006239,0.9866666666666667
2.6996930463004296e-06,0.09639754891395569,0.9869829244829246,0.9866251803751805,0.9864826358006239,0.9866666666666667
2.4747848570427777e-06,0.09522873163223267,0.9853499278499278,0.9851100288600289,0.9848371078393064,0.985
5.23507595436475e-06,0.09481342881917953,0.9869829244829246,0.9866251803751805,0.9864826358006239,0.9866666666666667
4.930893586182113e-06,0.09437065571546555,0.9853499278499278,0.9851100288600289,0.9848371078393064,0.985
4.093249652707224e-06,0.09330560266971588,0.9853499278499278,0.9851100288600289,0.9848371078393064,0.985
2.380013447359867e-06,0.09895624220371246,0.9841747141747142,0.9830266955266955,0.9830617455204659,0.9833333333333333
4.178682954621611e-06,0.09701602160930634,0.9869829244829246,0.9866251803751805,0.9864826358006239,0.9866666666666667
2.812147113691784e-06,0.09365589916706085,0.9853499278499278,0.9851100288600289,0.9848371078393064,0.985
6.558895172166975e-06,0.09895509481430054,0.9841747141747142,0.9830266955266955,0.9830617455204659,0.9833333333333333
4.593928649635852e-06,0.09488940238952637,0.9869829244829246,0.9866251803751805,0.9864826358006239,0.9866666666666667
3.2244126041784207e-06,0.094969242811203,0.9853499278499278,0.9851100288600289,0.9848371078393064,0.985
2.8320153641440506e-06,0.09747658669948578,0.9841747141747142,0.9830266955266955,0.9830617455204659,0.9833333333333333
2.6994943643406564e-06,0.09505616873502731,0.9853499278499278,0.9851100288600289,0.9848371078393064,0.985
5.821585607653408e-06,0.09582044929265976,0.9869829244829246,0.9866251803751805,0.9864826358006239,0.9866666666666667
3.669261957384151e-06,0.09435158967971802,0.9869829244829246,0.9866251803751805,0.9864826358006239,0.9866666666666667
5.004803400746975e-06,0.09684407711029053,0.9869829244829246,0.9866251803751805,0.9864826358006239,0.9866666666666667
3.5526355096256643e-06,0.09251108020544052,0.9869829244829246,0.9866251803751805,0.9864826358006239,0.9866666666666667
1.6248226041663354e-06,0.09556832909584045,0.9853499278499278,0.9851100288600289,0.9848371078393064,0.985
2.309679970835532e-06,0.09250887483358383,0.9869829244829246,0.9866251803751805,0.9864826358006239,0.9866666666666667
2.9585758862064417e-06,0.0959867537021637,0.9869829244829246,0.9866251803751805,0.9864826358006239,0.9866666666666667
4.068613026930734e-06,0.09353747963905334,0.9869829244829246,0.9866251803751805,0.9864826358006239,0.9866666666666667
3.6313136355659026e-06,0.09733620285987854,0.9869829244829246,0.9866251803751805,0.9864826358006239,0.9866666666666667
3.0887127072295093e-06,0.09994374215602875,0.9858077108077109,0.9845418470418471,0.9847072734817833,0.985
1.9782781457422516e-06,0.09471287578344345,0.9853499278499278,0.9851100288600289,0.9848371078393064,0.985
5.181431802725456e-06,0.09284602105617523,0.9869829244829246,0.9866251803751805,0.9864826358006239,0.9866666666666667
3.5780668288983484e-06,0.09497364610433578,0.9853499278499278,0.9851100288600289,0.9848371078393064,0.985
2.8129418699525863e-06,0.09478618949651718,0.9853499278499278,0.9851100288600289,0.9848371078393064,0.985
3.330707528448329e-06,0.09475089609622955,0.9853499278499278,0.9851100288600289,0.9848371078393064,0.985
3.4228960442324783e-06,0.09817402064800262,0.9841747141747142,0.9830266955266955,0.9830617455204659,0.9833333333333333
3.4000476105688904e-06,0.09634149074554443,0.9869829244829246,0.9866251803751805,0.9864826358006239,0.9866666666666667
3.994703277498957e-06,0.09703793376684189,0.9841747141747142,0.9830266955266955,0.9830617455204659,0.9833333333333333
5.077719665772899e-06,0.09571965783834457,0.9853499278499278,0.9851100288600289,0.9848371078393064,0.985
2.7318795806271132e-06,0.09395134449005127,0.9869829244829246,0.9866251803751805,0.9864826358006239,0.9866666666666667
8.334318864674136e-06,0.09348928928375244,0.9853499278499278,0.9851100288600289,0.9848371078393064,0.985
2.3216008967115917e-06,0.09489910304546356,0.9853499278499278,0.9851100288600289,0.9848371078393064,0.985
7.647275997631672e-06,0.09298211336135864,0.9853499278499278,0.9851100288600289,0.9848371078393064,0.985
4.014372809280076e-06,0.09566918015480042,0.9853499278499278,0.9851100288600289,0.9848371078393064,0.985
2.8584401180845966e-06,0.0956597551703453,0.9853499278499278,0.9851100288600289,0.9848371078393064,0.985
2.8397639783387754e-06,0.09569253772497177,0.9853499278499278,0.9851100288600289,0.9848371078393064,0.985
1.7364819910881124e-06,0.09675716608762741,0.9853499278499278,0.9851100288600289,0.9848371078393064,0.985
3.084341724246542e-06,0.09485608339309692,0.9869829244829246,0.9866251803751805,0.9864826358006239,0.9866666666666667
4.171729112082782e-06,0.09644243121147156,0.9869829244829246,0.9866251803751805,0.9864826358006239,0.9866666666666667
3.8065512484308783e-06,0.09654252231121063,0.9853499278499278,0.9851100288600289,0.9848371078393064,0.985
2.552866898023846e-06,0.09623473882675171,0.9869829244829246,0.9866251803751805,0.9864826358006239,0.9866666666666667
5.031426724144694e-06,0.09280397742986679,0.9853499278499278,0.9851100288600289,0.9848371078393064,0.985
2.237558367331379e-06,0.09443174302577972,0.9853499278499278,0.9851100288600289,0.9848371078393064,0.985
3.6031008328052394e-06,0.09279033541679382,0.9853499278499278,0.9851100288600289,0.9848371078393064,0.985
4.035631776607336e-06,0.09715032577514648,0.9841747141747142,0.9830266955266955,0.9830617455204659,0.9833333333333333
5.2855411460939195e-06,0.09851521253585815,0.9869829244829246,0.9866251803751805,0.9864826358006239,0.9866666666666667
2.300341903331097e-06,0.09479346871376038,0.9853499278499278,0.9851100288600289,0.9848371078393064,0.985
3.0946731612857548e-06,0.09592826664447784,0.9853499278499278,0.9851100288600289,0.9848371078393064,0.985
3.5872062653652392e-06,0.09672956168651581,0.9853499278499278,0.9851100288600289,0.9848371078393064,0.985
2.1360317875955084e-06,0.09574379026889801,0.9853499278499278,0.9851100288600289,0.9848371078393064,0.985
2.6180346779369756e-06,0.09680460393428802,0.9853499278499278,0.9851100288600289,0.9848371078393064,0.985
2.774993595503853e-06,0.09517449140548706,0.9853499278499278,0.9851100288600289,0.9848371078393064,0.985
5.539059708089174e-06,0.09444950520992279,0.9869829244829246,0.9866251803751805,0.9864826358006239,0.9866666666666667
2.927978813479134e-06,0.09869181364774704,0.9841747141747142,0.9830266955266955,0.9830617455204659,0.9833333333333333
3.298719707463723e-06,0.09724526852369308,0.9869829244829246,0.9866251803751805,0.9864826358006239,0.9866666666666667
2.3694832916495065e-06,0.09463025629520416,0.9853499278499278,0.9851100288600289,0.9848371078393064,0.985
2.7221441432819424e-06,0.09628870338201523,0.9853499278499278,0.9851100288600289,0.9848371078393064,0.985
3.0142069083656984e-06,0.09449174255132675,0.9869829244829246,0.9866251803751805,0.9864826358006239,0.9866666666666667
1.9592046681301176e-06,0.09705540537834167,0.9853499278499278,0.9851100288600289,0.9848371078393064,0.985
3.1558672262121945e-06,0.09701305627822876,0.9853499278499278,0.9851100288600289,0.9848371078393064,0.985
6.340344858320653e-06,0.09415348619222641,0.9853499278499278,0.9851100288600289,0.9848371078393064,0.985
4.198749839664136e-06,0.09818252176046371,0.9853499278499278,0.9851100288600289,0.9848371078393064,0.985
2.2389491552606464e-06,0.09180363267660141,0.9869829244829246,0.9866251803751805,0.9864826358006239,0.9866666666666667
3.5959482289626976e-06,0.09567588567733765,0.9853499278499278,0.9851100288600289,0.9848371078393064,0.985
2.3202101318749633e-06,0.0969250351190567,0.9853499278499278,0.9851100288600289,0.9848371078393064,0.985
2.7455885955873782e-06,0.09513353556394577,0.9853499278499278,0.9851100288600289,0.9848371078393064,0.985
3.2707055458066256e-06,0.09951816499233246,0.9841747141747142,0.9830266955266955,0.9830617455204659,0.9833333333333333
2.651611944533746e-06,0.09887039661407471,0.9869829244829246,0.9866251803751805,0.9864826358006239,0.9866666666666667
2.2236506242260625e-06,0.09300631284713745,0.9853499278499278,0.9851100288600289,0.9848371078393064,0.985
2.749363626245819e-06,0.09481438249349594,0.9869829244829246,0.9866251803751805,0.9864826358006239,0.9866666666666667
