training_loss,validation_loss,precision,recall,f1,accuracy
2.186512758334478,3.0346975326538086,0.1860960717792113,0.15517517613105847,0.09179681118645222,0.15333333333333335
1.5065820217132568,1.9229710102081299,0.3369150365885371,0.30617036558213034,0.2663886512775131,0.3066666666666667
1.265165959795316,1.3680514097213745,0.5951043905300949,0.5337762890704068,0.5128354723910121,0.5316666666666666
1.094948095579942,1.002516746520996,0.6933021222656436,0.6442407293142588,0.614319078414939,0.64
0.9446045632163683,1.482419729232788,0.633637618145055,0.5630757641051759,0.5292666673497456,0.5583333333333333
0.7854688242077827,1.977068305015564,0.6025578205697306,0.5080669901993431,0.4672933248935345,0.5066666666666667
0.7180664104719957,2.4229512214660645,0.44869431641228225,0.4006103564191799,0.3338309486327454,0.3983333333333334
0.6706924277047316,1.2195549011230469,0.7003778533268132,0.5984871228988876,0.5730773420218706,0.5866666666666667
0.5715433023869991,3.3716654777526855,0.5127231771133266,0.40910153027800084,0.3558792282861756,0.41
0.5164944877227148,0.7667991518974304,0.796450733362498,0.7485649209178621,0.7388262149230335,0.7416666666666667
0.5029228826363882,0.8659953474998474,0.7815487122194563,0.7099477973007385,0.6946667267227458,0.7033333333333333
0.46145792057116825,1.9182932376861572,0.6473324066219223,0.5641166758078523,0.5171685948964395,0.5583333333333332
0.3849497667203347,2.1616687774658203,0.6286027767151908,0.550441127499951,0.5217014054544223,0.5516666666666666
0.3600849856932958,2.8689773082733154,0.6362734718452407,0.5508372836314014,0.537042535177373,0.545
0.34107143121461075,3.2943930625915527,0.5822003400726441,0.49083792024968487,0.45872351015505325,0.4916666666666667
0.3113412180294593,1.1369922161102295,0.7452803451147946,0.6947495995290113,0.6659866471084294,0.695
0.2826904909064372,0.44585904479026794,0.8757244375994376,0.8726617717794188,0.8662442043043347,0.87
0.21693145049115023,1.1246570348739624,0.7859551867885202,0.7055842169812759,0.6945519584729943,0.6966666666666667
0.3017500924567382,0.44290420413017273,0.8798945254092313,0.8656483712366064,0.8624597363716865,0.86
0.15396737679839134,1.0341806411743164,0.8264109465334953,0.7567523924876866,0.747648090752057,0.755
0.24200642310703793,2.8483893871307373,0.7019113098386597,0.5365420989685696,0.5047673213511018,0.5266666666666667
0.12485138466581702,0.6111621856689453,0.8583133956257022,0.8188564267976033,0.8176025566357125,0.8133333333333334
0.10762602152923743,0.747722864151001,0.8475653866830338,0.8195888915006563,0.8107693789801765,0.8166666666666668
0.06456562449845175,1.6830263137817383,0.7591114972812543,0.674241390417861,0.6434016106585766,0.6733333333333332
0.12869800215897462,0.3626164197921753,0.9027454969637633,0.8982759859965742,0.8940689233488103,0.8983333333333333
0.031095316633582115,1.1673896312713623,0.8294587367826532,0.761701378686673,0.7530284772105008,0.7516666666666666
0.1284945881149421,0.5466015338897705,0.8817550967550968,0.8761535713741596,0.869092979811322,0.8733333333333334
0.057024222488204636,0.5031735897064209,0.8966163697413697,0.8861557913763796,0.8813457615057962,0.8816666666666667
0.015363927620152632,0.4290558695793152,0.8855247992747993,0.8783555986497164,0.8743272396217274,0.8783333333333334
0.10163890958453219,0.8180131912231445,0.8726429439919648,0.8235491578138636,0.8202816515557815,0.8166666666666668
0.07526145518446963,0.3691343665122986,0.9014541412606428,0.8895596397066985,0.885635354181794,0.8849999999999999
0.032932413664336004,0.6275202631950378,0.8802390202390202,0.8723049662755545,0.8653918940943188,0.8683333333333335
0.016633174168722082,0.7772207260131836,0.8651170578647358,0.8361753143370789,0.8329897415966022,0.8333333333333334
0.030958173709223047,0.3810858130455017,0.8995343545343545,0.8933655097625685,0.8905411034851899,0.8883333333333332
0.0031272760243155062,0.35305362939834595,0.9105401542901542,0.9120689658924953,0.907313739545316,0.91
0.0017804967452927183,0.3376586437225342,0.9177129352129351,0.918214764538294,0.9127341611550329,0.9149999999999999
0.0010428400407060205,0.3424413204193115,0.9182057757057757,0.9180644518879814,0.9140309760818788,0.9166666666666666
0.0010371983019770898,0.34716272354125977,0.920414354164354,0.9197547523282817,0.9157160313429632,0.9183333333333333
0.001128446200406567,0.8010637164115906,0.8651913962943375,0.8409019575196046,0.8351889655732645,0.8383333333333334
0.0014333425072739676,0.3415326774120331,0.921464553964554,0.921883179456709,0.9176975002642865,0.9199999999999999
0.004841896903599263,0.41882848739624023,0.9141552891552891,0.9148820324555619,0.910405117270329,0.9116666666666666
0.002021747651572999,0.32287490367889404,0.9237096237096237,0.9275992689227982,0.92257037959933,0.9249999999999999
0.0009660951776216583,0.4064445197582245,0.9121940559440559,0.9083838383838385,0.9039452726498074,0.9083333333333333
0.0011018563382094726,0.41270989179611206,0.908511211011211,0.9107979221214516,0.9052119329702547,0.9083333333333333
0.0006473202450555012,0.34933340549468994,0.9203045565545566,0.9227970803706098,0.9186288192564707,0.9199999999999999
0.0008324254655841893,0.7729767560958862,0.8820737595737596,0.868965974113033,0.8635078283769938,0.8666666666666667
0.0007846024594376407,0.419286847114563,0.9084768788716158,0.9061758611758611,0.9027342728144704,0.9066666666666667
0.0004952370145474561,0.39935576915740967,0.9282658708394004,0.9296094346829641,0.9250624234269859,0.9266666666666666
0.07749262553018828,0.5882872939109802,0.86731147120853,0.86354630119336,0.8535806773592142,0.86
0.2014362292829901,13.429878234863281,0.361722890023372,0.34574809721868544,0.27033118538045936,0.3433333333333333
0.11784554664821674,0.74201500415802,0.8578114997604162,0.8095992351874705,0.8098984946936808,0.8066666666666666
0.00842087175017999,0.32472842931747437,0.9217442279942278,0.9194429508400095,0.9164279792851912,0.9166666666666666
0.003532866991008632,0.3555041253566742,0.9159341149047031,0.9104143242378536,0.9082401815531854,0.91
0.001930733165257455,0.3900417983531952,0.909476726976727,0.9082182033652622,0.9041895833541508,0.9050000000000001
0.0030744453894537096,0.5415573716163635,0.8852330757477817,0.8808699035169624,0.8742359505362641,0.88
0.0011406635494495276,0.5899143218994141,0.8889876572229514,0.8802353392794569,0.8754775857271081,0.8733333333333334
0.0008484327415014074,0.3651101291179657,0.9208362470862471,0.919486161986162,0.9168950161145774,0.9183333333333333
0.0007595106477917094,0.3514116406440735,0.9266505716505717,0.92444890077243,0.9223766537054415,0.9233333333333333
0.0005478489462499662,0.3758751153945923,0.924291218041218,0.9233802308802308,0.9204773516235661,0.9233333333333333
0.0004908144510409329,0.3565099239349365,0.9183640896140896,0.9164015151515151,0.9141407206519814,0.9166666666666666
0.0006488067901955219,0.3728022277355194,0.9225838513338515,0.9214351851851853,0.9185190650665577,0.9216666666666667
0.0005193897583618915,0.36957645416259766,0.918331622081622,0.9156736482471777,0.9135547556380988,0.9166666666666666
0.0003238050112486235,0.36023658514022827,0.9204261479261479,0.9170625371360664,0.9157916618692057,0.9183333333333334
0.0006998417775321286,0.38785433769226074,0.915361444111444,0.9153030303030302,0.9123431942673368,0.915
0.0003109538550537157,0.3681640625,0.9183722296222298,0.9169250194250194,0.915003249238295,0.9166666666666669
0.002776036361562243,0.3890818953514099,0.9195212195212195,0.9206327632062926,0.9164765878857827,0.9183333333333333
0.000485210767086149,0.3898478150367737,0.9201736226736226,0.9190665053900348,0.9156721956165788,0.9183333333333334
0.00023301690938145234,0.36715853214263916,0.9250790875790876,0.9237755000990296,0.9211105715187227,0.9233333333333333
0.00042495260853077826,0.37356704473495483,0.9267397417397417,0.9254890643125937,0.9229204468740235,0.9249999999999999
0.00022245029807284786,0.3690337836742401,0.9236350686350687,0.9224934488169784,0.9199591115597179,0.9216666666666667
0.00028813570740264066,0.44828733801841736,0.9037790939996824,0.9031512795483384,0.8993362146371161,0.9016666666666667
0.0002633836831288742,0.37083595991134644,0.9237537925037924,0.9219368757604052,0.919828503015808,0.9216666666666667
0.0002011664716216425,0.3738858699798584,0.9311264198764199,0.925753614577144,0.9251543106319199,0.9266666666666666
0.0003375959392239262,0.348341703414917,0.9268740056240058,0.9249134824870119,0.9229657142631287,0.9233333333333333
0.00021015028202479394,0.3487476110458374,0.9284807322307324,0.9261955337690632,0.9244241323882134,0.9249999999999999
0.00027018417563340336,0.3706762492656708,0.927182955932956,0.925072397645927,0.9228679189052037,0.9249999999999999
0.00013416399512304147,0.3654657304286957,0.9250104062604062,0.9248413324148618,0.9221131909194668,0.9233333333333333
0.0001905923099911888,0.3571045994758606,0.9294475431975432,0.928901161474691,0.9265640738475742,0.9266666666666666
0.0001874326670379863,0.36680448055267334,0.9278546453546453,0.9265801491536787,0.924349733985249,0.9249999999999999
0.00011034270172179579,0.35955509543418884,0.9306668794168794,0.9292258367993663,0.9272873593909496,0.9283333333333333
0.00019791136461814554,0.3698790967464447,0.9157938820438821,0.9172902097902097,0.9135930001717664,0.915
0.0001807419456175315,0.3524995744228363,0.9340130702630703,0.9335638598873893,0.9311691794307645,0.9316666666666666
0.0001221487912819915,0.35671088099479675,0.9335440947940948,0.9338885352120646,0.9310677150114589,0.9316666666666666
0.00018258790093265512,0.38718146085739136,0.9154875217375217,0.9157908921144214,0.9121303307387781,0.915
0.00016442606640036198,0.38447305560112,0.9313387538387538,0.9293851682086977,0.9271160913340069,0.9283333333333332
0.00015280981892829004,0.3892800509929657,0.9257759832759832,0.9250128738364033,0.9222335244151423,0.9233333333333333
0.00014398783484163383,0.39529940485954285,0.9280691068191068,0.9270042158277452,0.9243369568882058,0.9266666666666666
0.00018669436409860887,0.37481534481048584,0.9315864228364229,0.9311438262173556,0.9284359118548079,0.93
0.00015097022067796692,0.37284502387046814,0.9318758093758094,0.9318052018787313,0.9287683747366283,0.93
8.096843923037038e-05,0.38630223274230957,0.9286830761830762,0.927572397645927,0.9250911460462738,0.9266666666666666
9.784499851169433e-05,0.37977465987205505,0.928549876049876,0.9273739849475144,0.9250080305573611,0.9266666666666666
0.00010727902288939124,0.38437899947166443,0.9268901468901469,0.9260572461307756,0.9235111585280712,0.9249999999999999
0.00013943384207474688,0.387684166431427,0.9268901468901469,0.9260572461307756,0.9235111585280712,0.9249999999999999
0.00010639299838051859,0.37385913729667664,0.9285909923409923,0.9266795405030699,0.9246826811999544,0.9266666666666666
0.00012149294229857333,0.3785262703895569,0.931507659007659,0.9306147256882551,0.9285660295584549,0.9299999999999998
0.0004724676423393248,0.48570144176483154,0.9029409479409479,0.9016335217070511,0.8983669204972832,0.8983333333333334
0.00015980611397026223,0.4061571955680847,0.9364093776593777,0.9364679002914297,0.9333927194776201,0.935
0.0001010618602019046,0.383028119802475,0.9288813963813966,0.9278175228910523,0.9255039821401811,0.9266666666666666
9.075174743126506e-05,0.39098626375198364,0.9346365671365672,0.9340869479104774,0.9313292677726736,0.9333333333333335
7.42880505034312e-05,0.38252803683280945,0.9302702852702854,0.9290995741731036,0.9268952864880072,0.9283333333333332
0.00011677394411435671,0.38832756876945496,0.9317054704554706,0.931182907506437,0.9286571751515186,0.93
0.0003929246557087633,0.4352611303329468,0.9118721093721093,0.9108446346681639,0.9083187019330454,0.91
0.0052150371576544785,0.39811286330223083,0.923777565027565,0.9255037255772548,0.9216093681141916,0.9233333333333335
0.005351496162802505,0.43580931425094604,0.9203589928589927,0.9186320324555618,0.9157641299921764,0.9166666666666666
0.00020435244065690009,0.4200102686882019,0.9177112729318612,0.9177077252812545,0.9148953109876382,0.915
0.0002785548053907405,0.3982098698616028,0.9290805953305954,0.9272575110075111,0.9258694903402792,0.9266666666666666
0.00019098957454843912,0.39222297072410583,0.9267922355422357,0.9243666981166982,0.9225793730915086,0.9233333333333333
0.0002381926735779416,0.41185110807418823,0.9253077015577017,0.9235125685860982,0.9209771850605281,0.9216666666666667
0.0008254681004776406,0.4466525912284851,0.9143058793058794,0.9112058176028763,0.9097069551381288,0.9083333333333335
0.00021568884540101863,0.3994472026824951,0.928058793058793,0.9264859378094673,0.9251535497191458,0.9249999999999999
0.00024225602290547008,0.4158170223236084,0.9336468623968625,0.9313560676795971,0.9291548501219936,0.93
0.0001090513671139585,0.41328129172325134,0.9248966311466313,0.9228501754237048,0.9212062479935105,0.9216666666666667
9.003778238062902e-05,0.411851167678833,0.9281235431235433,0.9262755000990296,0.9245986500115339,0.9250000000000002
9.6208056144557e-05,0.40955600142478943,0.9312849187849187,0.9273739849475143,0.9262877941647841,0.9266666666666666
0.00011513064335607244,0.4024399518966675,0.9292478817478816,0.9258588334323629,0.9243550210555406,0.9249999999999999
9.042372312251246e-05,0.417765736579895,0.9309743034743035,0.9279289392524687,0.9253255323809112,0.9266666666666666
0.00012051741176340632,0.3942767083644867,0.9309907684907684,0.9299202812438107,0.9279248959688541,0.9283333333333333
0.0001191055760045856,0.39713120460510254,0.9335019610019609,0.931182907506437,0.9290727702039203,0.93
5.33417860803335e-05,0.39926058053970337,0.9289956339956341,0.9284772798008092,0.9257005645318647,0.9266666666666666
6.567130465858402e-05,0.3982086777687073,0.9289874014874014,0.9279421667656962,0.9257662756037118,0.9266666666666667
7.29602566025278e-05,0.3928426206111908,0.9266725866725868,0.9247014260249554,0.9226881800703733,0.9233333333333335
6.8973202739168e-05,0.39083990454673767,0.9279724442224443,0.926044018617548,0.9243405207465187,0.9249999999999999
8.32547741538292e-05,0.3909150958061218,0.9320256595256596,0.9302569815805111,0.9279486582402942,0.9283333333333332
8.147806022407167e-05,0.3930666446685791,0.9249021349021348,0.9233846872082165,0.9212129302266234,0.9216666666666667
6.18851179297053e-05,0.39480695128440857,0.9324722499722501,0.9313091701326995,0.9295868694978352,0.93
9.57051924312206e-05,0.40112966299057007,0.9322495097495098,0.9311708824944119,0.9290035340364313,0.93
6.269703343756798e-05,0.39327138662338257,0.9339343064343065,0.9326980590215884,0.9305934673716764,0.9316666666666666
0.0001243980716102063,0.43513113260269165,0.9204325766825767,0.9209999423234718,0.9180585288522507,0.92
6.203711010736394e-05,0.4253714084625244,0.9349067136567135,0.9318863707099001,0.9297990387669318,0.9316666666666666
6.545970866985347e-05,0.4213189482688904,0.9366996429496428,0.9334015222250516,0.9313790262851344,0.9333333333333332
5.6932270202499545e-05,0.39905494451522827,0.9324886224886225,0.9308341821577116,0.9288042418143343,0.93
8.043616981012747e-05,0.4077962636947632,0.9366996429496428,0.9334015222250516,0.9313790262851344,0.9333333333333332
0.00013912657686887542,0.4147739112377167,0.93001295001295,0.9268527006762302,0.9253008909224273,0.9266666666666667
0.00014041682470633532,0.40366965532302856,0.9285690235690236,0.9237755000990294,0.9228440897744052,0.9233333333333333
0.00012537380086996563,0.39573347568511963,0.9291468716468717,0.9260440186175481,0.9247597374795266,0.9249999999999999
4.4417580018792556e-05,0.4069975018501282,0.93005254005254,0.9270042158277453,0.9250476271998317,0.9266666666666667
0.00010084152017952874,0.40124189853668213,0.9177731527731529,0.9190933766669062,0.9157121602556034,0.9166666666666666
9.726882046834362e-05,0.38910502195358276,0.9297645872645872,0.9266542879778173,0.924705601165014,0.9266666666666666
8.321473990235972e-05,0.39124536514282227,0.9218777518777519,0.9222872198607494,0.9191633821878348,0.9199999999999999
4.106571301084235e-05,0.37917256355285645,0.9321435046435047,0.9294110219845515,0.9278926604349357,0.9283333333333333
6.983498815316125e-05,0.386150062084198,0.9319194694194693,0.9289480590215885,0.9276276399016088,0.9283333333333332
0.00010572652073885062,0.37227368354797363,0.9386871461871462,0.9362165775401069,0.9345714228813655,0.9349999999999999
0.0001092311730038394,0.3723418116569519,0.9355105080105081,0.9332872846108141,0.9315097594484542,0.9316666666666666
7.923781792366451e-05,0.38471493124961853,0.9313921726421727,0.9285313923549219,0.926840889528945,0.9283333333333333
3.709673850001612e-05,0.38919341564178467,0.9296477596477596,0.928682907506437,0.9260267421133254,0.9283333333333333
4.1192770292279114e-05,0.383736252784729,0.9302895252895254,0.9297140522875816,0.9273692999916671,0.9283333333333333
6.215204787925661e-05,0.3928270936012268,0.933177886927887,0.9306610219845514,0.9289828908062606,0.9299999999999998
6.560941456730991e-05,0.3841403126716614,0.9288132238132238,0.9283251633986929,0.9259327606855624,0.9266666666666667
5.227595590895362e-05,0.3876297175884247,0.9268509731009732,0.9257788671023964,0.9233880983761943,0.9249999999999999
0.00015704751058365218,0.3927888870239258,0.929939504939505,0.9277586003321298,0.9259951489698177,0.9266666666666666
4.89608450304028e-05,0.38132035732269287,0.9371719946719946,0.9343647256882551,0.9328097201765683,0.9333333333333332
4.249533018689059e-05,0.37321528792381287,0.9336565286565287,0.9328495741731034,0.9306121735574305,0.9316666666666666
4.866918008398594e-05,0.3735355734825134,0.9336565286565287,0.9333125371360665,0.930924600899909,0.9316666666666666
3.2140116066633105e-05,0.3807928264141083,0.9339679764679766,0.9329758367993662,0.930530187546652,0.9316666666666666
0.00013480971309339415,0.3888012766838074,0.9350189625189627,0.9328495741731037,0.9309340183469023,0.9316666666666666
4.511266918901432e-05,0.3862980604171753,0.9365004440004441,0.9347014260249554,0.932908419218362,0.9333333333333332
4.373699399214578e-05,0.39042454957962036,0.9335374810374811,0.9314606852842148,0.929272044817921,0.93
3.5208463221655016e-05,0.38397297263145447,0.9326768601768602,0.9319236482471779,0.9294325060058757,0.93
3.670155996360336e-05,0.3850056529045105,0.9350189625189627,0.9333125371360667,0.9312464456893808,0.9316666666666666
2.7785301199401147e-05,0.38565146923065186,0.9350189625189627,0.9328495741731037,0.9309340183469023,0.9316666666666666
4.6581228389186435e-05,0.38107413053512573,0.9320824545824546,0.9312292038027333,0.9289492875098696,0.93
3.623157759117627e-05,0.3843240737915039,0.9341194916194917,0.9328495741731037,0.9307693161361642,0.9316666666666666
3.6619504120002e-05,0.3876872956752777,0.9276558164058165,0.9259051297286592,0.9239891568354562,0.9249999999999999
5.3048929335849e-05,0.3912053108215332,0.9290858215858218,0.9275255000990295,0.9250661251100832,0.9266666666666666
5.3027569947516895e-05,0.3834180235862732,0.9341194916194917,0.9328495741731037,0.9307693161361642,0.9316666666666666
0.0003013511500095471,0.41933804750442505,0.925376614126614,0.9210598823834117,0.9194399814996673,0.9183333333333333
0.0005967162195474884,0.7326911687850952,0.9050234705381763,0.8950567651302945,0.8881445058608873,0.8933333333333334
0.00013374706039333736,0.4054470956325531,0.9262147574647576,0.9257397858133153,0.9229063501560222,0.9250000000000002
3.689110261954435e-05,0.39369362592697144,0.9219312631812633,0.9211492374727669,0.9185690746504999,0.9199999999999999
0.0002997140046924566,0.535825252532959,0.9073644764821237,0.894505834579364,0.8915779271325402,0.8933333333333334
6.281038076849654e-05,0.36860594153404236,0.9278679653679655,0.9286618637353933,0.9254629466273238,0.9266666666666666
9.048879151881313e-05,0.3620069921016693,0.9321677396677397,0.9307662408397704,0.9285296931326893,0.93
6.096939273447788e-05,0.36968308687210083,0.9280197117697119,0.9278622004357299,0.9252082468207664,0.9266666666666667
5.771497829224851e-05,0.36625730991363525,0.9354006641506643,0.9331273519508813,0.9308314148638429,0.9316666666666666
3.72385982814194e-05,0.3631073832511902,0.9330764605764607,0.931044018617548,0.9288694776607899,0.93
8.239944691013079e-05,0.3830338418483734,0.9297286972286972,0.926389136462666,0.924713449868169,0.9266666666666667
4.954983772146685e-05,0.3772749602794647,0.9233762533762535,0.9218436819172114,0.9193514262708513,0.9216666666666667
4.844337729537074e-05,0.3801073431968689,0.9354343341843343,0.9331273519508813,0.9306187166971807,0.9316666666666666
4.7135353270277847e-05,0.37685561180114746,0.9336320161320163,0.9307073182808477,0.9286807910750444,0.93
5.7952602882475425e-05,0.37926656007766724,0.9312854737854739,0.9298866112101406,0.9269830118223453,0.9283333333333332
0.00021107218996500401,0.3861919641494751,0.928569856069856,0.9258456059191352,0.9236670685132288,0.9250000000000002
4.718730893197668e-05,0.3851069211959839,0.933192871942872,0.929040651614181,0.9275820973710877,0.9283333333333333
3.9709608074645075e-05,0.3861885070800781,0.9321168646168646,0.929040651614181,0.9270820973710876,0.9283333333333333
6.684760194275441e-05,0.3973408639431,0.9336396473896476,0.929040651614181,0.927641798666487,0.9283333333333332
4.6514571276172013e-05,0.3906092047691345,0.9340865615865616,0.9311239849475142,0.9288757228489235,0.93
4.1311681684419455e-05,0.3882303237915039,0.9321168646168646,0.929040651614181,0.9270820973710876,0.9283333333333333
4.4037203148642824e-05,0.3791700005531311,0.9330696618196619,0.9266795405030699,0.9254616610652967,0.9266666666666666
4.7135253623764584e-05,0.38553184270858765,0.9368292355792357,0.9327906516141811,0.9309672015456655,0.9316666666666666
4.89922362589823e-05,0.38309866189956665,0.9339426776926777,0.9294573182808477,0.927843945447581,0.9283333333333332
3.7601192862742515e-05,0.3868050277233124,0.9330696618196619,0.9266795405030699,0.9254616610652967,0.9266666666666666
0.004254865652872771,0.5776981115341187,0.9001203888703887,0.8993158393893689,0.8920453524313623,0.8966666666666666
0.1524507844563535,3.2961621284484863,0.7509388979899815,0.6572327835563129,0.644006601825179,0.6533333333333334
0.05021311117646595,0.887534499168396,0.8296539109039109,0.8156386995357584,0.8082709652235276,0.8133333333333334
0.02350448716606479,0.7021762132644653,0.8708838846338846,0.8684582438258909,0.8617934806247259,0.8649999999999999
0.0032394648454404282,0.4561876654624939,0.8986703805453806,0.9009241847477142,0.896403769960068,0.9
0.0007320217209780822,0.4343137741088867,0.8912852194102193,0.8939096415567004,0.8871827690046926,0.8916666666666666
0.0014530002414782455,0.5470921397209167,0.9044830333065628,0.9009640522875816,0.8954665341519658,0.9016666666666665
0.0004557321456862458,0.4274716079235077,0.9180333092833092,0.9141933692668988,0.9113445442623377,0.915
0.0004396532943549876,0.4212610125541687,0.9128232878232878,0.9131995020230314,0.9093656568139052,0.9133333333333332
0.00026964267059762886,0.4238182008266449,0.9204291079291079,0.9199798050533344,0.9162773013344138,0.92
0.00031014581357643084,0.41279053688049316,0.9219659507159507,0.9179686217921512,0.9146877634213464,0.9183333333333333
0.0003246869656929145,0.42325112223625183,0.9196354571354571,0.9168322581557876,0.9133441491640492,0.9183333333333333
0.0002456917388068784,0.42625027894973755,0.9216617179117179,0.9178171066406361,0.9148017739378337,0.9183333333333333
0.00025401403778838966,0.41545766592025757,0.9225744163244163,0.9189155914891209,0.916228379667845,0.9199999999999999
0.00022888124037005278,0.41401880979537964,0.9222539035039036,0.9204113179848474,0.9172591218725002,0.9199999999999999
0.00016201237819283656,0.41170185804367065,0.9198102823102823,0.9186630662365958,0.9154576774697971,0.9183333333333333
0.0001872055722742516,0.4157126843929291,0.9234474321974321,0.9194837733073027,0.9166313478726708,0.9199999999999999
0.0002134648963571332,0.4168148934841156,0.9217761867761868,0.9180948844184137,0.9153006540566827,0.9183333333333333
0.00019917091049137525,0.40708574652671814,0.9155681818181818,0.9144242494977789,0.9117474574242966,0.915
0.000130168993564439,0.4093852639198303,0.921914566914567,0.9179686217921512,0.915710015999719,0.9183333333333333
0.00012719959052750104,0.4225703179836273,0.9259972897472898,0.9236504399739695,0.9207153679541333,0.9233333333333333
0.00012075156049225673,0.42259645462036133,0.9249289136789137,0.9208726621961917,0.9182933214016519,0.9216666666666667
0.001273118847772518,0.3723256587982178,0.9160833610833611,0.9140817679052974,0.9111529684457497,0.9133333333333332
0.0011592852027509555,0.49061286449432373,0.9031396381396383,0.9032328020563315,0.8978039604263574,0.9016666666666667
0.00027609934431893635,0.4148256182670593,0.921796768046768,0.9172880061115357,0.9146900852676962,0.9183333333333333
0.00018217305447857748,0.4086805284023285,0.92130735005735,0.9171044396779692,0.9146244838584416,0.9183333333333333
0.00023649414462549126,0.40740126371383667,0.916373348873349,0.9124074699809994,0.9097912180019896,0.9133333333333332
0.00015511592406861988,0.40575942397117615,0.9181713656713657,0.9160462386197681,0.9134440729169255,0.9166666666666666
0.0001140005392699095,0.3972647786140442,0.919343943093943,0.9185384223619518,0.9154173107986304,0.9183333333333333
0.00014478057695062793,0.4046994149684906,0.9254993154993154,0.9218587131822426,0.9195036201770718,0.9233333333333333
0.0001366939162229149,0.4192524552345276,0.9244671532171531,0.9232205457940753,0.9198784087993911,0.9233333333333333
9.50377186654805e-05,0.40539610385894775,0.9263833388833388,0.9255022918258212,0.9222516311411953,0.9249999999999999
0.00010948439467028948,0.4172780513763428,0.9224319661819661,0.9215687253922549,0.9182463121493035,0.9216666666666667
0.0002887680123725052,0.4066314697265625,0.9149685962185962,0.9155897044132338,0.9122341475906768,0.9149999999999999
0.0001396742472176508,0.43103525042533875,0.9139130314130314,0.911713025536555,0.909220590971857,0.9133333333333332
0.0001238281024598109,0.4166939854621887,0.9168246105746105,0.9171495334730628,0.9134937038413491,0.9166666666666666
9.865740912573528e-05,0.44284725189208984,0.9159755059755059,0.9128435616670911,0.9102995883227841,0.9149999999999999
0.00011152485982772002,0.41997361183166504,0.9202343489843489,0.9196220609455904,0.9159895199105023,0.9199999999999999
7.224341197797912e-05,0.4416503310203552,0.9221247733747733,0.9192522918258214,0.9159274462537784,0.9199999999999999
8.807818062450679e-05,0.4310525357723236,0.9223236948236947,0.9200729988965284,0.9169986039751247,0.9216666666666667
0.00017527034159077934,0.42169469594955444,0.9235340122840122,0.9220300696035991,0.9188938310602496,0.9216666666666667
8.33478571469944e-05,0.4366852641105652,0.9262059699559698,0.9249341100076394,0.921984376017802,0.9249999999999999
6.996740899012366e-05,0.42036253213882446,0.9253287769735138,0.9221563322298616,0.9200187740522002,0.9233333333333333
0.0001020361493525949,0.4212155342102051,0.9227331464831464,0.9222825948561243,0.9191616459156603,0.9233333333333333
6.222635526379842e-05,0.4342910945415497,0.9239897602397602,0.9222825948561243,0.9193251519310932,0.9233333333333333
7.505625425589339e-05,0.41061219573020935,0.9260472397972398,0.9249341100076395,0.9224206191474044,0.9249999999999999
5.613724332912776e-05,0.4169883131980896,0.9247112609612609,0.922850776674306,0.9202252240811654,0.9233333333333333
9.60757338740829e-05,0.45076999068260193,0.9212450512450512,0.9184063322298616,0.9155663164365597,0.9199999999999999
5.649209064510311e-05,0.41206252574920654,0.9146237558737559,0.9146032371767666,0.9106179662144335,0.9149999999999999
5.559603323490592e-05,0.41172894835472107,0.9196684334184333,0.9178187253922548,0.9148035615676154,0.9183333333333333
7.077664182967662e-05,0.41615232825279236,0.9205720668220666,0.9190075828311123,0.9161689903256706,0.9199999999999999
8.273542077101108e-05,0.42712458968162537,0.919586617086617,0.9174924313159608,0.9149657019138538,0.9183333333333333
4.706591331190187e-05,0.4253220558166504,0.9231051356051356,0.9206742494977789,0.9184105886404744,0.9216666666666665
6.987313459679474e-05,0.41916465759277344,0.9221084933584933,0.9184063322298616,0.9159257511195237,0.92
7.40617519454645e-05,0.41634124517440796,0.9231051356051356,0.9206742494977789,0.9184105886404744,0.9216666666666665
8.717298745371711e-05,0.45015549659729004,0.9130754430754431,0.9091414767150061,0.9066747311037755,0.9116666666666666
7.830639750257735e-05,0.40658149123191833,0.9208392533392532,0.9232011207746501,0.9191393820975738,0.9216666666666667
0.00010258853247554119,0.41045695543289185,0.9199775687275688,0.9190092015827309,0.9167036916859894,0.9199999999999999
0.00015316396491016349,0.41959893703460693,0.9093778443778443,0.910239776563306,0.9061465134288595,0.9100000000000001
8.119851410507788e-05,0.40995335578918457,0.9159748122248121,0.915954663528193,0.9134280757072167,0.9166666666666666
9.775956406580615e-05,0.421928346157074,0.9231706719206718,0.9227592015827311,0.9203318062311744,0.9233333333333333
6.798972647933017e-05,0.41768568754196167,0.9249834424834424,0.9246110534345829,0.9222160579555796,0.9249999999999999
7.990459706282611e-05,0.4293847978115082,0.9171856384356384,0.9161520587255881,0.9133789575027502,0.9166666666666666
5.3865810078453556e-05,0.41692250967025757,0.9128025678025677,0.9110863374098669,0.9086297974300898,0.9116666666666666
5.964259336603087e-05,0.41397255659103394,0.9199105061605061,0.9193921982157276,0.9171104931769092,0.9199999999999999
6.917685228321109e-05,0.4176790118217468,0.9216844266844267,0.9192076142811437,0.9168270463132316,0.9199999999999999
4.36106322846778e-05,0.4145236611366272,0.9197552447552447,0.9192406830642126,0.9170559545817595,0.9199999999999999
4.028151431612059e-05,0.4157871603965759,0.9201882839382839,0.9192406830642126,0.9170917869911551,0.9199999999999999
3.5565297025641485e-05,0.41478753089904785,0.9181849169349169,0.9177255315490611,0.9152455939684915,0.9183333333333333
6.930867736324824e-05,0.41981741786003113,0.9195289432789432,0.9171242809478103,0.9146405070071272,0.9183333333333333
3.134717553621158e-05,0.4213944375514984,0.9244735819735818,0.9219132419867715,0.9199885592658785,0.9233333333333333
0.00017525822113384493,0.4486934542655945,0.9169916048863418,0.9115631291366585,0.9105349710173872,0.9133333333333332
0.00015264382151751002,0.4444308280944824,0.9196595996595995,0.9168012243747538,0.9146126415956076,0.9166666666666666
5.677163589249782e-05,0.4312743544578552,0.9176136826136826,0.9143795719531013,0.9119215081105856,0.915
4.660864647121343e-05,0.4284948706626892,0.9221150146150144,0.919009201582731,0.9164414932106623,0.9199999999999999
0.00010170777568418998,0.4199124276638031,0.9147574647574648,0.9123214911450206,0.9101640018781162,0.9133333333333332
4.344791146119557e-05,0.44369423389434814,0.9207724220224219,0.9174940500675794,0.9148763671602421,0.9183333333333333
4.2357941235119746e-05,0.43321937322616577,0.9248057035557036,0.9222499423234717,0.9197781833660023,0.9233333333333335
4.7250092848116765e-05,0.42113110423088074,0.9217176804676804,0.9203181241416537,0.9176008110880107,0.9216666666666667
2.888828510094754e-05,0.43023309111595154,0.9237047674547675,0.9203980904716199,0.918199659762307,0.9216666666666667
4.828800763334584e-05,0.4389726519584656,0.9252631627631627,0.9220647571382866,0.9196949454363853,0.9233333333333333
3.8865407437545706e-05,0.43318992853164673,0.9217014004514005,0.9188829389564684,0.9163534667396434,0.9199999999999999
5.5855711176870194e-05,0.4366680979728699,0.9217014004514005,0.9188829389564684,0.9163534667396434,0.9199999999999999
4.6037236794897275e-05,0.42649930715560913,0.923326442076442,0.9209662722898018,0.9183150241952847,0.9216666666666665
3.754367439038712e-05,0.4277516305446625,0.9229396066896066,0.9213240163975458,0.9190144449432248,0.9216666666666667
5.5903295844927925e-05,0.4321672320365906,0.9209362396862396,0.9198088648823943,0.9171682519205612,0.92
4.344999831573659e-05,0.43587860465049744,0.9214581252081251,0.919935127508657,0.9173524714142437,0.9199999999999999
3.3059318866435206e-05,0.4353143870830536,0.9244068431568432,0.9231758682493977,0.9206557704792874,0.9233333333333333
4.0877361868751905e-05,0.4373036324977875,0.9200473600473601,0.9176924627659923,0.9149467891260691,0.9183333333333333
3.3420323992080135e-05,0.4345272481441498,0.9235334110334109,0.9198299086534379,0.9175805807736627,0.9216666666666667
2.39048400392979e-05,0.4403628706932068,0.9237047674547675,0.9203980904716199,0.918199659762307,0.9216666666666667
8.799423748466022e-05,0.43833833932876587,0.9226029063529063,0.9214755315490609,0.9187597306173031,0.9216666666666667
6.490717356655296e-05,0.42513081431388855,0.9195971158471158,0.9189160077395372,0.9166039119719276,0.92
2.972275043096791e-05,0.4246010184288025,0.9218302993302993,0.9209993410728705,0.918579764873208,0.9216666666666665
4.1225751260753896e-05,0.4221806526184082,0.9212394549894549,0.9207678595913892,0.9182237005442335,0.9216666666666665
2.962013081742043e-05,0.42942866683006287,0.9227697765197765,0.9216607167342462,0.9187755132921248,0.9216666666666667
2.891163025727413e-05,0.425792396068573,0.9197722185222185,0.9189160077395373,0.9165823750081711,0.9199999999999999
4.257400845138667e-05,0.4417917728424072,0.921518574018574,0.9190075828311123,0.9164551599937013,0.9199999999999999
5.5860281785650535e-05,0.4306744933128357,0.9203091353091354,0.9195773834009128,0.9173866403183815,0.9199999999999999
4.427373475361188e-05,0.43006595969200134,0.9207841232841233,0.9192406830642125,0.9168279056371204,0.92
3.083378101109702e-05,0.4227500557899475,0.9208082195582196,0.917653381476911,0.9159971105993773,0.9199999999999999
3.27390434051722e-05,0.4285828471183777,0.9207841232841233,0.9192406830642125,0.9168279056371204,0.92
3.695497885776907e-05,0.430800199508667,0.9257784345284344,0.9226060676795971,0.9204784814434933,0.9233333333333333
2.053797245101426e-05,0.42938733100891113,0.9232566507566508,0.9205227343462637,0.9183260063018878,0.9216666666666667
3.072967117153288e-05,0.4226100444793701,0.9242325267325265,0.9215885666620962,0.9196452368794527,0.9233333333333332
2.4222135569592258e-05,0.43029043078422546,0.9211504236504237,0.9192406830642125,0.9167938414726214,0.92
1.9640723868027028e-05,0.4339095950126648,0.9207841232841233,0.9192406830642125,0.9168279056371204,0.92
0.00013512134656442262,0.5878407955169678,0.9108430847904532,0.9013250338985633,0.8988240244447522,0.9016666666666667
5.689471879577468e-05,0.44339442253112793,0.9204580142080142,0.9169390957626251,0.9141447723855359,0.9166666666666666
5.3800543014403956e-05,0.43492549657821655,0.9172403522403524,0.9169858083093377,0.9142210466011225,0.9166666666666666
7.439812083021025e-05,0.4293549954891205,0.9186021848521849,0.9175271188506483,0.9151771961046747,0.9183333333333333
4.3546556857639494e-05,0.427203893661499,0.9218765956265956,0.9204311592546888,0.9184191571518586,0.9216666666666665
2.694259107253553e-05,0.42536866664886475,0.9215102952602953,0.9204311592546888,0.9184532213163575,0.9216666666666665
2.2571484057228492e-05,0.4344136416912079,0.9208082195582196,0.917653381476911,0.9159971105993773,0.9199999999999999
2.3919145064610348e-05,0.4247820973396301,0.9208082195582196,0.917653381476911,0.9159971105993773,0.9199999999999999
3.68778901057946e-05,0.42893800139427185,0.9208082195582196,0.917653381476911,0.9159971105993773,0.9199999999999999
3.867725545584714e-05,0.41939008235931396,0.9229699004699005,0.9200734151469446,0.9181258412424099,0.9216666666666665
2.0883480525905423e-05,0.4235087037086487,0.9234673659673659,0.9225144925880221,0.9204600220603706,0.9233333333333333
5.082636965880738e-05,0.43039974570274353,0.9218765956265956,0.9204311592546888,0.9184191571518586,0.9216666666666665
2.0232796657637664e-05,0.43809080123901367,0.921630684130684,0.9198088648823943,0.9175358989793847,0.92
2.1829207601816354e-05,0.42974263429641724,0.9208082195582196,0.917653381476911,0.9159971105993773,0.9199999999999999
2.5043785835047554e-05,0.4423907995223999,0.9207841232841233,0.9192406830642125,0.9168279056371204,0.92
2.431591357776597e-05,0.4395257234573364,0.9250267787767786,0.9215885666620961,0.9195610940875093,0.9233333333333333
2.1446347375331243e-05,0.44313132762908936,0.9207841232841233,0.9192406830642125,0.9168279056371204,0.92
2.5870800110775843e-05,0.43958091735839844,0.9207841232841233,0.9192406830642125,0.9168279056371204,0.92
0.00018075774751954063,0.5223686695098877,0.8966051568257449,0.8951875303345891,0.8893286424854128,0.8933333333333334
4.076669601242126e-05,0.5028259754180908,0.9157212232212232,0.9138939464674758,0.909379679723982,0.915
3.196716280247832e-05,0.5141946077346802,0.9164863839863839,0.9129680205415499,0.9085648945430642,0.915
2.7679304063591797e-05,0.5019207000732422,0.9157212232212232,0.9138939464674758,0.909379679723982,0.915
2.3654600094384175e-05,0.5079168081283569,0.9157212232212232,0.9138939464674758,0.909379679723982,0.915
2.658784419888131e-05,0.49933767318725586,0.9157212232212232,0.9138939464674758,0.909379679723982,0.915
2.92583309260408e-05,0.4877045154571533,0.9157212232212232,0.9138939464674758,0.909379679723982,0.915
3.214488416839837e-05,0.48341524600982666,0.9148323435823436,0.9117775443510737,0.90715821692949,0.9133333333333334
3.644138610070513e-05,0.4807145595550537,0.9170032745032746,0.9126313202048495,0.9092583200259634,0.915
3.68567311473574e-05,0.47304797172546387,0.9186577311577312,0.9169242494977788,0.913249143593446,0.9183333333333333
2.3735761298363894e-05,0.4536530375480652,0.9236729011729011,0.9198282899018193,0.9172191019341138,0.9216666666666667
1.9176403573813634e-05,0.46322035789489746,0.9218108743108743,0.917744956568486,0.9150279356125126,0.92
2.5704800937849843e-05,0.46817684173583984,0.9194844507344507,0.9156616232351528,0.9125770970409647,0.9183333333333333
1.8119812087509974e-05,0.4566571116447449,0.9233066008066008,0.9198282899018193,0.9172531660986127,0.9216666666666667
2.0670890440518026e-05,0.45030051469802856,0.9223186998186997,0.9205227343462637,0.9174291495354656,0.9216666666666667
2.1859208610900776e-05,0.45214301347732544,0.9208372183372183,0.9190075828311123,0.9156845101592473,0.92
4.588087421097953e-05,0.47067373991012573,0.9145887445887445,0.9115615103850399,0.908747542342614,0.9133333333333332
1.664022602199111e-05,0.4619743525981903,0.9223186998186997,0.9205227343462637,0.9174291495354656,0.9216666666666667
3.636578717684339e-05,0.44790977239608765,0.9188653013653013,0.9156616232351528,0.9130503808664158,0.9183333333333333
2.993712824187848e-05,0.44699084758758545,0.921616624116624,0.917744956568486,0.9149730388184855,0.92
1.2794732991020888e-05,0.4555198550224304,0.9213322325822325,0.9171767747503042,0.914287672252684,0.9199999999999999
0.00024315257510920674,0.5556824207305908,0.9039988106435476,0.8996203197673786,0.8960670460785729,0.9
3.9416452144299306e-05,0.4504162073135376,0.9115855604090898,0.9132011207746502,0.9088321641708803,0.9133333333333332
3.176013647513779e-05,0.4404910206794739,0.9150470988706282,0.9169048244783539,0.913207164223798,0.9166666666666666
5.487044643359695e-05,0.4568694531917572,0.9136169086904381,0.912394242467772,0.9101390498227316,0.9133333333333332
5.562802110148368e-05,0.4519076347351074,0.9164904539904538,0.9189881578116873,0.914662898032473,0.9183333333333334
2.3347338014900743e-05,0.43850231170654297,0.9180332167832167,0.9185251948487242,0.9156157947703004,0.9183333333333333
3.836830368679026e-05,0.44809192419052124,0.9137197062197061,0.9145900096635392,0.9114458624481941,0.9149999999999999
1.8452207276216843e-05,0.4500601887702942,0.9145123395123395,0.9147162722898017,0.9111548689858452,0.9149999999999999
1.7774701215482008e-05,0.44892987608909607,0.9165517353017353,0.9171363059598354,0.9138785342095104,0.9166666666666666
3.3023357389083685e-05,0.4606216847896576,0.9187451437451437,0.918188494512024,0.9148147874987048,0.9183333333333333
1.606961107351405e-05,0.44172537326812744,0.9180332167832167,0.9185251948487242,0.9156157947703004,0.9183333333333333
1.8309950765645528e-05,0.43945789337158203,0.9140355477855477,0.9143585281820577,0.9108222067158428,0.9149999999999999
2.1091103377557374e-05,0.4476456046104431,0.9150468512968511,0.9138955652190948,0.9111104148844857,0.9149999999999999
2.942144881975158e-05,0.44579172134399414,0.9172161634661634,0.9185251948487242,0.9151109850406622,0.9183333333333333
2.247234221878595e-05,0.4494900405406952,0.9159938209938209,0.9161051611786908,0.9128921295466351,0.9166666666666665
3.672361375114027e-05,0.43966442346572876,0.9221397583897585,0.9234326022561318,0.9202519037269773,0.9233333333333333
1.6545255865215342e-05,0.44975587725639343,0.9140860065860065,0.9145900096635392,0.9114117982836952,0.9149999999999999
2.112547531396558e-05,0.44264644384384155,0.9142816905316905,0.9148214911450205,0.9119252000654036,0.9149999999999999
3.146896722228121e-05,0.4387619197368622,0.9158975746475746,0.9165470803706098,0.9132120763659426,0.9166666666666666
3.255963332549072e-05,0.4353715777397156,0.9198189310689311,0.9199140837376133,0.9171416027219396,0.9199999999999999
0.00021998772461984117,0.49086326360702515,0.9168006993006994,0.9160857361592657,0.9117821990003868,0.915
2.61082250195462e-05,0.48885655403137207,0.9181875531875533,0.9171826022561317,0.9133384446870672,0.9166666666666666
6.352613208567466e-05,0.48536229133605957,0.9127961390461392,0.9132069482804778,0.9090657231929499,0.9116666666666666
2.0381212266329385e-05,0.48104128241539,0.9198982961482963,0.9190344541079836,0.9156564743351884,0.9183333333333333
2.2266904503946232e-05,0.4761318862438202,0.9159300421800424,0.9160041510776805,0.9117695790667142,0.915
1.4315048881978024e-05,0.4705345630645752,0.9194293206793208,0.919371154444684,0.9159058791383691,0.9183333333333333
2.4925073631720807e-05,0.4542113244533539,0.9180332167832167,0.9188029726265022,0.9156925058418083,0.9183333333333333
1.9524097335003415e-05,0.46988362073898315,0.9155083805083807,0.9154359692594988,0.9123173858463153,0.915
2.1600127354304277e-05,0.46296507120132446,0.9137226662226663,0.9140470803706098,0.9107915778946761,0.9133333333333334
2.3004015190508653e-05,0.4644516408443451,0.9172279572279572,0.9159247859983154,0.9125195738961102,0.915
2.1373828531068284e-05,0.4775192141532898,0.9178023365523366,0.9174399375134669,0.9133628327645407,0.9166666666666666
2.2063056633214728e-05,0.47506439685821533,0.9199732674732676,0.9182937133672427,0.9153557233853804,0.9183333333333333
1.706103473490354e-05,0.45440682768821716,0.9179009416509416,0.9180622318857615,0.9150582693886062,0.9183333333333333
1.6607642351118557e-05,0.4608909487724304,0.9161152273652274,0.9169511207746504,0.9136091725084748,0.9166666666666666
1.986960551410751e-05,0.4663618505001068,0.9154813242313242,0.9146952285187581,0.9118822310020415,0.915
1.8252929095297077e-05,0.4569838047027588,0.9169485606985607,0.9165470803706098,0.9135235565381038,0.9166666666666666
2.917011565273242e-05,0.458953857421875,0.9169485606985607,0.9165470803706098,0.9135235565381038,0.9166666666666666
1.8694201931642358e-05,0.45595335960388184,0.9179009416509416,0.9180622318857615,0.9150582693886062,0.9183333333333333
1.3078848515609328e-05,0.4632633626461029,0.9169034669034669,0.9169511207746502,0.9136252940892416,0.9166666666666666
2.4717251638624777e-05,0.45477408170700073,0.9179009416509416,0.9180622318857615,0.9150582693886062,0.9183333333333333
1.4020999297296536e-05,0.47581860423088074,0.9196547896547896,0.9190344541079835,0.9155479520413113,0.9183333333333334
1.3769070373352102e-05,0.4542531669139862,0.9157454582454582,0.915978898552428,0.9128717300825017,0.9166666666666666
1.1035203935231644e-05,0.46806177496910095,0.9184967809967809,0.9180622318857613,0.9147943880345714,0.9183333333333333
1.4878312659523848e-05,0.4644889831542969,0.9167110667110667,0.9169511207746502,0.9133452911544401,0.9166666666666666
1.834511779937505e-05,0.470061719417572,0.9157586857586858,0.9154359692594985,0.9118105783039376,0.915
1.0928710423740995e-05,0.4560598134994507,0.9179009416509416,0.9180622318857615,0.9150582693886062,0.9183333333333333
1.346051701034412e-05,0.46435973048210144,0.9214405039405039,0.9201455652190945,0.9169970489214427,0.92
1.2691219533659629e-05,0.4632646441459656,0.9206522644022644,0.9201455652190947,0.9169809273406759,0.9199999999999999
2.5182366267510286e-05,0.4625312089920044,0.9214405039405039,0.9201455652190945,0.9169970489214427,0.92
1.5928347740630972e-05,0.4614519774913788,0.9169485606985607,0.9165470803706098,0.9135235565381038,0.9166666666666666
1.838415841840894e-05,0.45676952600479126,0.9157454582454582,0.915978898552428,0.9128717300825017,0.9166666666666666
1.1482437438795992e-05,0.4601919651031494,0.9184967809967809,0.9180622318857613,0.9147943880345714,0.9183333333333333
1.1626680626856492e-05,0.4685555696487427,0.9185030710030709,0.917725531549061,0.9146784372847533,0.9183333333333333
1.3054807917948589e-05,0.47101640701293945,0.9184967809967809,0.9180622318857613,0.9147943880345714,0.9183333333333333
1.6312996469499314e-05,0.45992517471313477,0.9157454582454582,0.915978898552428,0.9128717300825017,0.9166666666666666
1.3484557418526796e-05,0.4514079689979553,0.9157454582454582,0.915978898552428,0.9128717300825017,0.9166666666666666
1.4869570601187357e-05,0.45474132895469666,0.9157454582454582,0.915978898552428,0.9128717300825017,0.9166666666666666
1.2792944829698172e-05,0.46391046047210693,0.9184967809967809,0.9180622318857613,0.9147943880345714,0.9183333333333333
1.4445980336101153e-05,0.4635201096534729,0.9157454582454582,0.915978898552428,0.9128717300825017,0.9166666666666666
1.0664463114077686e-05,0.4582687318325043,0.9179009416509416,0.9180622318857615,0.9150582693886062,0.9183333333333333
1.711368562003675e-05,0.4563647210597992,0.9176634476634477,0.9178307504042799,0.9149550634158351,0.9183333333333333
2.891560351751347e-05,0.45800572633743286,0.9150071687571687,0.9164550890286186,0.9129491480834581,0.9166666666666669
1.591583111348882e-05,0.4576472043991089,0.9175582288082288,0.9178307504042799,0.9147559818069069,0.9183333333333333
1.4411012434341805e-05,0.44627904891967773,0.9198189310689311,0.9199140837376133,0.9171416027219396,0.9199999999999999
