training_loss,validation_loss,precision,recall,f1,accuracy
2.261704921722412,3.6442267894744873,0.18903965834703518,0.22550756161050278,0.11954933708252169,0.2283333333333333
1.5086981058120728,2.6508922576904297,0.2857972275237813,0.2777522423110658,0.21752136800523925,0.2783333333333334
1.2709966053565342,2.479933738708496,0.46649917888629355,0.3716882191882192,0.3109536818149484,0.37666666666666665
1.1355932181080182,3.5248589515686035,0.3374540719048728,0.3485335497835498,0.2684562448482549,0.3516666666666666
0.9841480851173401,1.681735873222351,0.5626745454348313,0.494802408920056,0.4574116628553678,0.48666666666666675
0.8484374607602755,2.073575973510742,0.5233376153156406,0.5077405519317284,0.45096337615571086,0.5083333333333333
0.7309664686520895,2.2153875827789307,0.5832154686977079,0.4833673352791001,0.4466980030462795,0.48166666666666663
0.6726687674721082,0.8075681924819946,0.7723483573119122,0.7292647521323992,0.7170325069619087,0.7299999999999999
0.640521782139937,1.2631077766418457,0.6872528065433684,0.6337357685887098,0.595633847087368,0.6333333333333333
0.5018189450105032,0.8940709829330444,0.7648310327586643,0.7069477118741824,0.7057651212516071,0.7000000000000001
0.5169734383622805,1.418565273284912,0.621112717123682,0.5919556070291364,0.5373037949031644,0.59
0.4644354283809662,1.4483797550201416,0.6857836711430556,0.6595975919505331,0.6275674616475398,0.6516666666666667
0.37159329776962596,0.7215753793716431,0.8270723758668806,0.7696279102161455,0.7583813684182669,0.7666666666666666
0.33086278724173707,0.7951130867004395,0.8132616852102146,0.7739901628872218,0.7583448248229253,0.7683333333333332
0.3264202264448007,0.8508610129356384,0.8048010466777443,0.7321669561375445,0.7149403909444628,0.73
0.27033869984249276,1.037860631942749,0.7886264299091957,0.7414950273038508,0.7308407463592269,0.7383333333333333
0.21326673030853271,1.021496295928955,0.7948232075157385,0.7560255349225938,0.7469121247664722,0.7516666666666666
0.3007881889740626,1.5297073125839233,0.7717738706941493,0.6852347298670828,0.6671756099979566,0.685
0.16519452321032682,1.0999207496643066,0.7277624445271504,0.7032948995448995,0.6690449543142925,0.7016666666666667
0.15320352682222924,0.5501217842102051,0.8538438251634846,0.8152712619624384,0.8073374236423283,0.815
