training_loss,validation_loss,precision,recall,f1,accuracy
3.8290197162628172,3.635085344314575,0.0992543383669526,0.12457422982548964,0.09607998718391744,0.14700000000000002
2.989113030433655,2.780385732650757,0.2170079141665175,0.2441136398485301,0.2087098970519643,0.29119999999999996
2.298608716726303,2.332752227783203,0.2996505110615554,0.3201608122731345,0.28708938394927985,0.38530000000000014
1.829434354543686,2.0264861583709717,0.36855773309772716,0.38268095999868507,0.35047243058884847,0.45609999999999995
1.4881210979223252,1.8799937963485718,0.4008243684858139,0.4128137910687267,0.3821364733124744,0.49219999999999986
1.200779240846634,1.8585913181304932,0.4280844120611753,0.4362263889859513,0.4077417406680172,0.5154
0.924901233792305,1.8171452283859253,0.43459542776414445,0.44523799954759363,0.4159437619390083,0.5244000000000001
0.6609542439579964,2.2790300846099854,0.41132446181191207,0.42349578102718466,0.39097105455065323,0.4906999999999999
0.4261059792637825,2.1649510860443115,0.445584624510927,0.4549886874677655,0.4259968937926742,0.5329
0.2529181064516306,2.0967276096343994,0.4751816042921753,0.48006410832062896,0.4542852470191697,0.5630000000000002
0.14271720766276122,2.679309606552124,0.4294211192720593,0.4343152808048191,0.40676131241764496,0.5065
0.0653823430724442,2.322679281234741,0.47701686430307705,0.4838643466340035,0.45750398633435035,0.5659
0.027933995365165176,2.0002517700195312,0.5178241153440241,0.5220245535021321,0.498107102555193,0.6081
0.009937815213343129,1.9122964143753052,0.5354347780091842,0.5394364062421418,0.5165378773456546,0.6294
0.004044069105875678,1.9088715314865112,0.5431175117371608,0.5461281176570115,0.5232681673729619,0.6347999999999999
0.0028609509920934214,1.928928017616272,0.5416759713842384,0.5448425332241886,0.5222666558839809,0.6344
0.001907272689160891,1.9401026964187622,0.5456012380411497,0.548286038295829,0.5255172864462795,0.6357
0.0017935061096795834,1.9482537508010864,0.5421082740058591,0.5467323883000973,0.52283834985941,0.6358000000000001
0.0018360231506521813,1.9639559984207153,0.5451220581852244,0.5491181733718328,0.5255407991634324,0.6371
0.001460138502472546,1.9594553709030151,0.5426051354875373,0.5470817469752235,0.5235938170869852,0.6363000000000002
