training_loss,validation_loss,precision,recall,f1,accuracy
0.8347031076749166,7.475850582122803,0.5367160496323513,0.3726812240047534,0.31991865244729406,0.37166666666666665
0.18214469387506446,0.49029916524887085,0.9093391383155316,0.8684487135957725,0.8583811262640682,0.8633333333333333
0.0675837208982557,0.26890307664871216,0.9314344451844452,0.9049305786805787,0.8944835608007188,0.9033333333333333
0.02032803687810277,0.10403978824615479,0.9729323308270676,0.9664670514670516,0.9664117945898901,0.9683333333333333
0.011347751739473702,1.5828468799591064,0.8684609221844174,0.6877132045514397,0.6962015752102889,0.68
0.014870922464372901,0.5875244140625,0.9317849262357272,0.8656559181559182,0.8530768443396964,0.8649999999999999
0.04244582561659627,0.26859983801841736,0.9504467291967292,0.9401190476190476,0.9403794010159222,0.9416666666666665
0.06839867009208926,2.099062204360962,0.7927423558218712,0.6846608103225752,0.6619746277892536,0.6883333333333334
0.10401406232267618,1.9700267314910889,0.7337865205090361,0.6861036050006639,0.6391293335757514,0.6849999999999999
0.055723084059233464,0.33544230461120605,0.9219657392258012,0.9095540135246017,0.9087174124215989,0.9133333333333332
0.010804940863939313,0.10248534381389618,0.9691240557687926,0.9635485810485811,0.964933689672865,0.9649999999999999
0.0022507410521939164,0.09693865478038788,0.9751527639027638,0.971578884078884,0.9721359371738741,0.9733333333333333
0.009981757197844368,0.1841122955083847,0.9569760186207555,0.9486856661856661,0.9496595172028868,0.9483333333333333
0.006608719585832053,0.09880249947309494,0.9739953418900789,0.9717971380471381,0.9717262312539829,0.9733333333333333
0.0008807200138107873,0.10233449190855026,0.9771072616467352,0.9736622174122175,0.9742224182309434,0.9750000000000001
0.051780994767492906,0.40148353576660156,0.9141388095335464,0.895454934499052,0.8915096809791078,0.8966666666666666
0.06923711821824934,0.27718889713287354,0.9578398249354132,0.9443915343915344,0.9448154002425958,0.9416666666666665
0.015724124757980462,0.1148693859577179,0.9732473544973544,0.972742303992304,0.9717780474678218,0.9716666666666666
0.04034861607457666,0.17906701564788818,0.9414863377363377,0.9419081844081845,0.9389482428235513,0.94
0.015048445529828314,0.19069699943065643,0.9546849446849447,0.9540440115440115,0.9531967209915774,0.9533333333333333
0.001595998693725657,0.1382717490196228,0.9675411162911164,0.9674186461686461,0.9666444956493624,0.9666666666666667
0.0008706956670418246,0.12018146365880966,0.9747991822991823,0.9736411736411736,0.9732439304956354,0.9733333333333333
0.0004103425101978549,0.12094563245773315,0.9730735930735932,0.9715578403078403,0.9713596787712303,0.9716666666666666
0.0005440780447164192,0.12565207481384277,0.9761038961038961,0.9744618807118807,0.9746535663745809,0.975
0.00016655186777825293,0.12943243980407715,0.9767183742183742,0.9748785473785474,0.9750859124728518,0.9750000000000001
0.0002286628853956548,0.12182711809873581,0.9762890812890813,0.9743356180856181,0.9745788199746225,0.975
0.0001743731894142305,0.1257602870464325,0.9767183742183742,0.9748785473785474,0.9750859124728518,0.9750000000000001
0.00018997549894568996,0.1224842295050621,0.9796813371813372,0.9779341029341029,0.9781339154751345,0.9783333333333334
0.00015397667937122606,0.122392937541008,0.9796813371813372,0.9779341029341029,0.9781339154751345,0.9783333333333334
0.00010654469557872896,0.12708070874214172,0.978570226070226,0.9762674362674363,0.9766820098490002,0.9766666666666667
0.00014136483230231534,0.1201273649930954,0.9741141728641729,0.9731451418951419,0.9729452220910245,0.9733333333333333
5.4024457843600736e-05,0.12133149802684784,0.9741141728641729,0.9731451418951419,0.9729452220910245,0.9733333333333333
0.00017862210468895986,0.13609446585178375,0.9741141728641729,0.9731451418951419,0.9729452220910245,0.9733333333333333
8.83924968396362e-05,0.1299515813589096,0.977955747955748,0.9758507696007697,0.9762496637507293,0.9766666666666667
9.114861541092978e-05,0.13174369931221008,0.9762890812890813,0.9743356180856181,0.9745788199746225,0.975
5.508422918865108e-05,0.12881867587566376,0.9746224146224147,0.9729467291967292,0.9729769893110068,0.9733333333333333
0.00015772819661682055,0.12504929304122925,0.9782151182151183,0.9763137325637326,0.9762165504815368,0.9766666666666666
9.357333381861584e-05,0.12606796622276306,0.9751779701779703,0.9726689514189514,0.9731269143484882,0.9733333333333333
6.491303459673266e-05,0.12493409961462021,0.9751779701779703,0.9726689514189514,0.9731269143484882,0.9733333333333333
5.7863692044672156e-05,0.12406840175390244,0.9751779701779703,0.9726689514189514,0.9731269143484882,0.9733333333333333
3.8225651072328524e-05,0.12430064380168915,0.977955747955748,0.9758507696007697,0.9762496637507293,0.9766666666666667
5.253851408800377e-05,0.12883323431015015,0.9744987882487882,0.9729936267436269,0.9728481411892803,0.9733333333333333
3.416538265810232e-05,0.1259867399930954,0.9751779701779703,0.9726689514189514,0.9731269143484882,0.9733333333333333
4.358112812496984e-05,0.1277381181716919,0.9712758537758538,0.970287999037999,0.9699232226153848,0.9700000000000001
7.355292657014918e-05,0.12614551186561584,0.9751779701779703,0.9726689514189514,0.9731269143484882,0.9733333333333333
3.949542845778827e-05,0.12353518605232239,0.9762890812890813,0.9743356180856181,0.9745788199746225,0.975
6.143987089520427e-05,0.1239805743098259,0.9795787545787547,0.9777026214526215,0.9777306618469068,0.9783333333333334
5.0820907555741236e-05,0.12693330645561218,0.9765821215821217,0.9741841029341031,0.9744851307429365,0.9750000000000001
6.822784846841994e-05,0.12129594385623932,0.9741141728641729,0.9731451418951419,0.9729452220910245,0.9733333333333333
3.3334692185841654e-05,0.12312145531177521,0.9770634920634921,0.9745208032708033,0.9749205398263241,0.975
5.781133942643161e-05,0.12467952817678452,0.9770634920634921,0.9745208032708033,0.9749205398263241,0.975
3.894984716149944e-05,0.1197686493396759,0.9781746031746033,0.9761874699374699,0.9763724454524585,0.9766666666666666
5.8294733548791555e-05,0.12030081450939178,0.9770634920634921,0.9745208032708033,0.9749205398263241,0.975
2.7203162517253077e-05,0.1199142187833786,0.9787890812890813,0.9766041366041366,0.9768047915507293,0.9766666666666667
2.9565294918635725e-05,0.11941894143819809,0.9781746031746033,0.9761874699374699,0.9763724454524585,0.9766666666666666
2.316594124825618e-05,0.11827519536018372,0.9770634920634921,0.9745208032708033,0.9749205398263241,0.975
1.9941131161734422e-05,0.11816413700580597,0.9781746031746033,0.9761874699374699,0.9763724454524585,0.9766666666666666
2.009908365607771e-05,0.12053688615560532,0.9762890812890813,0.9743356180856181,0.9745788199746225,0.975
5.18437229667749e-05,0.12196457386016846,0.981566859066859,0.9797859547859548,0.9799275409529705,0.98
2.6712616554884033e-05,0.11970436573028564,0.9794188219188219,0.977934102934103,0.9778212880934759,0.9783333333333334
2.556622034906771e-05,0.12072013318538666,0.9799001924001924,0.9782708032708033,0.9782566971768637,0.9783333333333334
3.8110812245880275e-05,0.12519967555999756,0.9818598993598994,0.9796344396344397,0.9798338517212845,0.98
2.1740197780673043e-05,0.11957138031721115,0.978570226070226,0.9762674362674363,0.9766820098490002,0.9766666666666667
3.46583129839928e-05,0.12890098989009857,0.9799001924001924,0.9782708032708033,0.9782566971768637,0.9783333333333334
1.8170674650264118e-05,0.1303950846195221,0.9799001924001924,0.9782708032708033,0.9782566971768637,0.9783333333333334
1.945118113629481e-05,0.1309325397014618,0.9783077108077108,0.9762674362674364,0.9763693824673417,0.9766666666666667
1.739442332867232e-05,0.1284400224685669,0.9799001924001924,0.9782708032708033,0.9782566971768637,0.9783333333333334
2.088586473784441e-05,0.12824523448944092,0.9799001924001924,0.9782708032708033,0.9782566971768637,0.9783333333333334
5.604525436334976e-05,0.12967999279499054,0.9797150072150073,0.9782708032708033,0.9782624304643307,0.9783333333333334
2.151072029240216e-05,0.12924286723136902,0.981566859066859,0.9797859547859548,0.9799275409529705,0.98
4.3280223745038406e-05,0.12746363878250122,0.980455747955748,0.978119288119288,0.9784756353268361,0.9783333333333334
1.8295049561819116e-05,0.12876904010772705,0.978570226070226,0.9762674362674363,0.9766820098490002,0.9766666666666667
2.1926164606611565e-05,0.12781214714050293,0.981566859066859,0.9797859547859548,0.9799275409529705,0.98
1.98475520202616e-05,0.129059299826622,0.980455747955748,0.978119288119288,0.9784756353268361,0.9783333333333334
2.04867123159147e-05,0.13193939626216888,0.9818598993598994,0.9796344396344397,0.9798338517212845,0.98
2.4529298514153197e-05,0.12745556235313416,0.980455747955748,0.978119288119288,0.9784756353268361,0.9783333333333334
2.03327338207752e-05,0.12785905599594116,0.980455747955748,0.978119288119288,0.9784756353268361,0.9783333333333334
1.3290047614115489e-05,0.12827810645103455,0.9818598993598994,0.9796344396344397,0.9798338517212845,0.98
2.9542644673104707e-05,0.12302647531032562,0.9796813371813372,0.9779341029341029,0.9781339154751345,0.9783333333333334
1.198649407759452e-05,0.12561440467834473,0.981566859066859,0.9797859547859548,0.9799275409529705,0.98
1.3057589460648463e-05,0.1253131628036499,0.980455747955748,0.978119288119288,0.9784756353268361,0.9783333333333334
2.7476747803234502e-05,0.13197524845600128,0.980455747955748,0.978119288119288,0.9784756353268361,0.9783333333333334
2.0637313646432176e-05,0.12650656700134277,0.981566859066859,0.9797859547859548,0.9799275409529705,0.98
3.0284921763268358e-05,0.13069908320903778,0.9829710104710104,0.9813011063011063,0.9812857573474189,0.9816666666666666
1.2984673124568266e-05,0.13054314255714417,0.981566859066859,0.9797859547859548,0.9799275409529705,0.98
2.689818563794688e-05,0.13060161471366882,0.981566859066859,0.9797859547859548,0.9799275409529705,0.98
1.3626019172837308e-05,0.12763628363609314,0.981566859066859,0.9797859547859548,0.9799275409529705,0.98
1.5506545688973954e-05,0.13152572512626648,0.981566859066859,0.9797859547859548,0.9799275409529705,0.98
1.5406807368852544e-05,0.1268443465232849,0.981566859066859,0.9797859547859548,0.9799275409529705,0.98
2.0053188279689493e-05,0.12990832328796387,0.981566859066859,0.9797859547859548,0.9799275409529705,0.98
1.8724202665983587e-05,0.1292114555835724,0.9810854885854886,0.9794492544492545,0.9794921318695828,0.98
1.2719233761041929e-05,0.1290615051984787,0.9810854885854886,0.9794492544492545,0.9794921318695828,0.98
1.6320745250671582e-05,0.12982237339019775,0.9787890812890813,0.9766041366041366,0.9768047915507293,0.9766666666666667
3.037432836094922e-05,0.12966632843017578,0.9787890812890813,0.9766041366041366,0.9768047915507293,0.9766666666666667
1.5706618512467685e-05,0.13010618090629578,0.9796813371813372,0.9779341029341029,0.9781339154751345,0.9783333333333334
2.1153092262693463e-05,0.12646648287773132,0.981566859066859,0.9797859547859548,0.9799275409529705,0.98
1.2108484971425545e-05,0.1276114284992218,0.9796813371813372,0.9779341029341029,0.9781339154751345,0.9783333333333334
1.1970599463969242e-05,0.1230863556265831,0.9780146705146705,0.9764189514189514,0.9764630716990276,0.9766666666666667
1.7231106625104076e-05,0.12603244185447693,0.9796813371813372,0.9779341029341029,0.9781339154751345,0.9783333333333334
1.540680723148095e-05,0.12833836674690247,0.981566859066859,0.9797859547859548,0.9799275409529705,0.98
9.871920118105967e-06,0.12844286859035492,0.981566859066859,0.9797859547859548,0.9799275409529705,0.98
3.470659225494425e-05,0.13001184165477753,0.9780146705146705,0.9764189514189514,0.9764630716990276,0.9766666666666667
1.2062986807374424e-05,0.1247701570391655,0.9780146705146705,0.9764189514189514,0.9764630716990276,0.9766666666666667
1.3943513257193748e-05,0.12815546989440918,0.981566859066859,0.9797859547859548,0.9799275409529705,0.98
1.3980071036219973e-05,0.1295245885848999,0.981566859066859,0.9797859547859548,0.9799275409529705,0.98
2.234180759804379e-05,0.13107995688915253,0.981566859066859,0.9797859547859548,0.9799275409529705,0.98
1.895248890093626e-05,0.12888237833976746,0.980455747955748,0.978119288119288,0.9784756353268361,0.9783333333333334
2.0388762199748573e-05,0.1263982057571411,0.981566859066859,0.9797859547859548,0.9799275409529705,0.98
1.1229117736396196e-05,0.1279059797525406,0.9780146705146705,0.9764189514189514,0.9764630716990276,0.9766666666666667
1.3222098284397058e-05,0.12852248549461365,0.981566859066859,0.9797859547859548,0.9799275409529705,0.98
1.1894106753137143e-05,0.12690868973731995,0.9780146705146705,0.9764189514189514,0.9764630716990276,0.9766666666666667
1.5058716291112736e-05,0.12659528851509094,0.9796813371813372,0.9779341029341029,0.9781339154751345,0.9783333333333334
1.8141468387966597e-05,0.1258300244808197,0.9780146705146705,0.9764189514189514,0.9764630716990276,0.9766666666666667
1.1954307770641511e-05,0.12608280777931213,0.981566859066859,0.9797859547859548,0.9799275409529705,0.98
1.544098068488135e-05,0.12740805745124817,0.981566859066859,0.9797859547859548,0.9799275409529705,0.98
1.0258158042120158e-05,0.12658387422561646,0.9796813371813372,0.9779341029341029,0.9781339154751345,0.9783333333333334
7.177193933690281e-06,0.12519755959510803,0.9796813371813372,0.9779341029341029,0.9781339154751345,0.9783333333333334
1.2773672632230651e-05,0.12705200910568237,0.981566859066859,0.9797859547859548,0.9799275409529705,0.98
1.4963547400270727e-05,0.12586376070976257,0.981566859066859,0.9797859547859548,0.9799275409529705,0.98
2.032876047527073e-05,0.12729968130588531,0.9796813371813372,0.9779341029341029,0.9781339154751345,0.9783333333333334
9.043415464778567e-06,0.12840420007705688,0.981566859066859,0.9797859547859548,0.9799275409529705,0.98
2.1187861458808282e-05,0.1342187225818634,0.9810854885854886,0.9794492544492545,0.9794921318695828,0.98
1.5062690053468941e-05,0.13093328475952148,0.981566859066859,0.9797859547859548,0.9799275409529705,0.98
1.2396772727167141e-05,0.12484224885702133,0.9796813371813372,0.9779341029341029,0.9781339154751345,0.9783333333333334
1.74190600290558e-05,0.12918759882450104,0.981566859066859,0.9797859547859548,0.9799275409529705,0.98
1.4866789115330903e-05,0.12944208085536957,0.981566859066859,0.9797859547859548,0.9799275409529705,0.98
7.666945454805804e-06,0.12864573299884796,0.981566859066859,0.9797859547859548,0.9799275409529705,0.98
9.044408765627546e-06,0.12774348258972168,0.981566859066859,0.9797859547859548,0.9799275409529705,0.98
1.793642838284389e-05,0.12862858176231384,0.981566859066859,0.9797859547859548,0.9799275409529705,0.98
7.7495972353366e-06,0.12882398068904877,0.9780146705146705,0.9764189514189514,0.9764630716990276,0.9766666666666667
9.439190283918228e-06,0.1294483244419098,0.981566859066859,0.9797859547859548,0.9799275409529705,0.98
1.7581780736482717e-05,0.1285679191350937,0.981566859066859,0.9797859547859548,0.9799275409529705,0.98
8.572538637470947e-06,0.12982569634914398,0.9796813371813372,0.9779341029341029,0.9781339154751345,0.9783333333333334
1.2304385341129395e-05,0.1285383403301239,0.9796813371813372,0.9779341029341029,0.9781339154751345,0.9783333333333334
1.0795195985717024e-05,0.12971141934394836,0.981566859066859,0.9797859547859548,0.9799275409529705,0.98
6.432135933209793e-06,0.1286783069372177,0.9796813371813372,0.9779341029341029,0.9781339154751345,0.9783333333333334
6.526907256443337e-06,0.1318204700946808,0.9796813371813372,0.9779341029341029,0.9781339154751345,0.9783333333333334
4.646182053609967e-06,0.13006481528282166,0.981566859066859,0.9797859547859548,0.9799275409529705,0.98
1.8517970848582383e-05,0.12989521026611328,0.9780146705146705,0.9764189514189514,0.9764630716990276,0.9766666666666667
1.2859702138712237e-05,0.1306685507297516,0.9796813371813372,0.9779341029341029,0.9781339154751345,0.9783333333333334
7.434288704644132e-06,0.13389430940151215,0.9829710104710104,0.9813011063011063,0.9812857573474189,0.9816666666666666
7.544557206529134e-06,0.13543373346328735,0.981566859066859,0.9797859547859548,0.9799275409529705,0.98
8.059740153498751e-06,0.12965312600135803,0.9810854885854886,0.9794492544492545,0.9794921318695828,0.98
1.006722433298061e-05,0.12984558939933777,0.9829710104710104,0.9813011063011063,0.9812857573474189,0.9816666666666666
2.608597300953382e-05,0.1272479146718979,0.9781746031746033,0.9761874699374699,0.9763724454524585,0.9766666666666666
9.456276875615307e-06,0.1288682073354721,0.9798412698412698,0.9777026214526215,0.9780432892285654,0.9783333333333334
7.997552491663859e-06,0.12875083088874817,0.9762890812890813,0.9743356180856181,0.9745788199746225,0.975
2.3364822439475574e-05,0.12868458032608032,0.9798412698412698,0.9777026214526215,0.9780432892285654,0.9783333333333334
6.384253507481692e-06,0.12654182314872742,0.977955747955748,0.9758507696007697,0.9762496637507293,0.9766666666666667
1.4256834646175776e-05,0.12682631611824036,0.977955747955748,0.9758507696007697,0.9762496637507293,0.9766666666666667
9.932518035308627e-06,0.1257837414741516,0.9762890812890813,0.9743356180856181,0.9745788199746225,0.975
5.593895897012165e-06,0.1259034276008606,0.9762890812890813,0.9743356180856181,0.9745788199746225,0.975
8.608500204824546e-06,0.1280968189239502,0.9762890812890813,0.9743356180856181,0.9745788199746225,0.975
1.0450879595206667e-05,0.12680715322494507,0.9762890812890813,0.9743356180856181,0.9745788199746225,0.975
5.221565570442029e-06,0.12829791009426117,0.9798412698412698,0.9777026214526215,0.9780432892285654,0.9783333333333334
1.2683868320095826e-05,0.12597547471523285,0.977955747955748,0.9758507696007697,0.9762496637507293,0.9766666666666667
1.5195012286047435e-05,0.1274673193693161,0.9762890812890813,0.9743356180856181,0.9745788199746225,0.975
7.688005818332991e-06,0.12770992517471313,0.9762890812890813,0.9743356180856181,0.9745788199746225,0.975
8.33888851066907e-06,0.12612126767635345,0.9762890812890813,0.9743356180856181,0.9745788199746225,0.975
8.496244615704049e-06,0.1278650462627411,0.977955747955748,0.9758507696007697,0.9762496637507293,0.9766666666666667
5.9711933459993816e-06,0.12875068187713623,0.9798412698412698,0.9777026214526215,0.9780432892285654,0.9783333333333334
1.3119776942479197e-05,0.12778334319591522,0.9798412698412698,0.9777026214526215,0.9780432892285654,0.9783333333333334
1.2664993657078108e-05,0.12503176927566528,0.9762890812890813,0.9743356180856181,0.9745788199746225,0.975
9.184678485022838e-06,0.1272110641002655,0.9781746031746033,0.9761874699374699,0.9763724454524585,0.9766666666666666
8.05974009191838e-06,0.12849268317222595,0.9798412698412698,0.9777026214526215,0.9780432892285654,0.9783333333333334
7.870594581997162e-06,0.128563791513443,0.977955747955748,0.9758507696007697,0.9762496637507293,0.9766666666666667
9.497006757896997e-06,0.1268756091594696,0.9762890812890813,0.9743356180856181,0.9745788199746225,0.975
1.0511080496655723e-05,0.12841682136058807,0.9762890812890813,0.9743356180856181,0.9745788199746225,0.975
6.375908853328838e-06,0.12705211341381073,0.9798412698412698,0.9777026214526215,0.9780432892285654,0.9783333333333334
1.5084346308924523e-05,0.13108882308006287,0.9798412698412698,0.9777026214526215,0.9780432892285654,0.9783333333333334
5.254149466319784e-06,0.12898939847946167,0.9798412698412698,0.9777026214526215,0.9780432892285654,0.9783333333333334
1.1452634958904659e-05,0.1253466010093689,0.9762890812890813,0.9743356180856181,0.9745788199746225,0.975
6.7285696540390445e-06,0.12326189130544662,0.977955747955748,0.9758507696007697,0.9762496637507293,0.9766666666666667
6.72360259557081e-06,0.12516513466835022,0.977955747955748,0.9758507696007697,0.9762496637507293,0.9766666666666667
7.09156190481508e-06,0.12909919023513794,0.9793598993598994,0.9773659211159211,0.9776078801451776,0.9783333333333334
9.809732401796131e-06,0.12546947598457336,0.977955747955748,0.9758507696007697,0.9762496637507293,0.9766666666666667
7.4944893787195115e-06,0.12839311361312866,0.9798412698412698,0.9777026214526215,0.9780432892285654,0.9783333333333334
1.166780758647216e-05,0.12456877529621124,0.9762890812890813,0.9743356180856181,0.9745788199746225,0.975
8.035699413729466e-06,0.1292092204093933,0.9798412698412698,0.9777026214526215,0.9780432892285654,0.9783333333333334
1.2556513463361322e-05,0.12997853755950928,0.9793598993598994,0.9773659211159211,0.9776078801451776,0.9783333333333334
1.1366605643085373e-05,0.12822598218917847,0.9829710104710104,0.9813011063011063,0.9812857573474189,0.9816666666666666
1.3178388442725009e-05,0.1276407390832901,0.9798412698412698,0.9777026214526215,0.9780432892285654,0.9783333333333334
1.238544789809263e-05,0.12677228450775146,0.977955747955748,0.9758507696007697,0.9762496637507293,0.9766666666666667
7.655024456691232e-06,0.12692922353744507,0.981566859066859,0.9797859547859548,0.9799275409529705,0.98
5.188385574210012e-06,0.13054029643535614,0.981566859066859,0.9797859547859548,0.9799275409529705,0.98
8.445381991369535e-06,0.12728744745254517,0.9762890812890813,0.9743356180856181,0.9745788199746225,0.975
6.131927283566559e-06,0.12739431858062744,0.9781746031746033,0.9761874699374699,0.9763724454524585,0.9766666666666666
5.822380368651163e-06,0.1278373748064041,0.977955747955748,0.9758507696007697,0.9762496637507293,0.9766666666666667
5.427598947467989e-06,0.12705489993095398,0.977955747955748,0.9758507696007697,0.9762496637507293,0.9766666666666667
1.0291338090458643e-05,0.12726998329162598,0.981566859066859,0.9797859547859548,0.9799275409529705,0.98
5.038976690722545e-06,0.1266201138496399,0.981566859066859,0.9797859547859548,0.9799275409529705,0.98
9.22580571227627e-06,0.12541316449642181,0.977955747955748,0.9758507696007697,0.9762496637507293,0.9766666666666667
2.0639300238656233e-05,0.12822051346302032,0.9798412698412698,0.9777026214526215,0.9780432892285654,0.9783333333333334
8.656581149087591e-06,0.12414316833019257,0.9762890812890813,0.9743356180856181,0.9745788199746225,0.975
4.8547982819021245e-06,0.12889786064624786,0.9829710104710104,0.9813011063011063,0.9812857573474189,0.9816666666666666
4.6775141062956514e-05,0.1258571594953537,0.9796813371813372,0.9779341029341029,0.9781339154751345,0.9783333333333334
6.420016298136488e-06,0.12618577480316162,0.9796813371813372,0.9779341029341029,0.9781339154751345,0.9783333333333334
7.599989544360142e-06,0.12394723296165466,0.9796813371813372,0.9779341029341029,0.9781339154751345,0.9783333333333334
8.28941672755453e-06,0.12314233183860779,0.981566859066859,0.9797859547859548,0.9799275409529705,0.98
6.728371052607447e-06,0.12568756937980652,0.9810854885854886,0.9794492544492545,0.9794921318695828,0.98
6.867845821526923e-06,0.1273362934589386,0.9796813371813372,0.9779341029341029,0.9781339154751345,0.9783333333333334
2.245227447161824e-05,0.12736302614212036,0.9810854885854886,0.9794492544492545,0.9794921318695828,0.98
6.026426947395673e-06,0.12439046800136566,0.9810854885854886,0.9794492544492545,0.9794921318695828,0.98
5.710125014009766e-06,0.12348075956106186,0.9796813371813372,0.9779341029341029,0.9781339154751345,0.9783333333333334
6.584525091094899e-06,0.13063639402389526,0.9810854885854886,0.9794492544492545,0.9794921318695828,0.98
1.5774170127732152e-05,0.12741374969482422,0.9810854885854886,0.9794492544492545,0.9794921318695828,0.98
6.147623063649614e-06,0.1276482194662094,0.9810854885854886,0.9794492544492545,0.9794921318695828,0.98
4.840691881706031e-06,0.12989574670791626,0.9810854885854886,0.9794492544492545,0.9794921318695828,0.98
7.0176520428807026e-06,0.12378259748220444,0.9810854885854886,0.9794492544492545,0.9794921318695828,0.98
6.25669957325196e-06,0.12679575383663177,0.981566859066859,0.9797859547859548,0.9799275409529705,0.98
5.295276648572174e-06,0.12457959353923798,0.9796813371813372,0.9779341029341029,0.9781339154751345,0.9783333333333334
3.3414364134879784e-06,0.1265801638364792,0.9810854885854886,0.9794492544492545,0.9794921318695828,0.98
8.274714061210867e-06,0.12718114256858826,0.9810854885854886,0.9794492544492545,0.9794921318695828,0.98
4.033645057669825e-06,0.1252036839723587,0.9810854885854886,0.9794492544492545,0.9794921318695828,0.98
7.492701151079473e-06,0.129107266664505,0.9810854885854886,0.9794492544492545,0.9794921318695828,0.98
4.958311698999296e-06,0.12558330595493317,0.9796813371813372,0.9779341029341029,0.9781339154751345,0.9783333333333334
4.409154234015962e-06,0.12308292090892792,0.9796813371813372,0.9779341029341029,0.9781339154751345,0.9783333333333334
7.843772664273274e-06,0.1241416335105896,0.9796813371813372,0.9779341029341029,0.9781339154751345,0.9783333333333334
4.917383255550097e-06,0.12688572704792023,0.9810854885854886,0.9794492544492545,0.9794921318695828,0.98
1.0851224402586013e-05,0.12787824869155884,0.9810854885854886,0.9794492544492545,0.9794921318695828,0.98
5.114277219793924e-06,0.1255091279745102,0.9810854885854886,0.9794492544492545,0.9794921318695828,0.98
9.412566713014789e-06,0.12722377479076385,0.9810854885854886,0.9794492544492545,0.9794921318695828,0.98
4.4264395976748956e-06,0.12488599866628647,0.9796813371813372,0.9779341029341029,0.9781339154751345,0.9783333333333334
8.040666549173162e-06,0.12666559219360352,0.9810854885854886,0.9794492544492545,0.9794921318695828,0.98
5.038380635369322e-06,0.1253311187028885,0.9810854885854886,0.9794492544492545,0.9794921318695828,0.98
4.593332600203818e-06,0.12462463229894638,0.9796813371813372,0.9779341029341029,0.9781339154751345,0.9783333333333334
7.1744123613844595e-06,0.12494730949401855,0.9796813371813372,0.9779341029341029,0.9781339154751345,0.9783333333333334
5.389849308793752e-06,0.12893614172935486,0.9810854885854886,0.9794492544492545,0.9794921318695828,0.98
5.3830941505831715e-06,0.12731385231018066,0.9829710104710104,0.9813011063011063,0.9812857573474189,0.9816666666666666
7.068316124995515e-06,0.12272530794143677,0.9762890812890813,0.9743356180856181,0.9745788199746225,0.975
5.783438706904083e-06,0.1279628723859787,0.9810854885854886,0.9794492544492545,0.9794921318695828,0.98
6.132324564589453e-06,0.12871377170085907,0.981566859066859,0.9797859547859548,0.9799275409529705,0.98
7.609327596469484e-06,0.12631332874298096,0.981566859066859,0.9797859547859548,0.9799275409529705,0.98
4.942019783034842e-06,0.12698224186897278,0.9796813371813372,0.9779341029341029,0.9781339154751345,0.9783333333333334
7.512370771678434e-06,0.12646129727363586,0.9796813371813372,0.9779341029341029,0.9781339154751345,0.9783333333333334
5.669792526437807e-06,0.1293548047542572,0.9810854885854886,0.9794492544492545,0.9794921318695828,0.98
5.508263934454287e-06,0.12729895114898682,0.981566859066859,0.9797859547859548,0.9799275409529705,0.98
1.4652808673076834e-05,0.128525048494339,0.9810854885854886,0.9794492544492545,0.9794921318695828,0.98
3.580252306771096e-06,0.12596850097179413,0.9810854885854886,0.9794492544492545,0.9794921318695828,0.98
9.282827197883611e-06,0.12593983113765717,0.9810854885854886,0.9794492544492545,0.9794921318695828,0.98
6.119410140096686e-06,0.12828917801380157,0.9810854885854886,0.9794492544492545,0.9794921318695828,0.98
5.760590103894477e-06,0.12507593631744385,0.981566859066859,0.9797859547859548,0.9799275409529705,0.98
4.178285612018347e-06,0.12511496245861053,0.9810854885854886,0.9794492544492545,0.9794921318695828,0.98
7.661382542304787e-06,0.12719660997390747,0.9810854885854886,0.9794492544492545,0.9794921318695828,0.98
3.671844816940014e-06,0.1283387541770935,0.9810854885854886,0.9794492544492545,0.9794921318695828,0.98
4.055499995085181e-06,0.12644490599632263,0.981566859066859,0.9797859547859548,0.9799275409529705,0.98
1.3522306910355534e-05,0.1255463808774948,0.9796813371813372,0.9779341029341029,0.9781339154751345,0.9783333333333334
3.934105265557264e-06,0.12592147290706635,0.9810854885854886,0.9794492544492545,0.9794921318695828,0.98
3.66389751841704e-06,0.12813684344291687,0.9810854885854886,0.9794492544492545,0.9794921318695828,0.98
5.466341955677005e-06,0.12792393565177917,0.9810854885854886,0.9794492544492545,0.9794921318695828,0.98
5.277395265087155e-06,0.12687788903713226,0.9796813371813372,0.9779341029341029,0.9781339154751345,0.9783333333333334
5.295276752785109e-06,0.12169431895017624,0.9796813371813372,0.9779341029341029,0.9781339154751345,0.9783333333333334
4.1337807772379165e-06,0.12494250386953354,0.9796813371813372,0.9779341029341029,0.9781339154751345,0.9783333333333334
3.6450226931587317e-06,0.1279287040233612,0.9810854885854886,0.9794492544492545,0.9794921318695828,0.98
3.5230318336706055e-06,0.12618696689605713,0.9796813371813372,0.9779341029341029,0.9781339154751345,0.9783333333333334
8.25107105602759e-06,0.1264135241508484,0.981566859066859,0.9797859547859548,0.9799275409529705,0.98
7.683038610650783e-06,0.1290486752986908,0.981566859066859,0.9797859547859548,0.9799275409529705,0.98
9.414752399313405e-06,0.12400203198194504,0.9810854885854886,0.9794492544492545,0.9794921318695828,0.98
4.606842992416205e-06,0.12588699162006378,0.9796813371813372,0.9779341029341029,0.9781339154751345,0.9783333333333334
4.485845494173191e-06,0.1270793080329895,0.9810854885854886,0.9794492544492545,0.9794921318695828,0.98
4.0757656236678486e-06,0.13032881915569305,0.9829710104710104,0.9813011063011063,0.9812857573474189,0.9816666666666666
4.867513894168951e-06,0.13166387379169464,0.9829710104710104,0.9813011063011063,0.9812857573474189,0.9816666666666666
2.9065211582709103e-06,0.12456478923559189,0.9796813371813372,0.9779341029341029,0.9781339154751345,0.9783333333333334
5.999207537854545e-06,0.12846136093139648,0.9810854885854886,0.9794492544492545,0.9794921318695828,0.98
5.291700366190828e-06,0.12969738245010376,0.9810854885854886,0.9794492544492545,0.9794921318695828,0.98
3.56435775946314e-06,0.12663905322551727,0.9796813371813372,0.9779341029341029,0.9781339154751345,0.9783333333333334
4.238088891976115e-06,0.12836742401123047,0.9810854885854886,0.9794492544492545,0.9794921318695828,0.98
5.010763765985378e-06,0.12782403826713562,0.981566859066859,0.9797859547859548,0.9799275409529705,0.98
3.2790501786431983e-06,0.1271287202835083,0.9829710104710104,0.9813011063011063,0.9812857573474189,0.9816666666666666
5.516012429040984e-06,0.1276141107082367,0.9829710104710104,0.9813011063011063,0.9812857573474189,0.9816666666666666
1.7465551052235167e-05,0.12808389961719513,0.9796813371813372,0.9779341029341029,0.9781339154751345,0.9783333333333334
4.545052841346357e-06,0.1277674436569214,0.9810854885854886,0.9794492544492545,0.9794921318695828,0.98
4.323323568182029e-06,0.12892954051494598,0.9810854885854886,0.9794492544492545,0.9794921318695828,0.98
4.934668522101522e-06,0.129982590675354,0.9829710104710104,0.9813011063011063,0.9812857573474189,0.9816666666666666
5.9483447797011495e-06,0.12882575392723083,0.9796813371813372,0.9779341029341029,0.9781339154751345,0.9783333333333334
1.496116311964594e-05,0.1278301477432251,0.981566859066859,0.9797859547859548,0.9799275409529705,0.98
8.446176913423642e-06,0.1289225071668625,0.9810854885854886,0.9794492544492545,0.9794921318695828,0.98
6.8092346244460105e-06,0.12762440741062164,0.9796813371813372,0.9779341029341029,0.9781339154751345,0.9783333333333334
4.1540463750304e-06,0.12760934233665466,0.9796813371813372,0.9779341029341029,0.9781339154751345,0.9783333333333334
4.457235403284206e-06,0.1275680661201477,0.9810854885854886,0.9794492544492545,0.9794921318695828,0.98
2.9947360360438324e-06,0.12679634988307953,0.9796813371813372,0.9779341029341029,0.9781339154751345,0.9783333333333334
8.188287495158875e-06,0.125905379652977,0.9780146705146705,0.9764189514189514,0.9764630716990276,0.9766666666666667
6.2533220723063705e-06,0.13166891038417816,0.9810854885854886,0.9794492544492545,0.9794921318695828,0.98
3.0545393746213754e-06,0.13274550437927246,0.9829710104710104,0.9813011063011063,0.9812857573474189,0.9816666666666666
6.708900106862832e-06,0.13181287050247192,0.9810854885854886,0.9794492544492545,0.9794921318695828,0.98
4.703005172264814e-06,0.12886828184127808,0.9829710104710104,0.9813011063011063,0.9812857573474189,0.9816666666666666
3.4946203205284596e-06,0.12952864170074463,0.9794188219188219,0.977934102934103,0.9778212880934759,0.9783333333333334
2.6947259996745743e-06,0.13130955398082733,0.981566859066859,0.9797859547859548,0.9799275409529705,0.98
4.7008195818894665e-06,0.12637010216712952,0.981566859066859,0.9797859547859548,0.9799275409529705,0.98
2.8906265541195353e-06,0.12862110137939453,0.981566859066859,0.9797859547859548,0.9799275409529705,0.98
4.069606449756217e-06,0.12767648696899414,0.9810854885854886,0.9794492544492545,0.9794921318695828,0.98
6.9741408618521445e-06,0.12933608889579773,0.981566859066859,0.9797859547859548,0.9799275409529705,0.98
8.398890431730402e-06,0.12859228253364563,0.981566859066859,0.9797859547859548,0.9799275409529705,0.98
3.3098458918819538e-06,0.13062787055969238,0.981566859066859,0.9797859547859548,0.9799275409529705,0.98
5.1112969039479594e-06,0.1294955313205719,0.9810854885854886,0.9794492544492545,0.9794921318695828,0.98
1.020113603189543e-05,0.1291966289281845,0.9829710104710104,0.9813011063011063,0.9812857573474189,0.9816666666666666
3.753105789409498e-06,0.13049980998039246,0.9829710104710104,0.9813011063011063,0.9812857573474189,0.9816666666666666
3.977417956472588e-06,0.12744037806987762,0.9796813371813372,0.9779341029341029,0.9781339154751345,0.9783333333333334
6.212393586224607e-06,0.12730982899665833,0.9810854885854886,0.9794492544492545,0.9794921318695828,0.98
3.201762800368139e-06,0.12988358736038208,0.9810854885854886,0.9794492544492545,0.9794921318695828,0.98
6.676713508587302e-06,0.13275295495986938,0.9829710104710104,0.9813011063011063,0.9812857573474189,0.9816666666666666
3.5699208424944118e-06,0.12757451832294464,0.9796813371813372,0.9779341029341029,0.9781339154751345,0.9783333333333334
3.695686631980758e-06,0.12897838652133942,0.9810854885854886,0.9794492544492545,0.9794921318695828,0.98
7.0579846701927336e-06,0.1307220160961151,0.9796813371813372,0.9779341029341029,0.9781339154751345,0.9783333333333334
2.9697020475320337e-06,0.12873589992523193,0.981566859066859,0.9797859547859548,0.9799275409529705,0.98
1.0356306925511186e-05,0.1298103779554367,0.9829710104710104,0.9813011063011063,0.9812857573474189,0.9816666666666666
4.792809489136592e-06,0.12878090143203735,0.9810854885854886,0.9794492544492545,0.9794921318695828,0.98
4.245638817697757e-06,0.13040119409561157,0.9810854885854886,0.9794492544492545,0.9794921318695828,0.98
2.983212509614456e-06,0.12817025184631348,0.981566859066859,0.9797859547859548,0.9799275409529705,0.98
7.1905057836829656e-06,0.12936370074748993,0.981566859066859,0.9797859547859548,0.9799275409529705,0.98
4.472136511187348e-06,0.13089142739772797,0.981566859066859,0.9797859547859548,0.9799275409529705,0.98
3.0438105037925802e-06,0.12707525491714478,0.9796813371813372,0.9779341029341029,0.9781339154751345,0.9783333333333334
3.4236907993090426e-06,0.13331961631774902,0.9810854885854886,0.9794492544492545,0.9794921318695828,0.98
4.7089655789515445e-06,0.12973707914352417,0.9810854885854886,0.9794492544492545,0.9794921318695828,0.98
4.404981910492249e-06,0.13207511603832245,0.9810854885854886,0.9794492544492545,0.9794921318695828,0.98
4.842877442475431e-06,0.12753602862358093,0.9796813371813372,0.9779341029341029,0.9781339154751345,0.9783333333333334
3.0187765626502974e-06,0.13199260830879211,0.9810854885854886,0.9794492544492545,0.9794921318695828,0.98
2.113183316036308e-06,0.12763136625289917,0.9796813371813372,0.9779341029341029,0.9781339154751345,0.9783333333333334
2.7197599295665973e-06,0.12737324833869934,0.9780146705146705,0.9764189514189514,0.9764630716990276,0.9766666666666667
5.295276572780949e-06,0.126823291182518,0.9796813371813372,0.9779341029341029,0.9781339154751345,0.9783333333333334
4.24504280438498e-06,0.12769655883312225,0.9796813371813372,0.9779341029341029,0.9781339154751345,0.9783333333333334
3.556211765953776e-06,0.12966591119766235,0.9796813371813372,0.9779341029341029,0.9781339154751345,0.9783333333333334
4.502137495402773e-06,0.12901467084884644,0.981566859066859,0.9797859547859548,0.9799275409529705,0.98
6.183187093000697e-06,0.12915600836277008,0.981566859066859,0.9797859547859548,0.9799275409529705,0.98
5.256930947439287e-06,0.1290799379348755,0.9796813371813372,0.9779341029341029,0.9781339154751345,0.9783333333333334
3.6260882275485073e-05,0.10776335000991821,0.979033189033189,0.9782708032708033,0.9783230934855202,0.9783333333333334
7.108251118381759e-06,0.10614655911922455,0.9806998556998557,0.9797859547859549,0.979993937261627,0.98
3.059705111496669e-06,0.10579709708690643,0.9806998556998557,0.9797859547859549,0.979993937261627,0.98
7.991790814306418e-06,0.1067207083106041,0.9824254449254449,0.9818692881192881,0.9818781889860322,0.9816666666666666
2.8961897082050805e-06,0.10447841882705688,0.9806998556998557,0.9797859547859549,0.979993937261627,0.98
1.2951691886087247e-05,0.10917966067790985,0.9825517075517075,0.9816378066378068,0.9819547215753525,0.9816666666666666
3.991325686551288e-06,0.10847979784011841,0.979033189033189,0.9782708032708033,0.9783230934855202,0.9783333333333334
4.410743701536528e-06,0.10824613273143768,0.9806998556998557,0.9797859547859549,0.979993937261627,0.98
2.7507543679898086e-06,0.10723327100276947,0.9806998556998557,0.9797859547859549,0.979993937261627,0.98
3.7817160354336465e-06,0.10927474498748779,0.9824254449254449,0.9818692881192881,0.9818781889860322,0.9816666666666666
4.328091947058965e-06,0.1073685735464096,0.9806998556998557,0.9797859547859549,0.979993937261627,0.98
3.972450853003314e-06,0.10770123451948166,0.9806998556998557,0.9797859547859549,0.979993937261627,0.98
2.690156256572133e-06,0.10876856744289398,0.9806998556998557,0.9797859547859549,0.979993937261627,0.98
6.864070911660747e-06,0.10900445282459259,0.9806998556998557,0.9797859547859549,0.979993937261627,0.98
2.726117784845883e-06,0.1081039309501648,0.9806998556998557,0.9797859547859549,0.979993937261627,0.98
2.37862269851045e-06,0.10836295783519745,0.9806998556998557,0.9797859547859549,0.979993937261627,0.98
4.799365878938033e-06,0.10995833575725555,0.9806998556998557,0.9797859547859549,0.979993937261627,0.98
3.999670320572098e-06,0.10803696513175964,0.9822607022607022,0.9815325877825879,0.9812674941884234,0.9816666666666666
4.0515263653636184e-06,0.10872505605220795,0.9824254449254449,0.9818692881192881,0.9818781889860322,0.9816666666666666
5.524357164906253e-06,0.10615231841802597,0.980535113035113,0.9794492544492545,0.9793832424640182,0.98
4.121065207603654e-06,0.10757043957710266,0.9806998556998557,0.9797859547859549,0.979993937261627,0.98
7.806022924938816e-06,0.10917943716049194,0.9806998556998557,0.9797859547859549,0.979993937261627,0.98
6.2876939637135365e-06,0.10947030037641525,0.9806998556998557,0.9797859547859549,0.979993937261627,0.98
2.864996594335404e-06,0.10938962548971176,0.9806998556998557,0.9797859547859549,0.979993937261627,0.98
1.628617485257185e-05,0.10703247040510178,0.9806998556998557,0.9797859547859549,0.979993937261627,0.98
3.951191940150996e-06,0.10796475410461426,0.9806998556998557,0.9797859547859549,0.979993937261627,0.98
4.772345231884856e-06,0.10853753983974457,0.9806998556998557,0.9797859547859549,0.979993937261627,0.98
2.754330618396731e-06,0.10979869961738586,0.9824254449254449,0.9818692881192881,0.9818781889860322,0.9816666666666666
5.962451235556425e-06,0.11055584996938705,0.9793598993598994,0.9773659211159211,0.9776078801451776,0.9783333333333334
4.393855685217811e-06,0.11092036962509155,0.9810854885854886,0.9794492544492545,0.9794921318695828,0.98
3.1338135417039816e-06,0.11189824342727661,0.980535113035113,0.9794492544492545,0.9793832424640182,0.98
3.0829508782896178e-06,0.11211025714874268,0.9824254449254449,0.9818692881192881,0.9818781889860322,0.9816666666666666
3.4475326463242104e-06,0.11162209510803223,0.9796813371813372,0.9779341029341029,0.9781339154751345,0.9783333333333334
3.219048175869451e-06,0.1117490753531456,0.9793598993598994,0.9773659211159211,0.9776078801451776,0.9783333333333334
4.376967757716936e-06,0.11066627502441406,0.9824254449254449,0.9818692881192881,0.9818781889860322,0.9816666666666666
8.462071427572937e-06,0.11552306264638901,0.9810854885854886,0.9794492544492545,0.9794921318695828,0.98
8.886655075220537e-06,0.11346493661403656,0.9806998556998557,0.9797859547859549,0.979993937261627,0.98
3.871917742278204e-06,0.1129627451300621,0.9806998556998557,0.9797859547859549,0.979993937261627,0.98
1.7990668463122954e-06,0.11280412971973419,0.9792183742183743,0.977934102934103,0.9780195363901673,0.9783333333333334
7.605950088418467e-06,0.11364647001028061,0.9806998556998557,0.9797859547859549,0.979993937261627,0.98
3.432631521841737e-06,0.11257664859294891,0.980535113035113,0.9794492544492545,0.9793832424640182,0.98
3.3684571908073244e-06,0.11326044052839279,0.9806998556998557,0.9797859547859549,0.979993937261627,0.98
2.7038653567975266e-06,0.1147536039352417,0.9811628186628187,0.9797859547859548,0.9801083163465942,0.98
2.7054548083308796e-06,0.1125815361738205,0.9806998556998557,0.9797859547859549,0.979993937261627,0.98
4.806518494622954e-06,0.11219105124473572,0.9806998556998557,0.9797859547859549,0.979993937261627,0.98
2.7569135170324444e-06,0.11346344649791718,0.9806998556998557,0.9797859547859549,0.979993937261627,0.98
2.1290779237403967e-06,0.11374031007289886,0.9806998556998557,0.9797859547859549,0.979993937261627,0.98
1.8632411856363735e-06,0.11119245737791061,0.9806998556998557,0.9797859547859549,0.979993937261627,0.98
3.94741692370341e-06,0.11232384294271469,0.977955747955748,0.9758507696007697,0.9762496637507293,0.9766666666666667
9.211262186425984e-05,0.13301794230937958,0.9778042328042328,0.9767572705072705,0.9768087199622624,0.9766666666666666
3.0195514412412194e-05,0.12386558949947357,0.9773665223665224,0.9768819143819144,0.9767212628219045,0.9766666666666667
7.084409385053429e-06,0.12547574937343597,0.9761038961038961,0.9747985810485811,0.9749513901824666,0.975
3.929475968552273e-05,0.12421026080846786,0.9806998556998557,0.9797859547859549,0.979993937261627,0.98
6.676117645080619e-06,0.12420147657394409,0.9794372294372294,0.9777026214526215,0.978224064622189,0.9783333333333334
3.1425555870138546e-06,0.1246454119682312,0.9806998556998557,0.9797859547859549,0.979993937261627,0.98
4.080335279136686e-06,0.12536019086837769,0.9792183742183743,0.977934102934103,0.9780195363901673,0.9783333333333334
6.639361487259521e-06,0.12488686293363571,0.9777705627705627,0.9763137325637326,0.9766222339585734,0.9766666666666666
1.03771685976047e-05,0.12208788841962814,0.9794372294372294,0.9777026214526215,0.978224064622189,0.9783333333333334
3.5311778887603396e-06,0.12349925935268402,0.9806998556998557,0.9797859547859549,0.979993937261627,0.98
1.3427933024464286e-05,0.12320899218320847,0.9806998556998557,0.9797859547859549,0.979993937261627,0.98
2.992153195435776e-06,0.12210224568843842,0.9775517075517075,0.9765452140452141,0.9764177057265516,0.9766666666666667
2.0432472235635637e-06,0.12119726836681366,0.9806998556998557,0.9797859547859549,0.979993937261627,0.98
4.580418207685473e-06,0.12288625538349152,0.9806998556998557,0.9797859547859549,0.979993937261627,0.98
0.00022463858440720705,0.16336940228939056,0.9746360583860584,0.973435545935546,0.9735002400650633,0.9733333333333333
0.008000901117578488,0.5286020636558533,0.9172188688790855,0.89505994005994,0.8942745021556208,0.895
0.05292327005008701,0.6203564405441284,0.8747661461632051,0.8640266841002137,0.8601356501082295,0.8650000000000001
0.014110925897208896,0.15277069807052612,0.9584352221852223,0.9583710271210272,0.9571454466880723,0.9566666666666667
0.024874724660548964,0.1691177785396576,0.9673292910792911,0.9640049302549304,0.9641598287474694,0.9633333333333333
0.00697209200643556,1.1602696180343628,0.8761017042538781,0.8344906482406481,0.8337533704724116,0.8300000000000001
0.04390909816599257,0.245046466588974,0.953631253006253,0.9457497594997596,0.9453113184603179,0.945
0.030232543851525406,0.18772974610328674,0.9617322492322492,0.9637071262071261,0.9605630333606509,0.9616666666666666
0.005656980259724757,0.13534429669380188,0.9558462602212602,0.9540895215895215,0.9527804058128782,0.9533333333333331
0.0010562087018115562,0.10020029544830322,0.9668963443963444,0.964282708032708,0.9639668063334983,0.9633333333333334
0.0010990871570205247,0.11359745264053345,0.9707324483795072,0.9675895863395864,0.9681006692304703,0.9683333333333333
0.0014788536016491587,0.1056627556681633,0.9692202242202241,0.9671735209235209,0.966642330127243,0.9666666666666667
